Module:2	 RCU:0	 branch:0	 card:1
742
959
958
883
726
952
950
906
919
931
818
1016
1016
960
756
744
707
874
958
868
950
869
928
905
946
997
951
971
970
991
962
845
Module:2	 RCU:0	 branch:0	 card:2
0
1023
0
1023
0
1021
0
773
0
807
0
1005
0
797
0
808
0
891
0
890
0
847
0
839
0
858
0
878
0
871
0
858
Module:2	 RCU:0	 branch:0	 card:3
761
0
828
0
756
0
840
0
971
0
941
0
718
0
960
0
911
0
904
0
883
0
931
0
932
0
921
0
857
0
851
0
Module:2	 RCU:0	 branch:0	 card:4
926
925
898
895
895
883
866
892
892
933
871
901
784
790
753
786
961
1005
1001
1013
983
986
981
1023
981
1023
1005
1023
1005
1023
1006
996
Module:2	 RCU:0	 branch:0	 card:5
0
836
0
965
0
977
0
826
0
831
0
816
0
821
0
860
0
828
0
813
0
863
0
918
0
924
0
956
0
956
0
956
Module:2	 RCU:0	 branch:0	 card:6
852
0
950
0
954
0
813
0
821
0
916
0
998
0
723
0
1018
0
1023
0
1023
0
1023
0
1023
0
1023
0
1021
0
1023
0
Module:2	 RCU:0	 branch:0	 card:7
808
908
793
836
843
848
923
823
781
901
775
820
832
791
826
853
1023
1023
1023
1023
1023
1023
1023
1023
1023
1023
1023
1023
1023
788
1023
931
Module:2	 RCU:0	 branch:0	 card:8
0
894
0
885
0
923
0
805
0
811
0
887
0
884
0
901
0
1023
0
1023
0
1023
0
1023
0
1023
0
1023
0
1023
0
1023
Module:2	 RCU:0	 branch:0	 card:9
941
0
935
0
801
0
806
0
865
0
874
0
891
0
911
0
1023
0
1023
0
1023
0
1023
0
1023
0
1023
0
1023
0
1023
0
Module:2	 RCU:0	 branch:0	 card:10
951
992
965
762
746
971
958
761
745
1023
946
713
978
711
970
713
1023
1023
1023
1023
1023
1023
1023
1023
1023
1023
1023
1023
1023
958
1023
981
Module:2	 RCU:0	 branch:0	 card:11
0
973
0
963
0
959
0
903
0
888
0
878
0
816
0
892
0
916
0
921
0
941
0
978
0
958
0
943
0
980
0
1023
Module:2	 RCU:0	 branch:0	 card:12
915
0
901
0
912
0
905
0
898
0
913
0
911
0
908
0
965
0
981
0
981
0
960
0
1015
0
998
0
1023
0
1023
0
Module:2	 RCU:0	 branch:0	 card:13
831
851
822
851
831
890
867
850
861
881
849
887
852
887
853
881
1023
1023
1023
976
1023
1023
1023
1023
1023
1023
1023
1023
1023
1023
1023
1023
Module:2	 RCU:0	 branch:0	 card:14
0
781
0
821
0
782
0
817
0
776
0
831
0
791
0
741
0
1023
0
1023
0
1023
0
1023
0
1023
0
1001
0
1016
0
979
Module:2	 RCU:0	 branch:1	 card:1
859
915
816
801
835
880
873
889
901
805
831
815
833
811
900
868
826
801
903
846
918
861
1016
875
908
846
905
906
956
906
959
903
Module:2	 RCU:0	 branch:1	 card:2
0
928
0
942
0
881
0
955
0
894
0
856
0
959
0
948
0
1023
0
1023
0
1023
0
1023
0
920
0
896
0
921
0
918
Module:2	 RCU:0	 branch:1	 card:3
883
0
979
0
955
0
991
0
865
0
992
0
906
0
963
0
956
0
951
0
943
0
953
0
961
0
961
0
1023
0
973
0
Module:2	 RCU:0	 branch:1	 card:4
931
816
1023
1023
1023
836
905
848
1023
848
915
849
866
875
838
864
868
891
862
828
889
918
926
825
930
818
946
900
926
910
895
863
Module:2	 RCU:0	 branch:1	 card:5
0
1023
0
1023
0
1023
0
1023
0
1023
0
1023
0
1023
0
1023
0
794
0
788
0
837
0
807
0
801
0
725
0
723
0
721
Module:2	 RCU:0	 branch:1	 card:6
1023
0
1023
0
1023
0
1023
0
956
0
975
0
970
0
976
0
756
0
759
0
778
0
783
0
788
0
826
0
829
0
828
0
Module:2	 RCU:0	 branch:1	 card:7
986
928
918
893
963
963
921
938
1023
911
896
918
965
1023
940
1023
796
871
796
765
851
791
852
795
769
801
805
888
806
885
840
861
Module:2	 RCU:0	 branch:1	 card:8
0
908
0
1023
0
1023
0
1003
0
1021
0
872
0
1023
0
1023
0
750
0
886
0
890
0
891
0
720
0
736
0
740
0
746
Module:2	 RCU:0	 branch:1	 card:9
1023
0
898
0
1023
0
876
0
1023
0
1023
0
1023
0
1023
0
788
0
786
0
788
0
888
0
941
0
929
0
958
0
940
0
Module:2	 RCU:0	 branch:1	 card:10
1023
1023
1023
1023
1023
1023
962
872
1021
1023
1023
1023
1023
1023
1023
1023
975
954
1023
968
1023
865
893
853
891
915
977
848
978
853
890
908
Module:2	 RCU:0	 branch:1	 card:11
0
1001
0
1023
0
1023
0
1023
0
1023
0
925
0
1023
0
982
0
972
0
907
0
891
0
888
0
976
0
975
0
866
0
901
Module:2	 RCU:0	 branch:1	 card:12
1023
0
1023
0
932
0
1008
0
954
0
1000
0
1001
0
960
0
842
0
831
0
895
0
872
0
855
0
1023
0
977
0
971
0
Module:2	 RCU:0	 branch:1	 card:13
1003
945
986
1017
1023
1023
1023
1023
1017
1018
893
897
950
923
1023
988
995
978
1002
1023
952
1021
963
1023
934
1023
899
1023
1008
1023
1000
975
Module:2	 RCU:0	 branch:1	 card:14
0
991
0
1012
0
993
0
976
0
863
0
983
0
984
0
980
0
867
0
986
0
921
0
1023
0
935
0
858
0
1001
0
911
Module:2	 RCU:1	 branch:0	 card:1
915
0
901
0
912
0
905
0
983
0
913
0
911
0
908
0
805
0
1021
0
1023
0
1023
0
1023
0
1023
0
1007
0
1001
0
Module:2	 RCU:1	 branch:0	 card:2
785
806
947
821
813
824
790
800
810
738
712
939
921
966
804
940
1006
936
1023
945
1019
928
1002
933
951
965
968
949
975
961
996
998
Module:2	 RCU:1	 branch:0	 card:3
0
1005
0
999
0
1003
0
850
0
828
0
853
0
888
0
893
0
908
0
943
0
1023
0
1023
0
1023
0
1011
0
1023
0
1023
Module:2	 RCU:1	 branch:0	 card:4
901
0
888
0
893
0
919
0
910
0
916
0
734
0
755
0
1023
0
1023
0
1023
0
1022
0
1023
0
1023
0
1023
0
1003
0
Module:2	 RCU:1	 branch:0	 card:5
863
948
921
881
933
906
943
936
945
965
906
961
949
943
896
905
1023
976
1023
989
1023
1012
1023
1023
995
1023
1023
1023
1023
1023
1023
1023
Module:2	 RCU:1	 branch:0	 card:6
0
990
0
986
0
936
0
926
0
961
0
921
0
936
0
943
0
824
0
861
0
860
0
861
0
793
0
794
0
783
0
796
Module:2	 RCU:1	 branch:0	 card:7
966
0
945
0
991
0
985
0
965
0
992
0
1010
0
985
0
827
0
833
0
928
0
926
0
917
0
911
0
913
0
913
0
Module:2	 RCU:1	 branch:0	 card:8
738
911
950
804
916
808
911
738
970
751
973
721
955
896
916
881
898
943
971
943
968
856
969
939
831
805
860
988
868
911
943
925
Module:2	 RCU:1	 branch:0	 card:9
0
810
0
873
0
903
0
804
0
766
0
800
0
836
0
811
0
1023
0
1023
0
1023
0
1023
0
1023
0
1023
0
1023
0
1023
Module:2	 RCU:1	 branch:0	 card:10
855
0
833
0
996
0
1023
0
1023
0
1023
0
1023
0
1016
0
1023
0
1023
0
1023
0
1023
0
1023
0
1023
0
1018
0
1016
0
Module:2	 RCU:1	 branch:0	 card:11
931
976
986
1006
975
1000
991
1016
996
1016
837
908
979
926
998
946
1023
957
1023
961
1023
965
1023
971
1023
1023
1023
1023
977
1008
963
998
Module:2	 RCU:1	 branch:0	 card:12
0
768
0
883
0
882
0
908
0
823
0
918
0
918
0
840
0
1023
0
1023
0
1023
0
1023
0
1011
0
1023
0
823
0
895
Module:2	 RCU:1	 branch:0	 card:13
871
0
811
0
877
0
941
0
1008
0
982
0
801
0
765
0
896
0
893
0
904
0
902
0
893
0
872
0
867
0
865
0
Module:2	 RCU:1	 branch:0	 card:14
958
883
726
952
950
906
919
931
818
1016
1016
960
756
744
707
874
958
868
950
869
928
905
946
997
951
971
970
991
962
845
859
915
Module:2	 RCU:1	 branch:1	 card:1
993
0
868
0
1015
0
1008
0
960
0
969
0
1003
0
938
0
978
0
899
0
990
0
983
0
1023
0
1003
0
1016
0
908
0
Module:2	 RCU:1	 branch:1	 card:2
933
958
921
878
866
893
915
903
971
901
971
885
993
947
922
911
954
878
941
888
923
888
936
906
923
908
916
913
921
901
851
901
Module:2	 RCU:1	 branch:1	 card:3
0
920
0
886
0
935
0
756
0
786
0
776
0
808
0
806
0
1023
0
1023
0
1023
0
1023
0
1023
0
1023
0
1023
0
1023
Module:2	 RCU:1	 branch:1	 card:4
929
0
916
0
925
0
963
0
982
0
1023
0
971
0
941
0
1023
0
956
0
953
0
966
0
983
0
981
0
1023
0
1001
0
Module:2	 RCU:1	 branch:1	 card:5
900
955
906
948
929
866
921
868
938
840
925
856
1023
838
1023
854
1010
855
1023
891
1020
1007
966
1002
1023
1001
903
991
851
1015
862
1016
Module:2	 RCU:1	 branch:1	 card:6
0
943
0
937
0
947
0
951
0
982
0
973
0
975
0
962
0
980
0
976
0
971
0
987
0
978
0
923
0
916
0
920
Module:2	 RCU:1	 branch:1	 card:7
865
0
864
0
880
0
811
0
846
0
985
0
818
0
850
0
951
0
944
0
893
0
917
0
891
0
965
0
958
0
888
0
Module:2	 RCU:1	 branch:1	 card:8
968
1023
951
1023
979
1023
962
1023
1000
1023
991
1023
1004
1023
910
1023
940
890
859
866
906
945
931
924
918
900
943
952
945
898
926
940
Module:2	 RCU:1	 branch:1	 card:9
0
1023
0
1023
0
1023
0
1023
0
1023
0
943
0
980
0
1023
0
1023
0
993
0
1016
0
1023
0
1023
0
911
0
946
0
825
Module:2	 RCU:1	 branch:1	 card:10
912
0
1023
0
1023
0
1023
0
1023
0
1017
0
1023
0
971
0
931
0
1023
0
1023
0
1006
0
906
0
913
0
911
0
1023
0
Module:2	 RCU:1	 branch:1	 card:11
1006
1023
1023
933
923
928
973
915
1023
961
1023
961
1023
946
936
933
1021
835
911
1016
1023
1023
1013
1023
1023
996
1023
1011
1014
1023
1023
1023
Module:2	 RCU:1	 branch:1	 card:12
0
997
0
1023
0
1023
0
963
0
994
0
951
0
948
0
939
0
958
0
946
0
976
0
970
0
998
0
970
0
785
0
789
Module:2	 RCU:1	 branch:1	 card:13
916
0
1023
0
1023
0
1003
0
974
0
896
0
900
0
982
0
865
0
862
0
1023
0
1023
0
946
0
931
0
828
0
896
0
Module:2	 RCU:1	 branch:1	 card:14
816
801
835
880
873
889
901
805
831
815
833
811
900
868
826
801
903
846
918
861
1016
875
908
846
905
906
956
906
959
903
788
903
Module:2	 RCU:2	 branch:0	 card:1
788
903
713
720
886
796
785
888
791
861
753
858
693
816
816
763
749
741
890
858
830
859
831
855
843
871
852
958
893
922
917
877
Module:2	 RCU:2	 branch:0	 card:2
0
1023
0
1023
0
1023
0
1023
0
1023
0
1023
0
1023
0
1023
0
914
0
933
0
930
0
928
0
923
0
921
0
919
0
919
Module:2	 RCU:2	 branch:0	 card:3
1023
0
1023
0
1023
0
1023
0
1023
0
1023
0
1023
0
1023
0
1023
0
1023
0
1023
0
1023
0
1023
0
1023
0
1023
0
1023
0
Module:2	 RCU:2	 branch:0	 card:4
1023
1018
1023
1008
1023
1023
1023
1023
1023
1023
1023
1023
1023
1023
1023
1023
903
1023
1023
1023
1023
1023
1009
1021
1007
1016
1000
1008
1020
1023
1023
1023
Module:2	 RCU:2	 branch:0	 card:5
0
929
0
986
0
884
0
921
0
951
0
971
0
981
0
848
0
983
0
982
0
979
0
973
0
970
0
967
0
967
0
990
Module:2	 RCU:2	 branch:0	 card:6
988
0
950
0
903
0
943
0
949
0
1001
0
1018
0
1023
0
991
0
1003
0
1008
0
1011
0
928
0
879
0
783
0
883
0
Module:2	 RCU:2	 branch:0	 card:7
973
987
960
978
1023
1023
1023
1023
1023
971
1023
746
1023
1023
1023
1023
898
749
876
756
880
953
748
946
751
955
758
943
961
988
737
982
Module:2	 RCU:2	 branch:0	 card:8
0
1023
0
983
0
928
0
996
0
1023
0
1000
0
925
0
926
0
901
0
928
0
925
0
1000
0
909
0
900
0
901
0
900
Module:2	 RCU:2	 branch:0	 card:9
988
0
991
0
1023
0
1023
0
1013
0
1008
0
941
0
878
0
928
0
926
0
926
0
931
0
951
0
843
0
842
0
869
0
Module:2	 RCU:2	 branch:0	 card:10
901
855
901
856
836
965
838
973
918
1023
890
1023
845
1011
889
978
989
935
960
955
956
971
961
968
963
1001
963
938
939
941
948
935
Module:2	 RCU:2	 branch:0	 card:11
0
933
0
1001
0
985
0
996
0
1023
0
1023
0
963
0
956
0
982
0
985
0
985
0
984
0
981
0
976
0
840
0
856
Module:2	 RCU:2	 branch:0	 card:12
990
0
999
0
997
0
1023
0
997
0
960
0
1023
0
1020
0
963
0
961
0
951
0
816
0
818
0
856
0
850
0
844
0
Module:2	 RCU:2	 branch:0	 card:13
961
837
938
826
873
908
896
930
882
843
925
866
913
830
851
876
766
1003
1012
1006
1009
1017
1006
911
1007
908
1008
908
772
906
1003
910
Module:2	 RCU:2	 branch:0	 card:14
0
951
0
858
0
882
0
843
0
844
0
921
0
940
0
868
0
878
0
881
0
832
0
828
0
823
0
821
0
820
0
817
Module:2	 RCU:2	 branch:1	 card:1
854
883
931
771
782
780
783
901
989
961
986
749
926
758
930
838
935
860
978
738
976
748
930
748
988
756
963
750
918
776
708
1008
Module:2	 RCU:2	 branch:1	 card:2
0
902
0
856
0
915
0
959
0
874
0
865
0
847
0
878
0
932
0
911
0
842
0
808
0
866
0
906
0
839
0
821
Module:2	 RCU:2	 branch:1	 card:3
771
0
763
0
753
0
781
0
801
0
807
0
804
0
802
0
863
0
836
0
826
0
902
0
776
0
775
0
771
0
760
0
Module:2	 RCU:2	 branch:1	 card:4
744
1020
968
1023
966
1023
957
1017
908
1021
993
1023
999
902
1006
884
841
1023
841
1023
838
1023
840
1023
1023
1023
1023
1023
1023
1023
1023
1023
Module:2	 RCU:2	 branch:1	 card:5
0
945
0
948
0
953
0
918
0
928
0
939
0
938
0
925
0
996
0
1003
0
975
0
976
0
978
0
1003
0
972
0
1008
Module:2	 RCU:2	 branch:1	 card:6
908
0
908
0
898
0
886
0
883
0
878
0
928
0
927
0
1009
0
1003
0
1005
0
867
0
867
0
951
0
951
0
923
0
Module:2	 RCU:2	 branch:1	 card:7
963
971
965
981
993
983
996
983
988
975
988
966
993
956
1002
1023
1013
925
903
901
871
864
833
928
968
897
896
866
893
864
896
929
Module:2	 RCU:2	 branch:1	 card:8
0
811
0
794
0
839
0
843
0
853
0
863
0
867
0
865
0
774
0
806
0
793
0
775
0
813
0
823
0
830
0
805
Module:2	 RCU:2	 branch:1	 card:9
866
0
753
0
763
0
775
0
779
0
774
0
1023
0
1023
0
800
0
824
0
820
0
834
0
826
0
843
0
836
0
845
0
Module:2	 RCU:2	 branch:1	 card:10
1023
997
1023
1013
1023
1023
1023
1023
1023
1023
1023
1019
1023
1015
941
1016
871
852
878
881
726
873
838
911
848
893
861
899
833
891
860
908
Module:2	 RCU:2	 branch:1	 card:11
0
823
0
786
0
785
0
788
0
790
0
791
0
794
0
801
0
873
0
926
0
928
0
936
0
845
0
993
0
821
0
1021
Module:2	 RCU:2	 branch:1	 card:12
901
0
811
0
890
0
886
0
878
0
866
0
820
0
862
0
1018
0
761
0
748
0
1023
0
856
0
803
0
818
0
1021
0
Module:2	 RCU:2	 branch:1	 card:13
753
1003
773
995
806
1016
965
1009
972
1003
976
997
980
1002
996
1014
750
768
749
765
848
836
863
863
984
1000
1018
838
822
828
800
789
Module:2	 RCU:2	 branch:1	 card:14
0
955
0
948
0
945
0
935
0
910
0
888
0
842
0
834
0
768
0
788
0
1023
0
910
0
1023
0
904
0
876
0
887
Module:2	 RCU:3	 branch:0	 card:1
904
0
902
0
823
0
836
0
903
0
890
0
899
0
792
0
792
0
801
0
805
0
803
0
793
0
803
0
828
0
885
0
Module:2	 RCU:3	 branch:0	 card:2
1009
974
838
1023
1023
978
1023
970
988
966
998
976
996
957
967
1023
868
854
890
847
848
958
958
851
853
966
853
973
855
975
857
973
Module:2	 RCU:3	 branch:0	 card:3
0
1007
0
1000
0
942
0
931
0
926
0
908
0
1023
0
828
0
927
0
923
0
926
0
928
0
918
0
941
0
943
0
943
Module:2	 RCU:3	 branch:0	 card:4
1020
0
961
0
953
0
946
0
938
0
1023
0
1023
0
1023
0
936
0
926
0
916
0
905
0
934
0
944
0
952
0
958
0
Module:2	 RCU:3	 branch:0	 card:5
796
852
924
846
923
894
798
903
956
848
816
883
950
880
913
883
904
886
907
896
783
906
969
916
886
925
876
904
866
909
850
792
Module:2	 RCU:3	 branch:0	 card:6
0
950
0
961
0
940
0
981
0
973
0
926
0
975
0
918
0
786
0
797
0
879
0
748
0
745
0
811
0
737
0
860
Module:2	 RCU:3	 branch:0	 card:7
985
0
933
0
1008
0
1001
0
910
0
910
0
861
0
871
0
821
0
826
0
923
0
833
0
821
0
773
0
833
0
841
0
Module:2	 RCU:3	 branch:0	 card:8
886
803
958
823
958
883
1023
836
936
858
818
852
901
873
907
866
965
958
897
986
855
986
978
953
921
931
957
951
871
900
884
876
Module:2	 RCU:3	 branch:0	 card:9
0
1023
0
883
0
1023
0
1023
0
981
0
1023
0
811
0
951
0
936
0
933
0
955
0
915
0
929
0
1003
0
1015
0
885
Module:2	 RCU:3	 branch:0	 card:10
1023
0
991
0
950
0
851
0
935
0
891
0
908
0
1023
0
986
0
833
0
923
0
996
0
958
0
976
0
848
0
911
0
Module:2	 RCU:3	 branch:0	 card:11
826
851
843
802
835
881
746
872
806
795
861
883
826
779
861
764
1011
1012
1023
1023
1023
966
950
960
934
938
906
889
918
1023
1006
981
Module:2	 RCU:3	 branch:0	 card:12
0
876
0
886
0
928
0
920
0
793
0
1003
0
932
0
931
0
1023
0
931
0
965
0
943
0
859
0
1005
0
944
0
890
Module:2	 RCU:3	 branch:0	 card:13
788
0
973
0
970
0
927
0
931
0
933
0
763
0
836
0
876
0
921
0
930
0
1023
0
1023
0
972
0
875
0
810
0
Module:2	 RCU:3	 branch:0	 card:14
713
720
886
796
785
888
791
861
753
858
693
816
816
763
749
741
890
858
830
859
831
855
843
871
852
958
893
922
917
877
854
883
Module:2	 RCU:3	 branch:1	 card:1
844
0
768
0
800
0
809
0
811
0
838
0
846
0
838
0
1023
0
1023
0
896
0
975
0
986
0
911
0
981
0
1023
0
Module:2	 RCU:3	 branch:1	 card:2
903
871
908
873
908
824
901
876
886
875
830
797
843
765
859
753
826
853
838
916
828
876
821
829
848
890
865
968
904
923
866
913
Module:2	 RCU:3	 branch:1	 card:3
0
1011
0
1008
0
983
0
973
0
878
0
981
0
989
0
830
0
935
0
856
0
951
0
937
0
936
0
886
0
940
0
950
Module:2	 RCU:3	 branch:1	 card:4
858
0
870
0
881
0
902
0
928
0
936
0
905
0
940
0
920
0
933
0
961
0
983
0
923
0
849
0
1023
0
982
0
Module:2	 RCU:3	 branch:1	 card:5
818
906
820
911
820
918
846
788
733
882
733
866
779
858
779
857
953
988
986
1023
993
1010
966
1001
1023
1006
1002
1006
971
1023
999
1021
Module:2	 RCU:3	 branch:1	 card:6
0
894
0
958
0
947
0
928
0
931
0
928
0
958
0
954
0
776
0
733
0
846
0
853
0
779
0
783
0
786
0
731
Module:2	 RCU:3	 branch:1	 card:7
963
0
953
0
935
0
927
0
936
0
963
0
956
0
1003
0
858
0
831
0
805
0
910
0
773
0
776
0
863
0
821
0
Module:2	 RCU:3	 branch:1	 card:8
926
986
976
995
978
1000
991
1023
1001
1023
1023
1023
1019
1023
965
1023
764
792
902
791
856
757
823
841
803
867
802
841
760
819
821
834
Module:2	 RCU:3	 branch:1	 card:9
0
768
0
773
0
827
0
749
0
743
0
750
0
766
0
736
0
901
0
846
0
901
0
886
0
733
0
761
0
766
0
756
Module:2	 RCU:3	 branch:1	 card:10
741
0
910
0
906
0
906
0
874
0
923
0
941
0
931
0
777
0
781
0
784
0
790
0
786
0
794
0
818
0
818
0
Module:2	 RCU:3	 branch:1	 card:11
880
802
901
797
891
796
881
797
881
800
891
806
901
817
919
824
828
864
848
857
833
730
858
848
843
852
881
866
873
840
871
875
Module:2	 RCU:3	 branch:1	 card:12
0
841
0
856
0
808
0
812
0
819
0
830
0
776
0
777
0
887
0
863
0
923
0
986
0
993
0
735
0
924
0
923
Module:2	 RCU:3	 branch:1	 card:13
777
0
765
0
807
0
808
0
841
0
861
0
889
0
778
0
909
0
965
0
943
0
938
0
898
0
989
0
996
0
958
0
Module:2	 RCU:3	 branch:1	 card:14
931
771
782
780
783
901
989
961
986
749
926
758
930
838
935
860
978
738
976
748
930
748
988
756
963
750
918
776
708
1008
719
1012
