Module:2	RCU:3	branch:1	card:14
831
671
682
680
683
801
889
861
886
649
826
658
830
738
835
760
878
638
876
648
830
648
888
656
863
650
818
676
608
908
619
912
Module:2	RCU:3	branch:1	card:13
677
689
665
681
707
677
708
771
741
773
761
775
789
775
678
774
809
806
865
907
843
856
838
873
798
866
889
851
896
835
858
875
Module:2	RCU:3	branch:1	card:12
722
741
754
756
753
708
735
712
728
719
726
730
728
676
733
677
772
787
787
763
781
823
808
886
760
893
780
635
741
824
765
823
Module:2	RCU:3	branch:1	card:11
780
702
801
697
791
696
781
697
781
700
791
706
801
717
819
724
728
764
748
757
733
630
758
748
743
752
781
766
773
740
771
775
Module:2	RCU:3	branch:1	card:10
641
833
810
817
806
860
806
850
774
850
823
858
841
863
831
800
677
721
681
704
684
711
690
703
686
706
694
693
718
705
718
723
Module:2	RCU:3	branch:1	card:9
966
668
975
673
927
727
938
649
946
643
948
650
935
666
963
636
677
801
781
746
772
801
789
786
778
633
784
661
807
666
788
656
Module:2	RCU:3	branch:1	card:8
826
886
876
895
878
900
891
923
901
968
926
967
919
938
865
941
664
692
802
691
756
657
723
741
703
767
702
741
660
719
721
734
Module:2	RCU:3	branch:1	card:7
863
881
853
903
835
842
827
836
836
891
863
880
856
902
903
906
758
706
731
666
705
652
810
870
673
723
676
716
763
690
721
687
Module:2	RCU:3	branch:1	card:6
800
794
798
858
793
847
771
828
891
831
753
828
756
858
789
854
916
676
892
633
901
746
755
753
741
679
715
683
724
686
683
631
Module:2	RCU:3	branch:1	card:5
718
806
720
811
720
818
746
688
633
782
633
766
679
758
679
757
853
888
886
933
893
910
866
901
931
906
902
906
871
930
899
921
Module:2	RCU:3	branch:1	card:4
758
870
770
854
781
818
802
808
828
795
836
710
805
719
840
718
820
800
833
921
861
908
883
883
823
917
749
918
926
831
882
872
Module:2	RCU:3	branch:1	card:3
636
911
646
908
655
883
815
873
852
778
877
881
895
889
891
730
802
835
813
756
861
851
848
837
840
836
849
786
828
840
783
850
Module:2	RCU:3	branch:1	card:2
803
771
808
773
808
724
801
776
786
775
730
697
743
665
759
653
726
753
738
816
728
776
721
729
748
790
765
868
804
823
766
813
Module:2	RCU:3	branch:1	card:1
744
737
668
772
700
761
709
751
711
662
738
697
746
699
738
704
926
830
931
904
796
894
875
831
886
901
811
815
881
696
926
735
Module:2	RCU:3	branch:0	card:14
613
620
786
696
685
788
691
761
653
758
593
716
716
663
649
641
790
758
730
759
731
755
743
771
752
858
793
822
817
777
754
783
Module:2	RCU:3	branch:0	card:13
688
741
873
652
870
653
827
671
831
620
833
913
663
900
736
890
776
817
821
956
830
956
952
866
933
871
872
828
775
821
710
808
Module:2	RCU:3	branch:0	card:12
653
776
817
786
679
828
671
820
793
693
648
903
807
832
688
831
818
959
798
831
887
865
891
843
850
759
845
905
930
844
935
790
Module:2	RCU:3	branch:0	card:11
726
751
743
702
735
781
646
772
706
695
761
783
726
679
761
664
911
912
953
963
963
866
850
860
834
838
806
789
818
936
906
881
Module:2	RCU:3	branch:0	card:10
935
741
891
906
850
823
751
813
835
791
791
733
808
743
996
748
886
768
733
888
823
851
896
937
858
857
876
825
748
828
811
913
Module:2	RCU:3	branch:0	card:9
744
960
781
783
728
994
675
976
812
881
703
983
953
711
850
851
873
836
841
833
845
855
760
815
838
829
913
903
902
915
848
785
Module:2	RCU:3	branch:0	card:8
786
703
858
723
858
783
938
736
836
758
718
752
801
773
807
766
865
858
797
886
755
886
878
853
821
831
857
851
771
800
784
776
Module:2	RCU:3	branch:0	card:7
885
827
833
834
908
938
901
921
810
813
810
754
761
758
771
858
721
761
726
682
823
801
733
751
721
873
673
920
733
885
741
811
Module:2	RCU:3	branch:0	card:6
741
850
805
861
795
840
931
881
923
873
908
826
912
875
881
818
788
686
703
697
651
779
766
648
695
645
783
711
674
637
653
760
Module:2	RCU:3	branch:0	card:5
696
752
824
746
823
794
698
803
856
748
716
783
850
780
813
783
804
786
807
796
683
806
869
816
786
825
776
804
766
809
750
692
Module:2	RCU:3	branch:0	card:4
920
884
861
875
853
855
846
776
838
824
955
801
944
787
931
673
836
861
826
861
816
858
805
857
834
779
844
798
852
803
858
803
Module:2	RCU:3	branch:0	card:3
941
907
893
900
886
842
886
831
826
826
768
808
923
938
915
728
856
827
843
823
860
826
871
828
879
818
881
841
882
843
873
843
Module:2	RCU:3	branch:0	card:2
909
874
738
948
956
878
948
870
888
866
898
876
896
857
867
935
768
754
790
747
748
858
858
751
753
866
753
873
755
875
757
873
Module:2	RCU:3	branch:0	card:1
804
783
802
916
723
907
736
926
803
936
790
909
799
901
692
904
692
783
701
778
705
679
703
681
693
630
703
731
728
750
785
760
Module:2	RCU:2	branch:1	card:14
729
855
788
848
796
845
814
835
818
810
819
788
823
742
868
734
720
668
746
688
687
929
668
810
940
946
791
804
731
776
730
787
Module:2	RCU:2	branch:1	card:13
653
903
673
895
706
916
865
909
872
903
876
897
880
902
896
914
650
668
649
665
748
736
763
763
884
900
918
738
722
728
700
689
Module:2	RCU:2	branch:1	card:12
801
768
711
778
790
816
786
673
778
663
766
658
720
657
762
655
918
707
661
653
648
766
923
937
756
710
703
643
718
638
921
908
Module:2	RCU:2	branch:1	card:11
922
723
718
686
715
685
716
688
741
690
749
691
745
694
725
701
773
773
766
826
768
828
813
836
785
745
809
893
826
721
817
921
Module:2	RCU:2	branch:1	card:10
962
897
978
913
984
931
985
928
981
925
980
919
976
915
841
916
771
752
778
781
626
773
738
811
748
793
761
799
733
791
760
808
Module:2	RCU:2	branch:1	card:9
766
919
653
959
663
968
675
970
679
970
674
970
948
968
939
965
700
725
724
714
720
707
734
696
726
715
743
721
736
913
745
728
Module:2	RCU:2	branch:1	card:8
946
711
948
694
948
739
950
743
842
753
857
763
723
767
723
765
799
674
641
706
633
693
661
675
653
713
690
723
686
730
706
705
Module:2	RCU:2	branch:1	card:7
863
871
865
881
893
883
896
883
888
875
888
866
893
856
902
943
913
825
803
801
771
764
733
828
868
797
796
766
793
764
796
829
Module:2	RCU:2	branch:1	card:6
808
821
808
906
798
910
786
909
783
766
778
786
828
798
827
806
909
766
903
766
905
854
767
851
767
904
851
761
851
769
823
851
Module:2	RCU:2	branch:1	card:5
801
845
880
848
656
853
814
818
800
828
816
839
836
838
842
825
963
896
965
903
691
875
819
876
753
878
748
903
758
872
625
908
Module:2	RCU:2	branch:1	card:4
644
920
868
932
866
925
857
917
808
921
893
927
899
802
906
784
741
936
741
941
738
939
740
931
942
966
941
948
936
967
938
968
Module:2	RCU:2	branch:1	card:3
671
698
663
693
653
737
681
737
701
732
707
725
704
716
702
876
763
705
736
701
726
711
802
708
676
711
675
713
671
705
660
739
Module:2	RCU:2	branch:1	card:2
821
802
826
756
833
815
828
859
861
774
843
765
791
747
799
778
715
832
801
811
770
742
756
708
821
766
811
806
750
739
673
721
Module:2	RCU:2	branch:1	card:1
754
783
831
671
682
680
683
801
889
861
886
649
826
658
830
738
835
760
878
638
876
648
830
648
888
656
863
650
818
676
608
908
Module:2	RCU:2	branch:0	card:14
775
851
698
758
846
782
826
743
761
744
773
821
734
840
853
768
823
778
823
781
816
732
808
728
773
723
776
721
778
720
778
717
Module:2	RCU:2	branch:0	card:13
861
737
838
726
773
808
796
830
782
743
825
766
813
730
751
776
666
903
912
906
909
917
906
811
907
808
908
808
672
806
903
810
Module:2	RCU:2	branch:0	card:12
890
913
899
841
897
825
972
840
897
847
860
953
968
919
920
875
863
655
861
690
851
698
716
701
718
703
756
911
750
915
744
918
Module:2	RCU:2	branch:0	card:11
913
833
948
901
940
885
935
896
918
959
933
952
941
863
937
856
878
882
888
885
900
885
895
884
893
881
894
876
898
740
870
756
Module:2	RCU:2	branch:0	card:10
801
755
801
756
736
865
738
873
818
932
790
923
745
911
789
878
889
835
860
855
856
871
861
868
863
901
863
838
839
841
848
835
Module:2	RCU:2	branch:0	card:9
888
785
891
859
966
771
971
849
913
774
908
847
841
796
778
846
828
823
826
833
826
837
831
741
851
743
743
741
742
741
769
758
Module:2	RCU:2	branch:0	card:8
891
976
957
883
846
828
863
896
931
970
931
900
921
825
916
826
906
801
846
828
850
825
904
900
888
809
893
800
809
801
802
800
Module:2	RCU:2	branch:0	card:7
873
887
860
878
955
954
950
956
976
871
948
646
953
931
926
933
798
649
776
656
780
853
648
846
651
855
658
843
861
888
637
882
Module:2	RCU:2	branch:0	card:6
888
926
850
917
803
855
843
721
849
914
901
973
918
972
973
933
891
769
903
791
908
794
911
793
828
842
779
777
683
742
783
763
Module:2	RCU:2	branch:0	card:5
938
829
922
886
908
784
798
821
834
851
898
871
902
881
794
748
945
883
859
882
855
879
845
873
875
870
883
867
885
867
883
890
Module:2	RCU:2	branch:0	card:4
963
918
1023
908
937
924
947
936
961
990
968
1010
986
1016
958
960
803
933
1015
936
1001
926
909
921
907
916
900
908
920
936
930
936
Module:2	RCU:2	branch:0	card:3
1023
968
1023
975
998
1011
1006
971
991
978
1023
953
985
961
992
962
961
948
957
918
951
956
964
968
978
981
984
998
986
1003
978
1008
Module:2	RCU:2	branch:0	card:2
808
1021
811
1016
783
1023
826
1023
735
1015
726
1022
838
994
836
991
761
814
818
833
833
830
842
828
842
823
844
821
847
819
833
819
Module:2	RCU:2	branch:0	card:1
688
803
613
620
786
696
685
788
691
761
653
758
593
716
716
663
649
641
790
758
730
759
731
755
743
771
752
858
793
822
817
777
Module:2	RCU:1	branch:1	card:14
716
701
735
780
773
789
801
705
731
715
733
711
800
768
726
701
803
746
818
761
916
775
808
746
805
806
856
806
859
803
688
803
Module:2	RCU:1	branch:1	card:13
816
842
995
925
978
962
903
933
874
766
796
1005
800
986
882
1023
765
928
762
941
939
818
938
828
846
734
831
902
728
916
796
920
Module:2	RCU:1	branch:1	card:12
750
897
838
923
926
1023
1023
863
924
894
790
851
777
848
828
839
888
858
877
846
870
876
888
870
915
898
836
870
839
685
842
689
Module:2	RCU:1	branch:1	card:11
906
951
931
833
823
828
873
815
924
861
974
861
941
846
836
833
921
735
811
916
956
996
913
928
936
896
972
911
914
1001
930
931
Module:2	RCU:1	branch:1	card:10
812
863
955
955
974
976
957
906
969
811
917
896
938
974
871
893
831
911
956
891
943
981
906
803
806
956
813
881
811
751
943
836
Module:2	RCU:1	branch:1	card:9
1023
1015
931
925
946
1013
991
1005
982
960
993
843
996
880
994
954
796
956
809
893
916
916
996
973
973
957
773
811
989
846
941
725
Module:2	RCU:1	branch:1	card:8
868
1023
851
1000
879
1000
862
962
900
984
891
986
904
1023
810
1013
840
790
759
766
806
845
831
824
818
800
843
852
845
798
826
840
Module:2	RCU:1	branch:1	card:7
765
816
764
732
780
732
711
743
746
730
885
738
718
725
750
741
851
821
844
803
793
853
817
863
791
775
865
818
858
816
788
926
Module:2	RCU:1	branch:1	card:6
771
843
832
837
708
847
703
851
826
882
711
873
695
875
835
862
918
880
913
876
916
871
928
887
928
878
928
823
931
816
924
820
Module:2	RCU:1	branch:1	card:5
800
855
806
848
829
766
821
768
838
740
825
756
937
738
946
754
910
755
950
791
920
907
866
902
930
901
803
891
751
915
762
916
Module:2	RCU:1	branch:1	card:4
829
895
816
811
825
818
863
786
882
791
943
778
871
786
841
806
971
901
856
930
853
903
866
925
883
878
881
904
931
878
901
898
Module:2	RCU:1	branch:1	card:3
786
820
806
786
847
835
851
656
803
686
786
676
807
708
840
706
790
966
907
968
931
976
953
979
951
951
940
957
960
958
948
980
Module:2	RCU:1	branch:1	card:2
833
858
821
778
766
793
815
803
871
801
871
785
893
847
822
811
854
778
841
788
823
788
836
806
823
808
816
813
821
801
751
801
Module:2	RCU:1	branch:1	card:1
893
766
768
760
915
938
908
921
860
856
869
930
903
823
838
784
878
915
799
816
890
838
883
823
924
751
903
835
916
828
808
848
Module:2	RCU:1	branch:0	card:14
858
783
626
852
850
806
819
831
718
916
916
860
656
644
607
774
858
768
850
769
828
805
846
897
851
871
870
891
862
745
759
815
Module:2	RCU:1	branch:0	card:13
771
848
711
835
777
906
841
676
908
776
882
921
701
683
665
845
796
768
793
731
804
775
802
851
793
856
772
728
767
856
765
736
Module:2	RCU:1	branch:0	card:12
828
668
812
783
855
782
858
808
871
723
868
818
869
818
748
740
896
925
894
930
893
935
891
930
888
911
799
959
802
723
921
795
Module:2	RCU:1	branch:0	card:11
831
876
886
906
875
900
891
916
896
916
737
808
879
826
898
846
935
857
938
861
941
865
948
871
954
981
958
973
877
908
863
898
Module:2	RCU:1	branch:0	card:10
755
935
733
905
896
943
936
938
936
948
926
861
932
866
916
851
996
916
1001
916
993
912
996
906
993
900
991
880
918
917
916
927
Module:2	RCU:1	branch:0	card:9
748
710
749
773
740
803
723
704
772
666
768
700
748
736
977
711
828
963
831
956
836
946
841
925
981
955
974
982
967
986
964
991
Module:2	RCU:1	branch:0	card:8
638
811
850
704
816
708
811
638
870
651
873
621
855
796
816
781
798
843
871
843
868
756
869
839
731
705
760
888
768
811
843
825
Module:2	RCU:1	branch:0	card:7
866
846
845
896
891
683
885
786
865
783
892
861
910
865
885
882
727
806
733
773
828
779
826
783
817
788
811
788
813
787
813
792
Module:2	RCU:1	branch:0	card:6
813
890
878
886
852
836
880
826
873
861
828
821
821
836
816
843
958
724
946
761
771
760
762
761
758
693
751
694
732
683
728
696
Module:2	RCU:1	branch:0	card:5
763
848
821
781
833
806
843
836
845
865
806
861
849
843
796
805
971
876
974
889
976
912
956
926
895
923
961
942
968
933
972
928
Module:2	RCU:1	branch:0	card:4
801
674
788
675
793
702
819
706
810
728
816
701
634
738
655
738
981
893
982
947
933
942
922
939
1000
961
990
958
986
967
903
966
Module:2	RCU:1	branch:0	card:3
871
905
861
899
868
903
855
750
826
728
863
753
890
788
903
793
875
808
926
843
928
985
904
973
796
985
772
911
826
987
819
968
Module:2	RCU:1	branch:0	card:2
685
706
847
721
713
724
690
700
710
638
612
839
821
866
704
840
906
836
924
845
919
828
902
833
851
865
868
849
875
861
896
898
Module:2	RCU:1	branch:0	card:1
815
631
801
926
812
750
805
663
883
706
813
798
811
735
808
798
705
921
921
916
935
921
946
922
961
898
956
909
907
916
901
841
Module:2	RCU:0	branch:1	card:14
870
891
866
912
741
893
914
876
918
763
874
883
873
884
889
880
854
767
860
886
848
821
936
925
780
835
870
758
858
901
816
811
Module:2	RCU:0	branch:1	card:13
903
845
886
917
958
950
948
955
917
918
793
797
850
823
959
888
895
878
902
935
852
921
863
953
834
948
799
935
908
946
900
875
Module:2	RCU:0	branch:1	card:12
948
851
946
876
832
866
908
890
854
884
900
898
901
893
860
910
742
921
731
951
795
933
772
943
755
906
927
920
877
887
871
896
Module:2	RCU:0	branch:1	card:11
888
901
953
925
775
923
778
945
799
924
925
825
936
946
917
882
789
872
820
807
756
791
850
788
759
876
817
875
781
766
770
801
Module:2	RCU:0	branch:1	card:10
1023
997
940
930
973
958
862
772
921
1006
938
948
1023
980
950
1003
875
854
941
868
946
765
793
753
791
815
877
748
878
753
790
808
Module:2	RCU:0	branch:1	card:9
985
946
798
1023
931
888
776
975
929
966
981
798
976
1023
926
941
688
815
686
826
688
830
788
822
841
863
829
849
858
871
840
846
Module:2	RCU:0	branch:1	card:8
772
808
833
1013
818
1020
846
903
848
921
830
772
816
944
1021
983
666
650
728
786
688
790
790
791
786
620
624
636
676
640
671
646
Module:2	RCU:0	branch:1	card:7
886
828
818
793
863
863
821
838
971
811
796
818
865
1002
840
993
696
771
696
665
751
691
752
695
669
701
705
788
706
785
740
761
Module:2	RCU:0	branch:1	card:6
940
880
950
868
965
872
964
982
856
877
875
851
870
888
876
884
656
658
659
696
678
678
683
751
688
731
726
720
729
668
728
705
Module:2	RCU:0	branch:1	card:5
753
1023
783
1023
798
1019
796
1006
783
1023
791
1023
768
1009
773
955
795
694
793
688
816
737
760
707
787
701
764
625
754
623
651
621
Module:2	RCU:0	branch:1	card:4
831
716
1016
993
986
736
805
748
1011
748
815
749
766
775
738
764
768
791
762
728
789
818
826
725
830
718
846
800
826
810
795
763
Module:2	RCU:0	branch:1	card:3
783
885
879
888
855
821
891
853
765
825
892
795
806
888
863
788
856
857
851
873
843
851
853
878
861
870
861
846
938
883
873
945
Module:2	RCU:0	branch:1	card:2
717
828
856
842
846
781
610
855
765
794
833
756
789
859
746
848
910
956
808
931
896
936
896
946
906
820
932
796
928
821
954
818
Module:2	RCU:0	branch:1	card:1
759
815
716
701
735
780
773
789
801
705
731
715
733
711
800
768
726
701
803
746
818
761
916
775
808
746
805
806
856
806
859
803
Module:2	RCU:0	branch:0	card:14
695
681
728
721
787
682
716
717
653
676
775
731
715
691
721
641
988
952
933
956
929
951
950
948
940
941
929
901
976
916
953
879
Module:2	RCU:0	branch:0	card:13
731
751
722
751
731
790
767
750
761
781
749
787
752
787
753
781
966
978
968
876
988
1001
980
998
975
988
971
985
971
978
961
980
Module:2	RCU:0	branch:0	card:12
815
811
801
811
812
836
805
836
798
838
813
909
811
826
808
832
865
938
881
940
881
938
860
633
915
956
898
948
933
946
926
932
Module:2	RCU:0	branch:0	card:11
643
873
824
863
832
859
842
803
846
788
848
778
858
716
855
792
842
816
823
821
846
841
888
878
818
858
890
843
897
880
858
963
Module:2	RCU:0	branch:0	card:10
851
892
865
662
646
871
858
661
645
930
846
613
878
611
870
613
1001
993
996
977
991
944
1017
981
973
966
986
956
951
858
927
881
Module:2	RCU:0	branch:0	card:9
841
852
835
845
701
750
706
758
765
840
774
630
791
858
811
640
1023
985
1003
983
1021
988
948
1002
968
963
983
963
960
975
1015
1008
Module:2	RCU:0	branch:0	card:8
758
794
911
785
765
823
819
705
718
711
725
787
766
784
797
801
697
1023
739
1013
959
1023
954
1006
718
1020
938
1001
989
1023
1023
1023
Module:2	RCU:0	branch:0	card:7
708
808
693
736
743
748
823
723
681
801
675
720
732
691
726
753
982
1017
991
991
1016
1005
1016
1023
1008
1023
989
1006
958
688
1023
831
Module:2	RCU:0	branch:0	card:6
752
663
850
627
854
677
713
673
721
706
816
646
898
636
623
676
918
976
945
971
951
965
953
990
956
953
943
981
921
996
936
1001
Module:2	RCU:0	branch:0	card:5
833
736
701
865
701
877
693
726
870
731
753
716
730
721
746
760
783
728
733
713
746
763
774
818
774
824
765
856
736
856
732
856
Module:2	RCU:0	branch:0	card:4
826
825
798
795
795
783
766
792
792
833
771
801
684
690
653
686
861
905
901
913
883
886
881
931
881
931
905
953
905
938
906
896
Module:2	RCU:0	branch:0	card:3
661
846
728
760
656
753
740
658
871
662
841
861
618
871
860
816
811
725
804
733
783
836
831
835
832
832
821
823
757
751
751
753
Module:2	RCU:0	branch:0	card:2
871
933
866
926
868
921
871
673
890
707
796
905
910
697
917
708
666
791
713
790
686
747
705
739
721
758
716
778
709
771
749
758
Module:2	RCU:0	branch:0	card:1
642
859
858
783
626
852
850
806
819
831
718
916
916
860
656
644
607
774
858
768
850
769
828
805
846
897
851
871
870
891
862
745
