Module:1	RCU:0	branch:0	card:5
512
512
512
512
512
512
512
512
512
512
512
512
512
512
512
512
512
512
512
512
512
512
512
512
512
512
512
512
512
512
512
512
Module:1	RCU:0	branch:0	card:6
512
512
512
512
512
512
512
512
512
512
512
512
512
512
512
512
512
512
512
512
512
512
512
512
512
512
512
512
512
512
512
512
Module:1	RCU:0	branch:0	card:7
512
512
512
512
512
512
512
512
512
512
512
512
512
512
512
512
512
512
512
512
512
512
512
512
512
512
512
512
512
512
512
512
Module:1	RCU:0	branch:0	card:13
512
512
512
512
512
512
512
512
512
512
512
512
512
512
512
512
512
512
512
512
512
512
512
512
512
512
512
512
512
512
512
512
Module:1	RCU:0	branch:1	card:5
512
512
512
512
512
512
512
512
512
512
512
512
512
512
512
512
512
512
512
512
512
512
512
512
512
512
512
512
512
512
512
512
Module:1	RCU:1	branch:0	card:5
512
512
512
512
512
512
512
512
512
512
512
512
512
512
512
512
512
512
512
512
512
512
512
512
512
512
512
512
512
512
512
512
Module:1	RCU:1	branch:0	card:6
512
512
512
512
512
512
512
512
512
512
512
512
512
512
512
512
512
512
512
512
512
512
512
512
512
512
512
512
512
512
512
512
Module:1	RCU:1	branch:0	card:12
512
512
512
512
512
512
512
512
512
512
512
512
512
512
512
512
512
512
512
512
512
512
512
512
512
512
512
512
512
512
512
512
Module:1	RCU:1	branch:1	card:3
512
512
512
512
512
512
512
512
512
512
512
512
512
512
512
512
512
512
512
512
512
512
512
512
512
512
512
512
512
512
512
512
Module:1	RCU:1	branch:1	card:5
512
512
512
512
512
512
512
512
512
512
512
512
512
512
512
512
512
512
512
512
512
512
512
512
512
512
512
512
512
512
512
512
Module:2	RCU:0	branch:0	card:1
542
759
758
683
526
752
750
706
719
731
618
816
816
760
556
544
507
674
758
668
750
669
728
705
746
797
751
771
770
791
762
645
Module:2	RCU:0	branch:0	card:2
771
833
766
826
768
821
771
573
790
607
696
805
810
597
817
608
566
691
613
690
586
647
605
639
621
658
616
678
609
671
649
658
Module:2	RCU:0	branch:0	card:3
561
746
628
660
556
653
640
558
771
562
741
761
518
771
760
716
711
625
704
633
683
736
731
735
732
732
721
723
657
651
651
653
Module:2	RCU:0	branch:0	card:4
726
725
698
695
695
683
666
692
692
733
671
701
584
590
553
586
761
805
801
813
783
786
781
831
781
831
805
853
805
838
806
796
Module:2	RCU:0	branch:0	card:5
733
636
601
765
601
777
593
626
770
631
653
616
630
621
646
660
683
628
633
613
646
663
674
718
674
724
665
756
636
756
632
756
Module:2	RCU:0	branch:0	card:6
652
563
750
527
754
577
613
573
621
606
716
546
798
536
523
576
818
876
845
871
851
865
853
890
856
853
843
881
821
896
836
901
Module:2	RCU:0	branch:0	card:7
608
708
593
636
643
648
723
623
581
701
575
620
632
591
626
653
882
917
891
891
916
905
916
936
908
927
889
906
858
588
928
731
Module:2	RCU:0	branch:0	card:8
658
694
811
685
665
723
719
605
618
611
625
687
666
684
697
701
597
927
639
913
859
923
854
906
618
920
838
901
889
923
928
935
Module:2	RCU:0	branch:0	card:9
741
752
735
745
601
650
606
658
665
740
674
530
691
758
711
540
929
885
903
883
921
888
848
902
868
863
883
863
860
875
915
908
Module:2	RCU:0	branch:0	card:10
751
792
765
562
546
771
758
561
545
830
746
513
778
511
770
513
901
893
896
877
891
844
917
881
873
866
886
856
851
758
827
781
Module:2	RCU:0	branch:0	card:11
543
773
724
763
732
759
742
703
746
688
748
678
758
616
755
692
742
716
723
721
746
741
788
778
718
758
790
743
797
780
758
863
Module:2	RCU:0	branch:0	card:12
715
711
701
711
712
736
705
736
698
738
713
809
711
726
708
732
765
838
781
840
781
838
760
533
815
856
798
848
833
846
826
832
Module:2	RCU:0	branch:0	card:13
631
651
622
651
631
690
667
650
661
681
649
687
652
687
653
681
866
878
868
776
888
901
880
898
875
888
871
885
871
878
861
880
Module:2	RCU:0	branch:0	card:14
595
581
628
621
687
582
616
617
553
576
675
631
615
591
621
541
888
852
833
856
829
851
850
848
840
841
829
801
876
816
853
779
Module:2	RCU:0	branch:1	card:1
659
715
616
601
635
680
673
689
701
605
631
615
633
611
700
668
626
601
703
646
718
661
816
675
708
646
705
706
756
706
759
703
Module:2	RCU:0	branch:1	card:2
617
728
756
742
746
681
510
755
665
694
733
656
689
759
646
748
810
856
708
831
796
836
796
846
806
720
832
696
828
721
854
718
Module:2	RCU:0	branch:1	card:3
683
785
779
788
755
721
791
753
665
725
792
695
706
788
763
688
756
757
751
773
743
751
753
778
761
770
761
746
838
783
773
845
Module:2	RCU:0	branch:1	card:4
731
616
916
893
886
636
705
648
911
648
715
649
666
675
638
664
668
691
662
628
689
718
726
625
730
618
746
700
726
710
695
663
Module:2	RCU:0	branch:1	card:5
653
938
683
928
698
919
696
906
683
945
691
928
668
909
673
855
695
594
693
588
716
637
660
607
687
601
664
525
654
523
551
521
Module:2	RCU:0	branch:1	card:6
840
780
850
768
865
772
864
882
756
777
775
751
770
788
776
784
556
558
559
596
578
578
583
651
588
631
626
620
629
568
628
605
Module:2	RCU:0	branch:1	card:7
786
728
718
693
763
763
721
738
871
711
696
718
765
902
740
893
596
671
596
565
651
591
652
595
569
601
605
688
606
685
640
661
Module:2	RCU:0	branch:1	card:8
672
708
733
913
718
920
746
803
748
821
730
672
716
844
921
883
566
550
628
686
588
690
690
691
686
520
524
536
576
540
571
546
Module:2	RCU:0	branch:1	card:9
885
846
698
937
831
788
676
875
829
866
881
698
876
925
826
841
588
715
586
726
588
730
688
722
741
763
729
749
758
771
740
746
Module:2	RCU:0	branch:1	card:10
936
897
840
830
873
858
762
672
821
906
838
848
928
880
850
903
775
754
841
768
846
665
693
653
691
715
777
648
778
653
690
708
Module:2	RCU:0	branch:1	card:11
788
801
853
825
675
823
678
845
699
824
825
725
836
846
817
782
689
772
720
707
656
691
750
688
659
776
717
775
681
666
670
701
Module:2	RCU:0	branch:1	card:12
848
751
846
776
732
766
808
790
754
784
800
798
801
793
760
810
642
821
631
851
695
833
672
843
655
806
827
820
777
787
771
796
Module:2	RCU:0	branch:1	card:13
803
745
786
817
858
850
848
855
817
818
693
697
750
723
859
788
795
778
802
835
752
821
763
853
734
848
699
835
808
846
800
775
Module:2	RCU:0	branch:1	card:14
770
791
766
812
641
793
814
776
818
663
774
783
773
784
789
780
754
667
760
786
748
721
836
825
680
735
770
658
758
801
716
711
Module:2	RCU:1	branch:0	card:1
1023
1023
1023
1023
1023
1023
1023
1023
1023
1023
1023
1023
1023
1023
1023
1023
1023
1023
1023
1023
1023
1023
1023
1023
1023
1023
1023
1023
1023
1023
1023
1023
Module:2	RCU:1	branch:0	card:2
1023
1023
1023
1023
1023
1023
1023
1023
1023
1023
1023
1023
1023
1023
1023
1023
1023
1023
1023
1023
1023
1023
1023
1023
1023
1023
1023
1023
1023
1023
1023
1023
Module:2	RCU:1	branch:0	card:3
1023
1023
1023
1023
1023
1023
1023
1023
1023
1023
1023
1023
1023
1023
1023
1023
1023
1023
1023
1023
1023
1023
1023
1023
1023
1023
1023
1023
1023
1023
1023
1023
Module:2	RCU:1	branch:0	card:4
1023
1023
1023
1023
1023
1023
1023
1023
1023
1023
1023
1023
1023
1023
1023
1023
1023
1023
1023
1023
1023
1023
1023
1023
1023
1023
1023
1023
1023
1023
1023
1023
Module:2	RCU:1	branch:0	card:5
1023
1023
1023
1023
1023
1023
1023
1023
1023
1023
1023
1023
1023
1023
1023
1023
1023
1023
1023
1023
1023
1023
1023
1023
1023
1023
1023
1023
1023
1023
1023
1023
Module:2	RCU:1	branch:0	card:6
1023
1023
1023
1023
1023
1023
1023
1023
1023
1023
1023
1023
1023
1023
1023
1023
1023
1023
1023
1023
1023
1023
1023
1023
1023
1023
1023
1023
1023
1023
1023
1023
Module:2	RCU:1	branch:0	card:7
1023
1023
1023
1023
1023
1023
1023
1023
1023
1023
1023
1023
1023
1023
1023
1023
1023
1023
1023
1023
1023
1023
1023
1023
1023
1023
1023
1023
1023
1023
1023
1023
Module:2	RCU:1	branch:0	card:8
1023
1023
1023
1023
1023
1023
1023
1023
1023
1023
1023
1023
1023
1023
1023
1023
1023
1023
1023
1023
1023
1023
1023
1023
1023
1023
1023
1023
1023
1023
1023
1023
Module:2	RCU:1	branch:0	card:9
1023
1023
1023
1023
1023
1023
1023
1023
1023
1023
1023
1023
1023
1023
1023
1023
1023
1023
1023
1023
1023
1023
1023
1023
1023
1023
1023
1023
1023
1023
1023
1023
Module:2	RCU:1	branch:0	card:10
1023
1023
1023
1023
1023
1023
1023
1023
1023
1023
1023
1023
1023
1023
1023
1023
1023
1023
1023
1023
1023
1023
1023
1023
1023
1023
1023
1023
1023
1023
1023
1023
Module:2	RCU:1	branch:0	card:11
1023
1023
1023
1023
1023
1023
1023
1023
1023
1023
1023
1023
1023
1023
1023
1023
1023
1023
1023
1023
1023
1023
1023
1023
1023
1023
1023
1023
1023
1023
1023
1023
Module:2	RCU:1	branch:0	card:12
1023
1023
1023
1023
1023
1023
1023
1023
1023
1023
1023
1023
1023
1023
1023
1023
1023
1023
1023
1023
1023
1023
1023
1023
1023
1023
1023
1023
1023
1023
1023
1023
Module:2	RCU:1	branch:0	card:13
1023
1023
1023
1023
1023
1023
1023
1023
1023
1023
1023
1023
1023
1023
1023
1023
1023
1023
1023
1023
1023
1023
1023
1023
1023
1023
1023
1023
1023
1023
1023
1023
Module:2	RCU:1	branch:0	card:14
1023
1023
1023
1023
1023
1023
1023
1023
1023
1023
1023
1023
1023
1023
1023
1023
1023
1023
1023
1023
1023
1023
1023
1023
1023
1023
1023
1023
1023
1023
1023
1023
Module:2	RCU:1	branch:1	card:1
1023
1023
1023
1023
1023
1023
1023
1023
1023
1023
1023
1023
1023
1023
1023
1023
1023
1023
1023
1023
1023
1023
1023
1023
1023
1023
1023
1023
1023
1023
1023
1023
Module:2	RCU:1	branch:1	card:2
1023
1023
1023
1023
1023
1023
1023
1023
1023
1023
1023
1023
1023
1023
1023
1023
1023
1023
1023
1023
1023
1023
1023
1023
1023
1023
1023
1023
1023
1023
1023
1023
Module:2	RCU:1	branch:1	card:3
1023
1023
1023
1023
1023
1023
1023
1023
1023
1023
1023
1023
1023
1023
1023
1023
1023
1023
1023
1023
1023
1023
1023
1023
1023
1023
1023
1023
1023
1023
1023
1023
Module:2	RCU:1	branch:1	card:4
1023
1023
1023
1023
1023
1023
1023
1023
1023
1023
1023
1023
1023
1023
1023
1023
1023
1023
1023
1023
1023
1023
1023
1023
1023
1023
1023
1023
1023
1023
1023
1023
Module:2	RCU:1	branch:1	card:5
1023
1023
1023
1023
1023
1023
1023
1023
1023
1023
1023
1023
1023
1023
1023
1023
1023
1023
1023
1023
1023
1023
1023
1023
1023
1023
1023
1023
1023
1023
1023
1023
Module:2	RCU:1	branch:1	card:6
1023
1023
1023
1023
1023
1023
1023
1023
1023
1023
1023
1023
1023
1023
1023
1023
1023
1023
1023
1023
1023
1023
1023
1023
1023
1023
1023
1023
1023
1023
1023
1023
Module:2	RCU:1	branch:1	card:7
1023
1023
1023
1023
1023
1023
1023
1023
1023
1023
1023
1023
1023
1023
1023
1023
1023
1023
1023
1023
1023
1023
1023
1023
1023
1023
1023
1023
1023
1023
1023
1023
Module:2	RCU:1	branch:1	card:8
1023
1023
1023
1023
1023
1023
1023
1023
1023
1023
1023
1023
1023
1023
1023
1023
1023
1023
1023
1023
1023
1023
1023
1023
1023
1023
1023
1023
1023
1023
1023
1023
Module:2	RCU:1	branch:1	card:9
1023
1023
1023
1023
1023
1023
1023
1023
1023
1023
1023
1023
1023
1023
1023
1023
1023
1023
1023
1023
1023
1023
1023
1023
1023
1023
1023
1023
1023
1023
1023
1023
Module:2	RCU:1	branch:1	card:10
1023
1023
1023
1023
1023
1023
1023
1023
1023
1023
1023
1023
1023
1023
1023
1023
1023
1023
1023
1023
1023
1023
1023
1023
1023
1023
1023
1023
1023
1023
1023
1023
Module:2	RCU:1	branch:1	card:11
1023
1023
1023
1023
1023
1023
1023
1023
1023
1023
1023
1023
1023
1023
1023
1023
1023
1023
1023
1023
1023
1023
1023
1023
1023
1023
1023
1023
1023
1023
1023
1023
Module:2	RCU:1	branch:1	card:12
1023
1023
1023
1023
1023
1023
1023
1023
1023
1023
1023
1023
1023
1023
1023
1023
1023
1023
1023
1023
1023
1023
1023
1023
1023
1023
1023
1023
1023
1023
1023
1023
Module:2	RCU:1	branch:1	card:13
1023
1023
1023
1023
1023
1023
1023
1023
1023
1023
1023
1023
1023
1023
1023
1023
1023
1023
1023
1023
1023
1023
1023
1023
1023
1023
1023
1023
1023
1023
1023
1023
Module:2	RCU:1	branch:1	card:14
1023
1023
1023
1023
1023
1023
1023
1023
1023
1023
1023
1023
1023
1023
1023
1023
1023
1023
1023
1023
1023
1023
1023
1023
1023
1023
1023
1023
1023
1023
1023
1023
Module:2	RCU:2	branch:0	card:1
588
703
513
520
686
596
585
688
591
661
553
658
493
616
616
563
549
541
690
658
630
659
631
655
643
671
652
758
693
722
717
677
Module:2	RCU:2	branch:0	card:2
708
921
711
916
683
936
726
925
635
915
626
922
738
894
736
891
661
714
718
733
733
730
742
728
742
723
744
721
747
719
733
719
Module:2	RCU:2	branch:0	card:3
935
868
943
875
898
911
906
871
891
878
930
853
885
861
892
862
861
848
857
818
851
856
864
868
878
881
884
898
886
903
878
908
Module:2	RCU:2	branch:0	card:4
863
818
943
808
837
824
847
836
861
890
868
910
886
916
858
860
703
833
915
836
901
826
809
821
807
816
800
808
820
836
830
836
Module:2	RCU:2	branch:0	card:5
838
729
822
786
808
684
698
721
734
751
798
771
802
781
694
648
845
783
759
782
755
779
745
773
775
770
783
767
785
767
783
790
Module:2	RCU:2	branch:0	card:6
788
826
750
817
703
755
743
621
749
814
801
873
818
872
873
833
791
669
803
691
808
694
811
693
728
742
679
677
583
642
683
663
Module:2	RCU:2	branch:0	card:7
773
787
760
778
855
854
850
856
876
771
848
546
853
831
826
833
698
549
676
556
680
753
548
746
551
755
558
743
761
788
537
782
Module:2	RCU:2	branch:0	card:8
791
876
857
783
746
728
763
796
831
870
831
800
821
725
816
726
806
701
746
728
750
725
804
800
788
709
793
700
709
701
702
700
Module:2	RCU:2	branch:0	card:9
788
685
791
759
866
671
871
749
813
674
808
747
741
696
678
746
728
723
726
733
726
737
731
641
751
643
643
641
642
641
669
658
Module:2	RCU:2	branch:0	card:10
701
655
701
656
636
765
638
773
718
832
690
823
645
811
689
778
789
735
760
755
756
771
761
768
763
801
763
738
739
741
748
735
Module:2	RCU:2	branch:0	card:11
813
733
848
801
840
785
835
796
818
859
833
852
841
763
837
756
778
782
788
785
800
785
795
784
793
781
794
776
798
640
770
656
Module:2	RCU:2	branch:0	card:12
790
813
799
741
797
725
872
740
797
747
760
853
868
819
820
775
763
555
761
590
751
598
616
601
618
603
656
811
650
815
644
818
Module:2	RCU:2	branch:0	card:13
761
637
738
626
673
708
696
730
682
643
725
666
713
630
651
676
566
803
812
806
809
817
806
711
807
708
808
708
572
706
803
710
Module:2	RCU:2	branch:0	card:14
675
751
598
658
746
682
726
643
661
644
673
721
634
740
753
668
723
678
723
681
716
632
708
628
673
623
676
621
678
620
678
617
Module:2	RCU:2	branch:1	card:1
654
683
731
571
582
580
583
701
789
761
786
549
726
558
730
638
735
660
778
538
776
548
730
548
788
556
763
550
718
576
508
808
Module:2	RCU:2	branch:1	card:2
721
702
726
656
733
715
728
759
761
674
743
665
691
647
699
678
615
732
701
711
670
642
656
608
721
666
711
706
650
639
573
621
Module:2	RCU:2	branch:1	card:3
571
598
563
593
553
637
581
637
601
632
607
625
604
616
602
776
663
605
636
601
626
611
702
608
576
611
575
613
571
605
560
639
Module:2	RCU:2	branch:1	card:4
544
820
768
832
766
825
757
817
708
821
793
827
799
702
806
684
641
836
641
841
638
839
640
831
842
866
841
848
836
867
838
868
Module:2	RCU:2	branch:1	card:5
701
745
780
748
556
753
714
718
700
728
716
739
736
738
742
725
863
796
865
803
591
775
719
776
653
778
648
803
658
772
525
808
Module:2	RCU:2	branch:1	card:6
708
721
708
806
698
810
686
809
683
666
678
686
728
698
727
706
809
666
803
666
805
754
667
751
667
804
751
661
751
669
723
751
Module:2	RCU:2	branch:1	card:7
763
771
765
781
793
783
796
783
788
775
788
766
793
756
802
843
813
725
703
701
671
664
633
728
768
697
696
666
693
664
696
729
Module:2	RCU:2	branch:1	card:8
846
611
848
594
848
639
850
643
742
653
757
663
623
667
623
665
699
574
541
606
533
593
561
575
553
613
590
623
586
630
606
605
Module:2	RCU:2	branch:1	card:9
666
819
553
859
563
868
575
870
579
870
574
870
848
868
839
865
600
625
624
614
620
607
634
596
626
615
643
621
636
813
645
628
Module:2	RCU:2	branch:1	card:10
862
797
878
813
884
831
885
828
881
825
880
819
876
815
741
816
671
652
678
681
526
673
638
711
648
693
661
699
633
691
660
708
Module:2	RCU:2	branch:1	card:11
822
623
618
586
615
585
616
588
641
590
649
591
645
594
625
601
673
673
666
726
668
728
713
736
685
645
709
793
726
621
717
821
Module:2	RCU:2	branch:1	card:12
701
668
611
678
690
716
686
573
678
563
666
558
620
557
662
555
818
607
561
553
548
666
823
837
656
610
603
543
618
538
821
808
Module:2	RCU:2	branch:1	card:13
553
803
573
795
606
816
765
809
772
803
776
797
780
802
796
814
550
568
549
565
648
636
663
663
784
800
818
638
622
628
600
589
Module:2	RCU:2	branch:1	card:14
629
755
688
748
696
745
714
735
718
710
719
688
723
642
768
634
620
568
646
588
587
829
568
710
840
846
691
704
631
676
630
687
Module:2	RCU:3	branch:0	card:1
704
683
702
816
623
807
636
826
703
836
690
809
699
801
592
804
592
683
601
678
605
579
603
581
593
530
603
631
628
650
685
660
Module:2	RCU:3	branch:0	card:2
809
774
638
848
856
778
848
770
788
766
798
776
796
757
767
835
668
654
690
647
648
758
758
651
653
766
653
773
655
775
657
773
Module:2	RCU:3	branch:0	card:3
841
807
793
800
786
742
786
731
726
726
668
708
823
838
815
628
756
727
743
723
760
726
771
728
779
718
781
741
782
743
773
743
Module:2	RCU:3	branch:0	card:4
820
784
761
775
753
755
746
676
738
724
855
701
844
687
831
573
736
761
726
761
716
758
705
757
734
679
744
698
752
703
758
703
Module:2	RCU:3	branch:0	card:5
596
652
724
646
723
694
598
703
756
648
616
683
750
680
713
683
704
686
707
696
583
706
769
716
686
725
676
704
666
709
650
592
Module:2	RCU:3	branch:0	card:6
641
750
705
761
695
740
831
781
823
773
808
726
812
775
781
718
688
586
603
597
551
679
666
548
595
545
683
611
574
537
553
660
Module:2	RCU:3	branch:0	card:7
785
727
733
734
808
838
801
821
710
713
710
654
661
658
671
758
621
661
626
582
723
701
633
651
621
773
573
820
633
785
641
711
Module:2	RCU:3	branch:0	card:8
686
603
758
623
758
683
838
636
736
658
618
652
701
673
707
666
765
758
697
786
655
786
778
753
721
731
757
751
671
700
684
676
Module:2	RCU:3	branch:0	card:9
644
860
681
683
628
894
575
876
712
781
603
883
853
611
750
751
773
736
741
733
745
755
660
715
738
729
813
803
802
815
748
685
Module:2	RCU:3	branch:0	card:10
835
641
791
806
750
723
651
713
735
691
691
633
708
643
896
648
786
668
633
788
723
751
796
837
758
757
776
725
648
728
711
813
Module:2	RCU:3	branch:0	card:11
626
651
643
602
635
681
546
672
606
595
661
683
626
579
661
564
811
812
853
863
863
766
750
760
734
738
706
689
718
836
806
781
Module:2	RCU:3	branch:0	card:12
553
676
717
686
579
728
571
720
693
593
548
803
707
732
588
731
718
859
698
731
787
765
791
743
750
659
745
805
830
744
835
690
Module:2	RCU:3	branch:0	card:13
588
641
773
552
770
553
727
571
731
520
733
813
563
800
636
790
676
717
721
856
730
856
852
766
833
771
772
728
675
721
610
708
Module:2	RCU:3	branch:0	card:14
513
520
686
596
585
688
591
661
553
658
493
616
616
563
549
541
690
658
630
659
631
655
643
671
652
758
693
722
717
677
654
683
Module:2	RCU:3	branch:1	card:1
644
637
568
672
600
661
609
651
611
562
638
597
646
599
638
604
826
730
831
804
696
794
775
731
786
801
711
715
781
596
826
635
Module:2	RCU:3	branch:1	card:2
703
671
708
673
708
624
701
676
686
675
630
597
643
565
659
553
626
653
638
716
628
676
621
629
648
690
665
768
704
723
666
713
Module:2	RCU:3	branch:1	card:3
536
811
546
808
555
783
715
773
752
678
777
781
795
789
791
630
702
735
713
656
761
751
748
737
740
736
749
686
728
740
683
750
Module:2	RCU:3	branch:1	card:4
658
770
670
754
681
718
702
708
728
695
736
610
705
619
740
618
720
700
733
821
761
808
783
783
723
817
649
818
826
731
782
772
Module:2	RCU:3	branch:1	card:5
618
706
620
711
620
718
646
588
533
682
533
666
579
658
579
657
753
788
786
833
793
810
766
801
831
806
802
806
771
830
799
821
Module:2	RCU:3	branch:1	card:6
700
694
698
758
693
747
671
728
791
731
653
728
656
758
689
754
816
576
792
533
801
646
655
653
641
579
615
583
624
586
583
531
Module:2	RCU:3	branch:1	card:7
763
781
753
803
735
742
727
736
736
791
763
780
756
802
803
806
658
606
631
566
605
552
710
770
573
623
576
616
663
590
621
587
Module:2	RCU:3	branch:1	card:8
726
786
776
795
778
800
791
823
801
868
826
867
819
838
765
841
564
592
702
591
656
557
623
641
603
667
602
641
560
619
621
634
Module:2	RCU:3	branch:1	card:9
866
568
875
573
827
627
838
549
846
543
848
550
835
566
863
536
577
701
681
646
672
701
689
686
678
533
684
561
707
566
688
556
Module:2	RCU:3	branch:1	card:10
541
733
710
717
706
760
706
750
674
750
723
758
741
763
731
700
577
621
581
604
584
611
590
603
586
606
594
593
618
605
618
623
Module:2	RCU:3	branch:1	card:11
680
602
701
597
691
596
681
597
681
600
691
606
701
617
719
624
628
664
648
657
633
530
658
648
643
652
681
666
673
640
671
675
Module:2	RCU:3	branch:1	card:12
622
641
654
656
653
608
635
612
628
619
626
630
628
576
633
577
672
687
687
663
681
723
708
786
660
793
680
535
641
724
665
723
Module:2	RCU:3	branch:1	card:13
577
589
565
581
607
577
608
671
641
673
661
675
689
675
578
674
709
706
765
807
743
756
738
773
698
766
789
751
796
735
758
775
Module:2	RCU:3	branch:1	card:14
731
571
582
580
583
701
789
761
786
549
726
558
730
638
735
660
778
538
776
548
730
548
788
556
763
550
718
576
508
808
519
812
