Module:2	RCU:0	branch:0	card:1
1023
1023
1023
1023
1023
1023
1023
1023
1023
1023
982
1023
977
1023
1023
1023
1023
950
1023
964
1023
971
1023
979
1023
987
1023
939
1023
992
969
989
Module:2	RCU:0	branch:0	card:2
979
1023
1023
1023
1023
1023
1023
1023
1023
1023
1023
1023
1023
1023
1023
1023
971
1007
969
1023
964
1023
972
1023
953
1023
985
1023
993
1023
999
1015
Module:2	RCU:0	branch:0	card:3
1023
851
1022
841
1020
846
865
836
862
827
861
832
891
892
866
918
1023
812
1023
1023
1023
1023
1023
1023
1023
1023
1023
1023
1023
1023
1023
1023
Module:2	RCU:0	branch:0	card:4
990
1023
1023
1023
1023
1023
1023
1006
1019
1023
1023
1023
1023
1023
1023
1023
1020
1023
1011
1023
1023
1023
1023
1023
1023
1023
1023
1023
1023
1023
1023
1023
Module:2	RCU:0	branch:0	card:5
932
939
942
931
956
912
965
883
970
906
965
991
955
972
946
928
992
1023
1012
1023
1023
1023
1023
939
1023
1013
1023
1023
1023
1023
1023
1023
Module:2	RCU:0	branch:0	card:6
1005
1002
1004
960
1008
988
1015
1002
1019
1010
1020
1011
1019
1004
1013
996
986
898
992
1023
1023
1023
996
1016
996
1005
993
994
988
972
908
982
Module:2	RCU:0	branch:0	card:7
972
971
977
949
985
933
999
951
999
959
992
975
988
982
979
1006
948
1000
943
986
902
971
911
948
1012
939
1014
950
1014
961
1007
976
Module:2	RCU:0	branch:0	card:8
891
981
907
971
918
961
918
952
912
951
898
941
890
918
885
929
1023
958
1023
946
1023
935
970
920
975
918
973
930
969
939
965
946
Module:2	RCU:0	branch:0	card:9
848
944
829
943
837
933
890
918
913
906
920
904
926
872
939
881
770
1023
780
1023
771
1023
840
1023
995
1023
1023
1023
1023
1023
1023
1023
Module:2	RCU:0	branch:0	card:10
1012
835
1021
852
1023
866
1019
879
862
874
852
881
825
867
871
859
838
765
841
842
864
813
799
782
828
764
969
795
809
807
810
810
Module:2	RCU:0	branch:0	card:11
1023
1023
1023
1021
1023
1012
1023
1002
1023
976
1023
990
1023
992
1023
1000
922
982
928
984
937
982
943
984
908
982
984
974
975
913
982
838
Module:2	RCU:0	branch:0	card:12
1009
939
1009
948
1009
946
997
950
980
965
969
986
968
995
966
993
949
902
943
880
940
896
934
903
933
905
935
906
934
911
923
917
Module:2	RCU:0	branch:0	card:13
978
905
978
901
953
911
934
929
923
1023
928
1023
925
1011
905
1014
816
762
781
774
832
763
830
755
791
961
796
765
795
761
789
890
Module:2	RCU:0	branch:0	card:14
935
853
927
990
904
990
884
988
875
949
878
964
848
969
856
973
813
961
766
961
792
824
801
963
775
964
821
968
863
970
957
957
Module:2	RCU:0	branch:1	card:1
1019
1023
890
1023
965
1023
1023
888
1018
1023
1023
1023
1023
1023
1000
899
859
755
865
930
864
944
862
956
860
960
860
836
784
955
757
943
Module:2	RCU:0	branch:1	card:2
484
484
484
484
484
484
484
484
484
484
484
484
484
484
484
484
937
929
927
920
898
912
911
911
915
906
926
900
846
857
935
894
Module:2	RCU:0	branch:1	card:3
1000
1023
1023
950
885
920
849
803
957
1023
920
1023
858
1023
1023
827
802
894
804
901
803
900
857
894
873
886
876
878
884
844
886
855
Module:2	RCU:0	branch:1	card:4
1023
1012
1010
1023
855
887
951
842
937
919
954
919
891
837
877
1023
842
832
930
832
899
831
986
831
959
824
810
794
827
797
832
799
Module:2	RCU:0	branch:1	card:5
908
1023
1023
983
1023
867
878
884
849
851
898
876
948
959
918
874
864
801
896
947
907
898
1011
970
938
970
924
915
986
994
1023
1023
Module:2	RCU:0	branch:1	card:6
903
971
929
1023
1023
1023
1015
838
962
885
1023
849
891
796
1023
946
951
853
848
912
877
899
929
993
1023
949
946
946
1005
1015
835
1023
Module:2	RCU:0	branch:1	card:7
910
923
1023
1023
977
989
1023
1011
1002
991
853
920
1023
1023
1023
1023
1023
1023
985
1023
1023
964
1023
1023
1023
848
1023
857
1023
942
1023
993
Module:2	RCU:0	branch:1	card:8
836
866
1023
1023
933
976
1023
1023
804
970
993
1007
1010
861
980
1023
1023
1023
976
943
1023
1023
820
808
958
901
872
884
958
1019
983
1023
Module:2	RCU:0	branch:1	card:9
977
983
883
893
1023
1023
996
1014
939
916
1023
1023
954
1007
962
984
1023
988
1023
1023
970
1023
1023
1023
1013
1023
1023
1023
1023
1023
1023
1005
Module:2	RCU:0	branch:1	card:10
845
865
907
912
864
800
817
967
765
949
964
935
897
956
937
983
1023
1023
1009
1007
1017
1023
1023
1002
1010
1023
964
1023
987
1023
1015
881
Module:2	RCU:0	branch:1	card:11
915
946
970
965
932
902
882
904
910
869
853
765
770
879
906
952
1023
1023
1023
1023
1023
926
1023
993
1023
988
1023
967
922
973
1023
998
Module:2	RCU:0	branch:1	card:12
869
905
825
961
946
939
978
937
915
875
923
880
892
858
843
825
1023
1023
1023
1023
1023
1023
1023
1023
1023
1023
1023
1023
1023
1023
1023
1023
Module:2	RCU:0	branch:1	card:13
1011
865
1023
828
1023
927
1023
978
1023
922
800
948
855
832
891
898
1023
1023
1023
1023
1023
1023
1023
1023
1023
1023
1023
1023
1023
1023
1023
1023
Module:2	RCU:0	branch:1	card:14
1023
1023
1020
1023
1023
1023
1023
1023
1013
1023
1009
1016
1000
995
993
1023
1023
1023
1023
1023
1023
1023
1023
1023
1023
1023
1023
1023
1023
1023
1023
1023
Module:2	RCU:1	branch:0	card:1
824
940
812
933
876
929
859
915
799
878
797
897
961
919
949
930
885
920
877
919
874
905
869
897
864
1015
830
864
839
851
853
894
Module:2	RCU:1	branch:0	card:2
872
832
853
848
837
842
835
808
832
877
811
819
898
828
819
832
842
853
849
831
866
804
870
835
879
838
784
796
779
806
774
809
Module:2	RCU:1	branch:0	card:3
1023
858
1023
826
1023
837
1023
849
1023
865
1023
875
865
1023
901
905
1023
1023
1023
1023
1023
1023
1023
995
1023
1023
1023
1023
1023
1023
1023
1023
Module:2	RCU:1	branch:0	card:4
1023
1023
1012
1023
1013
865
1012
1023
1009
1007
1008
1023
1002
1023
1023
1023
1004
1023
986
1023
968
962
975
971
993
984
1008
1002
1018
1014
1021
1023
Module:2	RCU:1	branch:0	card:5
976
921
976
941
978
950
982
956
978
962
975
1023
968
1023
946
1023
968
1007
945
997
939
911
917
916
912
955
958
1023
1023
1023
1023
1023
Module:2	RCU:1	branch:0	card:6
933
892
936
1018
937
1007
929
995
922
998
912
993
887
1023
878
977
760
957
787
941
819
935
838
891
873
1009
997
990
987
992
977
983
Module:2	RCU:1	branch:0	card:7
878
965
836
973
858
979
839
976
821
955
1023
958
956
1023
956
936
808
759
771
782
855
815
886
896
880
882
851
849
884
891
929
963
Module:2	RCU:1	branch:0	card:8
907
904
852
846
912
894
914
891
922
891
928
883
934
848
905
879
795
935
856
901
932
969
874
784
929
846
809
852
810
913
850
964
Module:2	RCU:1	branch:0	card:9
1007
862
1023
820
1023
812
831
862
834
792
836
795
827
900
872
907
939
808
1023
803
1007
895
820
817
827
794
833
783
775
818
814
814
Module:2	RCU:1	branch:0	card:10
996
975
1021
1014
1023
1023
1023
1023
1023
1023
1023
1023
1023
1023
999
1014
928
904
1004
992
1023
1018
1007
1013
967
996
864
831
883
782
945
778
Module:2	RCU:1	branch:0	card:11
1023
1023
1023
1023
1023
1023
1023
1023
1023
1023
1023
1023
1019
1023
1023
1020
782
770
794
914
972
893
983
875
885
843
815
871
821
893
854
950
Module:2	RCU:1	branch:0	card:12
1023
989
1023
999
1018
1010
1012
1015
1002
1023
992
1023
977
1023
976
1023
955
776
910
902
916
914
876
907
872
874
846
864
832
838
811
826
Module:2	RCU:1	branch:0	card:13
1023
1023
1023
1023
1023
1010
1016
996
1023
986
1023
971
956
976
1023
1023
976
1023
1023
946
975
956
967
1023
1023
999
1023
1009
939
1023
1023
1021
Module:2	RCU:1	branch:0	card:14
843
940
1009
981
1011
972
1010
845
1014
940
1005
937
996
927
986
1023
1010
1023
1000
926
966
962
992
982
1023
927
1023
940
946
1016
988
1023
Module:2	RCU:1	branch:1	card:1
1023
1023
1023
999
1023
1023
1023
1023
1023
1023
1023
1019
987
978
972
1013
1023
1023
1023
967
1023
1023
1016
1023
980
991
1023
1023
1023
1023
894
1023
Module:2	RCU:1	branch:1	card:2
1002
1003
984
1023
1023
1023
1023
1023
1023
1023
1023
985
1006
991
973
983
953
925
1023
1023
1023
1023
1023
1023
891
1023
1023
998
951
940
1003
1023
Module:2	RCU:1	branch:1	card:3
868
891
984
961
828
851
920
933
956
989
855
1002
978
964
848
948
989
949
960
1023
993
1023
1023
1023
1023
1023
1023
1023
958
976
997
994
Module:2	RCU:1	branch:1	card:4
831
817
913
971
780
889
874
939
954
986
969
885
872
962
997
871
1023
1023
1023
1023
894
959
914
997
859
1023
829
1023
965
1023
955
1008
Module:2	RCU:1	branch:1	card:5
890
810
1008
944
793
773
897
899
924
919
951
976
903
822
1010
989
826
946
982
1004
979
1023
1023
900
907
916
863
865
823
827
952
983
Module:2	RCU:1	branch:1	card:6
920
943
909
893
836
850
942
947
799
813
899
906
991
765
908
893
918
932
906
869
772
963
811
985
1000
940
972
878
940
907
987
870
Module:2	RCU:1	branch:1	card:7
987
991
954
867
831
873
864
793
779
818
832
785
774
762
956
933
1023
933
1023
898
985
865
898
849
872
995
821
970
970
949
1019
1010
Module:2	RCU:1	branch:1	card:8
811
811
880
813
846
792
775
760
1023
972
924
828
794
802
904
800
1023
1023
1023
1023
1023
1023
1023
1009
1023
998
1023
1023
1023
1023
1023
1023
Module:2	RCU:1	branch:1	card:9
969
1002
917
883
1009
1023
874
841
858
792
760
807
838
1023
942
897
964
1023
1023
1023
1023
1023
1023
1023
1021
1023
974
1023
1023
1023
1023
1023
Module:2	RCU:1	branch:1	card:10
1023
1023
1023
1023
1023
1023
1023
1023
1018
1023
1023
879
1023
756
1023
1023
896
929
934
1023
1023
965
1023
1023
972
1023
1000
1023
1000
1023
898
1023
Module:2	RCU:1	branch:1	card:11
962
1005
977
1023
972
1023
969
1023
974
1023
980
1023
988
1023
975
1023
997
1023
1023
1023
779
1023
1023
1023
1023
999
1023
1011
1002
1023
1023
1023
Module:2	RCU:1	branch:1	card:12
923
1023
922
1020
926
1012
925
1007
1023
1000
1018
998
1023
1003
1023
1005
953
1023
929
1023
1009
1023
985
1023
1023
1023
1023
1023
1023
1023
1023
1023
Module:2	RCU:1	branch:1	card:13
998
982
995
979
991
953
975
946
951
943
963
949
967
940
977
916
1023
1023
1023
1023
1007
1023
949
916
946
1023
1023
1023
967
955
940
1023
Module:2	RCU:1	branch:1	card:14
1023
1023
1021
940
1023
860
1023
962
1018
1023
1017
1017
859
1014
1023
938
956
1018
1023
997
1023
990
995
972
934
922
1023
942
1023
1010
1023
1023
Module:2	RCU:2	branch:0	card:1
956
1021
1023
1023
986
1023
1002
1023
1023
1023
1023
1023
958
1023
1023
929
998
977
948
1023
1023
1023
1023
984
975
981
949
946
874
860
1000
1018
Module:2	RCU:2	branch:0	card:2
920
991
1023
1023
986
918
1006
969
1023
1023
1002
1023
948
1023
958
1023
1023
1023
1023
943
1023
1021
1023
1023
857
1023
846
976
830
899
1023
1020
Module:2	RCU:2	branch:0	card:3
852
887
917
910
997
927
967
992
847
888
953
857
891
816
998
960
1023
1023
1023
893
920
865
876
1023
859
1023
874
1023
1023
923
1023
837
Module:2	RCU:2	branch:0	card:4
943
922
957
892
920
860
860
811
949
956
931
990
917
1023
1020
857
1012
962
1023
893
1023
1023
1023
925
984
885
1023
820
960
1023
1014
1023
Module:2	RCU:2	branch:0	card:5
967
976
1023
962
1023
922
1023
1018
917
916
897
889
858
940
818
815
1023
959
930
1003
1010
1023
1023
1023
1023
1023
1023
1018
1023
1023
1023
1023
Module:2	RCU:2	branch:0	card:6
1012
972
995
1023
986
1014
1023
1023
1023
1011
1023
976
1016
1023
1023
983
1023
1023
1023
1023
990
999
991
1016
1023
1023
1023
1023
1023
1023
1023
1023
Module:2	RCU:2	branch:0	card:7
1023
1023
1023
1023
1023
1023
1023
983
1023
1023
1023
1023
1023
1023
1023
1023
1023
1023
1010
1009
1023
1023
979
909
1003
1009
1023
1023
1023
1023
1023
1023
Module:2	RCU:2	branch:0	card:8
837
950
948
905
905
1012
1010
1023
908
1023
872
1023
831
1023
981
1023
1023
1023
984
987
957
958
934
943
909
872
878
877
1023
1023
1023
1023
Module:2	RCU:2	branch:0	card:9
876
834
831
836
792
982
948
944
935
929
1010
1013
913
907
875
866
938
1023
907
1023
1023
984
1023
967
981
932
964
911
938
1023
1023
1023
Module:2	RCU:2	branch:0	card:10
873
871
874
868
836
794
792
790
948
937
922
927
1004
1018
908
911
1023
1023
1023
1023
978
961
960
959
933
942
912
910
935
958
1023
949
Module:2	RCU:2	branch:0	card:11
865
889
864
864
832
830
790
787
975
983
934
944
892
894
896
913
1023
1023
1013
1019
1023
1023
1023
1023
1023
1023
1023
1023
1023
1023
1023
1023
Module:2	RCU:2	branch:0	card:12
991
1023
979
1023
1023
1023
1023
1023
1023
1023
1023
1023
956
1002
988
900
1023
1023
1023
1023
1023
1023
993
484
1023
1023
1023
1023
1023
1023
1023
1023
Module:2	RCU:2	branch:0	card:13
1023
1023
1023
1018
982
967
975
1023
1023
1014
1023
1023
952
1023
1023
1023
1023
1023
1023
1023
1023
1023
1023
1023
1023
1023
995
979
1023
1023
1023
1023
Module:2	RCU:2	branch:0	card:14
1023
1023
1023
1023
986
998
956
1023
1023
1023
1023
1010
1023
1023
1023
1023
1023
1009
995
1023
946
1023
916
1023
874
1023
1023
1023
1023
1023
1023
1023
Module:2	RCU:2	branch:1	card:1
937
891
986
995
1023
1023
951
964
913
897
975
912
962
901
1023
956
1023
1023
1023
1023
1023
1023
1023
947
914
941
960
959
1011
1012
1023
939
Module:2	RCU:2	branch:1	card:2
1023
1023
1023
1023
1023
1023
1023
1023
1023
1023
1023
1023
1023
1023
1023
1023
998
978
1023
1011
1023
1023
1023
1023
1023
991
1016
949
999
934
964
988
Module:2	RCU:2	branch:1	card:3
1023
1013
1002
976
1005
1023
1023
1023
1023
1023
1016
1023
1023
1023
1023
1023
886
878
876
883
860
870
833
814
827
823
991
883
961
909
847
924
Module:2	RCU:2	branch:1	card:4
1023
1023
1023
1023
1023
1023
1023
821
1023
868
1023
880
1023
882
1023
879
959
960
920
933
912
899
993
966
832
839
930
978
905
943
948
862
Module:2	RCU:2	branch:1	card:5
1023
897
950
921
860
923
914
906
923
937
917
991
951
1023
874
1023
1023
1023
1018
1023
1023
1023
1023
1023
1023
1013
1023
1021
1023
1009
1023
914
Module:2	RCU:2	branch:1	card:6
947
989
922
939
963
976
982
990
996
997
995
998
960
998
962
1023
757
761
845
1023
864
1001
899
986
918
1023
1023
1023
899
1023
993
1023
Module:2	RCU:2	branch:1	card:7
1023
1023
1006
1013
1023
1023
1023
891
910
933
928
805
1023
1023
1023
1023
946
959
1023
955
1023
982
1023
1004
1023
996
1007
983
971
956
982
886
Module:2	RCU:2	branch:1	card:8
982
1023
1023
856
897
928
939
998
940
803
797
1023
1023
1023
1023
959
1018
1005
1023
1023
1023
970
977
1023
1009
1014
1019
993
1023
977
997
972
Module:2	RCU:2	branch:1	card:9
1023
969
878
992
924
1023
1023
1023
1014
996
977
1023
1023
1023
904
1023
950
872
943
838
921
927
894
955
942
839
963
886
873
883
888
983
Module:2	RCU:2	branch:1	card:10
843
834
956
1023
1001
1023
852
1023
1023
1023
1023
1010
1023
1023
965
1023
974
911
998
943
1000
949
991
931
972
908
946
913
918
912
893
932
Module:2	RCU:2	branch:1	card:11
953
963
891
891
1002
1023
1004
1023
851
854
859
932
930
981
959
1003
1023
1023
1020
1023
1023
856
1023
1023
1023
1023
1023
1023
948
991
1023
961
Module:2	RCU:2	branch:1	card:12
937
925
1023
1023
852
906
1023
1021
1023
1023
800
901
963
844
967
935
1023
859
950
889
901
1023
913
1023
1023
1023
967
1023
1023
1023
1023
1023
Module:2	RCU:2	branch:1	card:13
963
972
995
997
1023
1022
1023
1023
890
893
974
998
895
1023
900
1023
992
943
956
988
920
1018
1023
1023
1023
1023
1023
1023
1010
937
955
857
Module:2	RCU:2	branch:1	card:14
1023
1023
1023
1023
1023
1023
1023
1023
1023
1023
1023
1023
1023
1023
1023
1023
1023
1023
973
1023
1023
1023
956
1023
1023
1023
1023
1023
1023
1023
1013
1023
Module:2	RCU:3	branch:0	card:1
1023
869
848
1023
874
1006
873
1023
923
1023
956
1014
946
1023
824
1023
1023
1023
1023
1023
1023
1023
971
997
971
923
961
1023
878
1023
1023
1023
Module:2	RCU:3	branch:0	card:2
1023
826
1023
905
1023
940
1023
1023
906
881
925
921
957
892
883
953
1023
1023
1023
1023
1004
996
1020
990
977
964
965
956
919
924
988
1019
Module:2	RCU:3	branch:0	card:3
1023
1023
1023
1023
1023
1023
1023
1023
1023
1023
1023
1023
1023
1023
1023
921
1023
1023
1023
1023
1023
1023
1021
1010
997
970
950
962
929
929
1023
960
Module:2	RCU:3	branch:0	card:4
1023
997
991
1004
1003
1023
978
1006
1017
1023
1023
1023
1023
1023
1023
1023
1023
1023
1023
1023
1023
1023
1023
1023
1023
1023
1023
1023
1023
1023
1023
1023
Module:2	RCU:3	branch:0	card:5
1023
1023
1023
1023
999
987
1018
989
978
941
943
1023
938
1023
1023
1023
1023
1023
1023
1023
1023
1023
1023
1023
1023
1023
1023
1023
1023
1023
1023
1023
Module:2	RCU:3	branch:0	card:6
1000
1023
1013
1011
1018
989
995
978
1012
1023
1023
1023
960
968
981
986
1023
1004
1023
998
1023
984
1023
972
1023
954
1016
1023
982
1023
1005
1023
Module:2	RCU:3	branch:0	card:7
933
976
1023
1019
952
1005
1021
993
1003
955
965
895
916
847
858
981
970
935
942
822
830
921
933
1014
943
989
943
965
943
1002
937
1016
Module:2	RCU:3	branch:0	card:8
924
1023
825
963
941
904
1023
940
1023
929
901
820
849
979
924
933
977
940
976
922
974
900
972
934
887
804
810
852
967
868
951
849
Module:2	RCU:3	branch:0	card:9
888
971
964
879
867
869
875
960
936
1018
1023
1023
993
951
868
914
821
865
905
846
870
902
818
902
821
905
908
879
894
849
864
868
Module:2	RCU:3	branch:0	card:10
1023
1023
1023
1023
1023
1023
1023
1023
1023
790
1023
1023
1023
1023
1023
980
1023
1023
1023
1023
1023
1023
1023
1023
1023
1023
1023
1023
1023
902
1023
901
Module:2	RCU:3	branch:0	card:11
1023
1023
1023
1023
1023
1023
1023
1023
986
1023
1023
1023
1023
1023
1023
1023
1023
1023
1023
1023
1023
1023
1023
1023
1023
1023
1023
1023
1023
1023
1023
1023
Module:2	RCU:3	branch:0	card:12
1023
1023
1023
1023
1023
1023
1023
1023
1023
1023
1023
1023
1023
1023
1023
1023
1023
1023
1016
1023
923
1023
1023
1023
1009
1023
964
1023
1023
1023
1023
1023
Module:2	RCU:3	branch:0	card:13
997
964
914
920
1023
996
996
923
940
1021
1023
1023
1023
1023
1021
1023
1023
946
1023
947
994
1023
1004
1023
1023
1023
1023
1000
982
971
913
932
Module:2	RCU:3	branch:0	card:14
1014
1023
1023
1007
967
955
947
1023
842
977
991
970
965
1023
1023
1023
1003
1023
881
955
844
1023
865
1016
974
998
1023
842
963
852
1023
870
Module:2	RCU:3	branch:1	card:1
978
972
1023
1023
1023
1023
1023
1023
1023
1023
1023
994
1023
993
1023
993
901
888
870
916
971
949
1002
986
1023
1013
1023
1013
985
1013
919
1023
Module:2	RCU:3	branch:1	card:2
1023
1023
1023
1023
929
905
901
939
962
1000
1023
996
1023
972
1023
1023
1023
851
898
816
929
876
965
910
1003
946
1016
958
1013
1023
1014
991
Module:2	RCU:3	branch:1	card:3
1023
1023
1023
845
1023
864
975
908
998
921
989
930
1016
931
1023
902
988
987
841
975
863
828
892
853
952
878
956
888
963
907
989
935
Module:2	RCU:3	branch:1	card:4
948
1023
965
957
890
943
916
798
922
853
933
847
920
1023
957
963
984
911
986
879
833
865
935
788
899
803
910
940
929
927
925
894
Module:2	RCU:3	branch:1	card:5
957
890
806
990
783
960
822
1019
859
1023
1023
876
895
901
899
890
764
826
757
817
944
775
843
820
809
836
829
881
872
1023
860
1023
Module:2	RCU:3	branch:1	card:6
1023
1023
1004
1023
933
948
993
1023
1023
1023
1023
1023
1023
1023
1023
1023
1023
1023
1023
981
1010
1023
1023
1023
1023
1023
1023
1023
1023
1023
1023
1023
Module:2	RCU:3	branch:1	card:7
1023
1023
1023
1023
1023
1023
1023
1023
1023
1023
1023
1023
1023
1023
1023
995
1023
1023
986
1011
944
972
1002
984
1023
1023
1023
1023
1023
1023
1023
1023
Module:2	RCU:3	branch:1	card:8
1023
1023
1023
1023
1023
1023
1023
1023
1023
1023
1023
1005
1023
935
985
1008
981
998
937
917
935
969
1019
1013
1023
1023
1023
1007
1023
1023
1003
484
Module:2	RCU:3	branch:1	card:9
1023
1023
1023
922
1023
1023
1023
1023
1023
1023
1014
1023
979
1023
964
803
1023
932
956
1023
993
879
1023
1023
1023
905
993
924
1023
1023
1023
927
Module:2	RCU:3	branch:1	card:10
939
1023
1010
1023
1001
1023
1023
1023
1002
1023
986
1023
962
1023
930
848
1023
1023
1023
937
1023
1019
950
970
1023
1007
881
916
1023
1021
885
955
Module:2	RCU:3	branch:1	card:11
839
950
977
965
993
997
1004
1023
1017
1019
1023
991
993
968
990
946
1011
998
972
1017
1004
1023
1021
1023
1023
1003
936
1023
979
983
1023
991
Module:2	RCU:3	branch:1	card:12
957
1023
916
1023
905
1023
951
1023
988
1020
1000
874
1007
912
1023
1023
1023
895
980
1023
961
967
933
981
967
1007
939
1020
1023
1013
921
987
Module:2	RCU:3	branch:1	card:13
940
1023
951
1023
960
1023
853
1000
897
890
932
905
911
879
1023
924
936
484
978
989
983
1005
972
1023
1016
1023
1020
950
1002
937
958
980
Module:2	RCU:3	branch:1	card:14
1023
1022
943
957
1023
1023
1023
1023
1023
1023
1023
1023
1023
893
1023
1023
1023
1023
1007
1023
989
1023
1004
982
1023
1011
1023
1023
1023
1023
1023
697
