Module:2	RCU:3	branch:1	card:14
706
546
557
555
558
676
764
736
761
524
701
533
705
613
710
635
753
513
751
523
705
523
763
531
738
525
693
551
483
783
494
787
Module:2	RCU:3	branch:1	card:13
552
564
540
556
582
552
583
646
616
648
636
650
664
650
553
649
684
681
740
782
718
731
713
748
673
741
764
726
771
710
733
750
Module:2	RCU:3	branch:1	card:12
597
616
629
631
628
583
610
587
603
594
601
605
603
551
608
552
647
662
662
638
656
698
683
761
635
768
655
510
616
699
640
698
Module:2	RCU:3	branch:1	card:11
655
577
676
572
666
571
656
572
656
575
666
581
676
592
694
599
603
639
623
632
608
505
633
623
618
627
656
641
648
615
646
650
Module:2	RCU:3	branch:1	card:10
516
708
685
692
681
735
681
725
649
725
698
733
716
738
706
675
552
596
556
579
559
586
565
578
561
581
569
568
593
580
593
598
Module:2	RCU:3	branch:1	card:9
841
543
850
548
802
602
813
524
821
518
823
525
810
541
838
511
552
676
656
621
647
676
664
661
653
508
659
536
682
541
663
531
Module:2	RCU:3	branch:1	card:8
701
761
751
770
753
775
766
798
776
843
801
842
794
813
740
816
539
567
677
566
631
532
598
616
578
642
577
616
535
594
596
609
Module:2	RCU:3	branch:1	card:7
738
756
728
778
710
717
702
711
711
766
738
755
731
777
778
781
633
581
606
541
580
527
685
745
548
598
551
591
638
565
596
562
Module:2	RCU:3	branch:1	card:6
675
669
673
733
668
722
646
703
766
706
628
703
631
733
664
729
791
551
767
508
776
621
630
628
616
554
590
558
599
561
558
506
Module:2	RCU:3	branch:1	card:5
593
681
595
686
595
693
621
563
508
657
508
641
554
633
554
632
728
763
761
808
768
785
741
776
806
781
777
781
746
805
774
796
Module:2	RCU:3	branch:1	card:4
633
745
645
729
656
693
677
683
703
670
711
585
680
594
715
593
695
675
708
796
736
783
758
758
698
792
624
793
801
706
757
747
Module:2	RCU:3	branch:1	card:3
511
786
521
783
530
758
690
748
727
653
752
756
770
764
766
605
677
710
688
631
736
726
723
712
715
711
724
661
703
715
658
725
Module:2	RCU:3	branch:1	card:2
678
646
683
648
683
599
676
651
661
650
605
572
618
540
634
528
601
628
613
691
603
651
596
604
623
665
640
743
679
698
641
688
Module:2	RCU:3	branch:1	card:1
619
612
543
647
575
636
584
626
586
537
613
572
621
574
613
579
801
705
806
779
671
769
750
706
761
776
686
690
756
571
801
610
Module:2	RCU:3	branch:0	card:14
488
495
661
571
560
663
566
636
528
633
468
591
591
538
524
516
665
633
605
634
606
630
618
646
627
733
668
697
692
652
629
658
Module:2	RCU:3	branch:0	card:13
563
616
748
527
745
528
702
546
706
495
708
788
538
775
611
765
651
692
696
831
705
831
827
741
808
746
747
703
650
696
585
683
Module:2	RCU:3	branch:0	card:12
528
651
692
661
554
703
546
695
668
568
523
778
682
707
563
706
693
834
673
706
762
740
766
718
725
634
720
780
805
719
810
665
Module:2	RCU:3	branch:0	card:11
601
626
618
577
610
656
521
647
581
570
636
658
601
554
636
539
786
787
828
838
838
741
725
735
709
713
681
664
693
811
781
756
Module:2	RCU:3	branch:0	card:10
810
616
766
781
725
698
626
688
710
666
666
608
683
618
871
623
761
643
608
763
698
726
771
812
733
732
751
700
623
703
686
788
Module:2	RCU:3	branch:0	card:9
619
835
656
658
603
869
550
851
687
756
578
858
828
586
725
726
748
711
716
708
720
730
635
690
713
704
788
778
777
790
723
660
Module:2	RCU:3	branch:0	card:8
661
578
733
598
733
658
813
611
711
633
593
627
676
648
682
641
740
733
672
761
630
761
753
728
696
706
732
726
646
675
659
651
Module:2	RCU:3	branch:0	card:7
760
702
708
709
783
813
776
796
685
688
685
629
636
633
646
733
596
636
601
557
698
676
608
626
596
748
548
795
608
760
616
686
Module:2	RCU:3	branch:0	card:6
616
725
680
736
670
715
806
756
798
748
783
701
787
750
756
693
663
561
578
572
526
654
641
523
570
520
658
586
549
512
528
635
Module:2	RCU:3	branch:0	card:5
571
627
699
621
698
669
573
678
731
623
591
658
725
655
688
658
679
661
682
671
558
681
744
691
661
700
651
679
641
684
625
567
Module:2	RCU:3	branch:0	card:4
795
759
736
750
728
730
721
651
713
699
830
676
819
662
806
548
711
736
701
736
691
733
680
732
709
654
719
673
727
678
733
678
Module:2	RCU:3	branch:0	card:3
816
782
768
775
761
717
761
706
701
701
643
683
798
813
790
603
731
702
718
698
735
701
746
703
754
693
756
716
757
718
748
718
Module:2	RCU:3	branch:0	card:2
784
749
613
823
831
753
823
745
763
741
773
751
771
732
742
810
643
629
665
622
623
733
733
626
628
741
628
748
630
750
632
748
Module:2	RCU:3	branch:0	card:1
679
658
677
791
598
782
611
801
678
811
665
784
674
776
567
779
567
658
576
653
580
554
578
556
568
505
578
606
603
625
660
635
Module:2	RCU:2	branch:1	card:14
604
730
663
723
671
720
689
710
693
685
694
663
698
617
743
609
595
543
621
563
562
804
543
685
815
821
666
679
606
651
605
662
Module:2	RCU:2	branch:1	card:13
528
778
548
770
581
791
740
784
747
778
751
772
755
777
771
789
525
543
524
540
623
611
638
638
759
775
793
613
597
603
575
564
Module:2	RCU:2	branch:1	card:12
676
643
586
653
665
691
661
548
653
538
641
533
595
532
637
530
793
582
536
528
523
641
798
812
631
585
578
518
593
513
796
783
Module:2	RCU:2	branch:1	card:11
797
598
593
561
590
560
591
563
616
565
624
566
620
569
600
576
648
648
641
701
643
703
688
711
660
620
684
768
701
596
692
796
Module:2	RCU:2	branch:1	card:10
837
772
853
788
859
806
860
803
856
800
855
794
851
790
716
791
646
627
653
656
501
648
613
686
623
668
636
674
608
666
635
683
Module:2	RCU:2	branch:1	card:9
641
794
528
834
538
843
550
845
554
845
549
845
823
843
814
840
575
600
599
589
595
582
609
571
601
590
618
596
611
788
620
603
Module:2	RCU:2	branch:1	card:8
821
586
823
569
823
614
825
618
717
628
732
638
598
642
598
640
674
549
516
581
508
568
536
550
528
588
565
598
561
605
581
580
Module:2	RCU:2	branch:1	card:7
738
746
740
756
768
758
771
758
763
750
763
741
768
731
777
818
788
700
678
676
646
639
608
703
743
672
671
641
668
639
671
704
Module:2	RCU:2	branch:1	card:6
683
696
683
781
673
785
661
784
658
641
653
661
703
673
702
681
784
641
778
641
780
729
642
726
642
779
726
636
726
644
698
726
Module:2	RCU:2	branch:1	card:5
676
720
755
723
531
728
689
693
675
703
691
714
711
713
717
700
838
771
840
778
566
750
694
751
628
753
623
778
633
747
500
783
Module:2	RCU:2	branch:1	card:4
519
795
743
807
741
800
732
792
683
796
768
802
774
677
781
659
616
811
616
816
613
814
615
806
817
841
816
823
811
842
813
843
Module:2	RCU:2	branch:1	card:3
546
573
538
568
528
612
556
612
576
607
582
600
579
591
577
751
638
580
611
576
601
586
677
583
551
586
550
588
546
580
535
614
Module:2	RCU:2	branch:1	card:2
696
677
701
631
708
690
703
734
736
649
718
640
666
622
674
653
590
707
676
686
645
617
631
583
696
641
686
681
625
614
548
596
Module:2	RCU:2	branch:1	card:1
629
658
706
546
557
555
558
676
764
736
761
524
701
533
705
613
710
635
753
513
751
523
705
523
763
531
738
525
693
551
483
783
Module:2	RCU:2	branch:0	card:14
650
726
573
633
721
657
701
618
636
619
648
696
609
715
728
643
698
653
698
656
691
607
683
603
648
598
651
596
653
595
653
592
Module:2	RCU:2	branch:0	card:13
736
612
713
601
648
683
671
705
657
618
700
641
688
605
626
651
541
778
787
781
784
792
781
686
782
683
783
683
547
681
778
685
Module:2	RCU:2	branch:0	card:12
765
788
774
716
772
700
847
715
772
722
735
828
843
794
795
750
738
530
736
565
726
573
591
576
593
578
631
786
625
790
619
793
Module:2	RCU:2	branch:0	card:11
788
708
823
776
815
760
810
771
793
834
808
827
816
738
812
731
753
757
763
760
775
760
770
759
768
756
769
751
773
615
745
631
Module:2	RCU:2	branch:0	card:10
676
630
676
631
611
740
613
748
693
807
665
798
620
786
664
753
764
710
735
730
731
746
736
743
738
776
738
713
714
716
723
710
Module:2	RCU:2	branch:0	card:9
763
660
766
734
841
646
846
724
788
649
783
722
716
671
653
721
703
698
701
708
701
712
706
616
726
618
618
616
617
616
644
633
Module:2	RCU:2	branch:0	card:8
766
851
832
758
721
703
738
771
806
845
806
775
796
700
791
701
781
676
721
703
725
700
779
775
763
684
768
675
684
676
677
675
Module:2	RCU:2	branch:0	card:7
748
762
735
753
830
829
825
831
851
746
823
521
828
806
801
808
673
524
651
531
655
728
523
721
526
730
533
718
736
763
512
757
Module:2	RCU:2	branch:0	card:6
763
801
725
792
678
730
718
596
724
789
776
848
793
847
848
808
766
644
778
666
783
669
786
668
703
717
654
652
558
617
658
638
Module:2	RCU:2	branch:0	card:5
813
704
797
761
783
659
673
696
709
726
773
746
777
756
669
623
820
758
734
757
730
754
720
748
750
745
758
742
760
742
758
765
Module:2	RCU:2	branch:0	card:4
838
793
918
783
812
799
822
811
836
865
843
885
861
891
833
835
678
808
890
811
876
801
784
796
782
791
775
783
795
811
805
811
Module:2	RCU:2	branch:0	card:3
910
843
918
850
873
886
881
846
866
853
905
828
860
836
867
837
836
823
832
793
826
831
839
843
853
856
859
873
861
878
853
883
Module:2	RCU:2	branch:0	card:2
683
896
686
891
658
911
701
900
610
890
601
897
713
869
711
866
636
689
693
708
708
705
717
703
717
698
719
696
722
694
708
694
Module:2	RCU:2	branch:0	card:1
563
678
488
495
661
571
560
663
566
636
528
633
468
591
591
538
524
516
665
633
605
634
606
630
618
646
627
733
668
697
692
652
Module:2	RCU:1	branch:1	card:14
591
576
610
655
648
664
676
580
606
590
608
586
675
643
601
576
678
621
693
636
791
650
683
621
680
681
731
681
734
678
563
678
Module:2	RCU:1	branch:1	card:13
691
717
870
800
853
837
778
808
749
641
671
880
675
861
757
902
640
803
637
816
814
693
813
703
721
609
706
777
603
791
671
795
Module:2	RCU:1	branch:1	card:12
625
772
713
798
801
900
921
738
799
769
665
726
652
723
703
714
763
733
752
721
745
751
763
745
790
773
711
745
714
560
717
564
Module:2	RCU:1	branch:1	card:11
781
826
806
708
698
703
748
690
799
736
849
736
816
721
711
708
796
610
686
791
831
871
788
803
811
771
847
786
789
876
805
806
Module:2	RCU:1	branch:1	card:10
687
738
830
830
849
851
832
781
844
686
792
771
813
849
746
768
706
786
831
766
818
856
781
678
681
831
688
756
686
626
818
711
Module:2	RCU:1	branch:1	card:9
898
890
806
800
821
888
866
880
857
835
868
718
871
755
869
829
671
831
684
768
791
791
871
848
848
832
648
686
864
721
816
600
Module:2	RCU:1	branch:1	card:8
743
903
726
875
754
875
737
837
775
859
766
861
779
920
685
888
715
665
634
641
681
720
706
699
693
675
718
727
720
673
701
715
Module:2	RCU:1	branch:1	card:7
640
691
639
607
655
607
586
618
621
605
760
613
593
600
625
616
726
696
719
678
668
728
692
738
666
650
740
693
733
691
663
801
Module:2	RCU:1	branch:1	card:6
646
718
707
712
583
722
578
726
701
757
586
748
570
750
710
737
793
755
788
751
791
746
803
762
803
753
803
698
806
691
799
695
Module:2	RCU:1	branch:1	card:5
675
730
681
723
704
641
696
643
713
615
700
631
812
613
821
629
785
630
825
666
795
782
741
777
805
776
678
766
626
790
637
791
Module:2	RCU:1	branch:1	card:4
704
770
691
686
700
693
738
661
757
666
818
653
746
661
716
681
846
776
731
805
728
778
741
800
758
753
756
779
806
753
776
773
Module:2	RCU:1	branch:1	card:3
661
695
681
661
722
710
726
531
678
561
661
551
682
583
715
581
665
841
782
843
806
851
828
854
826
826
815
832
835
833
823
855
Module:2	RCU:1	branch:1	card:2
708
733
696
653
641
668
690
678
746
676
746
660
768
722
697
686
729
653
716
663
698
663
711
681
698
683
691
688
696
676
626
676
Module:2	RCU:1	branch:1	card:1
768
641
643
635
790
813
783
796
735
731
744
805
778
698
713
659
753
790
674
691
765
713
758
698
799
626
778
710
791
703
683
723
Module:2	RCU:1	branch:0	card:14
733
658
501
727
725
681
694
706
593
791
791
735
531
519
482
649
733
643
725
644
703
680
721
772
726
746
745
766
737
620
634
690
Module:2	RCU:1	branch:0	card:13
646
723
586
710
652
781
716
551
783
651
757
796
576
558
540
720
671
643
668
606
679
650
677
726
668
731
647
603
642
731
640
611
Module:2	RCU:1	branch:0	card:12
703
543
687
658
730
657
733
683
746
598
743
693
744
693
623
615
771
800
769
805
768
810
766
805
763
786
674
834
677
598
796
670
Module:2	RCU:1	branch:0	card:11
706
751
761
781
750
775
766
791
771
791
612
683
754
701
773
721
810
732
813
736
816
740
823
746
829
856
833
848
752
783
738
773
Module:2	RCU:1	branch:0	card:10
630
810
608
780
771
818
811
813
811
823
801
736
807
741
791
726
871
791
876
791
868
787
871
781
868
775
866
755
793
792
791
802
Module:2	RCU:1	branch:0	card:9
623
585
624
648
615
678
598
579
647
541
643
575
623
611
852
586
703
838
706
831
711
821
716
800
856
830
849
857
842
861
839
866
Module:2	RCU:1	branch:0	card:8
513
686
725
579
691
583
686
513
745
526
748
496
730
671
691
656
673
718
746
718
743
631
744
714
606
580
635
763
643
686
718
700
Module:2	RCU:1	branch:0	card:7
741
721
720
771
766
558
760
661
740
658
767
736
785
740
760
757
602
681
608
648
703
654
701
658
692
663
686
663
688
662
688
667
Module:2	RCU:1	branch:0	card:6
688
765
753
761
727
711
755
701
748
736
703
696
696
711
691
718
833
599
821
636
646
635
637
636
633
568
626
569
607
558
603
571
Module:2	RCU:1	branch:0	card:5
638
723
696
656
708
681
718
711
720
740
681
736
724
718
671
680
846
751
849
764
851
787
831
801
770
798
836
817
843
808
847
803
Module:2	RCU:1	branch:0	card:4
676
549
663
550
668
577
694
581
685
603
691
576
509
613
530
613
856
768
857
822
808
817
797
814
875
836
865
833
861
842
778
841
Module:2	RCU:1	branch:0	card:3
746
780
736
774
743
778
730
625
701
603
738
628
765
663
778
668
750
683
801
718
803
860
779
848
671
860
647
786
701
862
694
843
Module:2	RCU:1	branch:0	card:2
560
581
722
596
588
599
565
575
585
513
487
714
696
741
579
715
781
711
799
720
794
703
777
708
726
740
743
724
750
736
771
773
Module:2	RCU:1	branch:0	card:1
690
506
676
801
687
625
680
538
758
581
688
673
686
610
683
673
580
796
796
791
810
796
821
797
836
773
831
784
782
791
776
716
Module:2	RCU:0	branch:1	card:14
745
766
741
787
616
768
789
751
793
638
749
758
748
759
764
755
729
642
735
761
723
696
811
800
655
710
745
633
733
776
691
686
Module:2	RCU:0	branch:1	card:13
778
720
761
792
833
825
823
830
792
793
668
672
725
698
834
763
770
753
777
810
727
796
738
828
709
823
674
810
783
821
775
750
Module:2	RCU:0	branch:1	card:12
823
726
821
751
707
741
783
765
729
759
775
773
776
768
735
785
617
796
606
826
670
808
647
818
630
781
802
795
752
762
746
771
Module:2	RCU:0	branch:1	card:11
763
776
828
800
650
798
653
820
674
799
800
700
811
821
792
757
664
747
695
682
631
666
725
663
634
751
692
750
656
641
645
676
Module:2	RCU:0	branch:1	card:10
911
872
815
805
848
833
737
647
796
881
813
823
903
855
825
878
750
729
816
743
821
640
668
628
666
690
752
623
753
628
665
683
Module:2	RCU:0	branch:1	card:9
860
821
673
912
806
763
651
850
804
841
856
673
851
900
801
816
563
690
561
701
563
705
663
697
716
738
704
724
733
746
715
721
Module:2	RCU:0	branch:1	card:8
647
683
708
888
693
895
721
778
723
796
705
647
691
819
896
858
541
525
603
661
563
665
665
666
661
495
499
511
551
515
546
521
Module:2	RCU:0	branch:1	card:7
761
703
693
668
738
738
696
713
846
686
671
693
740
877
715
868
571
646
571
540
626
566
627
570
544
576
580
663
581
660
615
636
Module:2	RCU:0	branch:1	card:6
815
755
825
743
840
747
839
857
731
752
750
726
745
763
751
759
531
533
534
571
553
553
558
626
563
606
601
595
604
543
603
580
Module:2	RCU:0	branch:1	card:5
628
913
658
903
673
894
671
881
658
920
666
903
643
884
648
830
670
569
668
563
691
612
635
582
662
576
639
500
629
498
526
496
Module:2	RCU:0	branch:1	card:4
706
591
891
868
861
611
680
623
886
623
690
624
641
650
613
639
643
666
637
603
664
693
701
600
705
593
721
675
701
685
670
638
Module:2	RCU:0	branch:1	card:3
658
760
754
763
730
696
766
728
640
700
767
670
681
763
738
663
731
732
726
748
718
726
728
753
736
745
736
721
813
758
748
820
Module:2	RCU:0	branch:1	card:2
592
703
731
717
721
656
485
730
640
669
708
631
664
734
621
723
785
831
683
806
771
811
771
821
781
695
807
671
803
696
829
693
Module:2	RCU:0	branch:1	card:1
634
690
591
576
610
655
648
664
676
580
606
590
608
586
675
643
601
576
678
621
693
636
791
650
683
621
680
681
731
681
734
678
Module:2	RCU:0	branch:0	card:14
570
556
603
596
662
557
591
592
528
551
650
606
590
566
596
516
863
827
808
831
804
826
825
823
815
816
804
776
851
791
828
754
Module:2	RCU:0	branch:0	card:13
606
626
597
626
606
665
642
625
636
656
624
662
627
662
628
656
841
853
843
751
863
876
855
873
850
863
846
860
846
853
836
855
Module:2	RCU:0	branch:0	card:12
690
686
676
686
687
711
680
711
673
713
688
784
686
701
683
707
740
813
756
815
756
813
735
508
790
831
773
823
808
821
801
807
Module:2	RCU:0	branch:0	card:11
518
748
699
738
707
734
717
678
721
663
723
653
733
591
730
667
717
691
698
696
721
716
763
753
693
733
765
718
772
755
733
838
Module:2	RCU:0	branch:0	card:10
726
767
740
537
521
746
733
536
520
805
721
488
753
486
745
488
876
868
871
852
866
819
892
856
848
841
861
831
826
733
802
756
Module:2	RCU:0	branch:0	card:9
716
727
710
720
576
625
581
633
640
715
649
505
666
733
686
515
904
860
878
858
896
863
823
877
843
838
858
838
835
850
890
883
Module:2	RCU:0	branch:0	card:8
633
669
786
660
640
698
694
580
593
586
600
662
641
659
672
676
572
902
614
888
834
898
829
881
593
895
813
876
864
898
903
910
Module:2	RCU:0	branch:0	card:7
583
683
568
611
618
623
698
598
556
676
550
595
607
566
601
628
857
892
866
866
891
880
891
911
883
902
864
881
833
563
903
706
Module:2	RCU:0	branch:0	card:6
627
538
725
502
729
552
588
548
596
581
691
521
773
511
498
551
793
851
820
846
826
840
828
865
831
828
818
856
796
871
811
876
Module:2	RCU:0	branch:0	card:5
708
611
576
740
576
752
568
601
745
606
628
591
605
596
621
635
658
603
608
588
621
638
649
693
649
699
640
731
611
731
607
731
Module:2	RCU:0	branch:0	card:4
701
700
673
670
670
658
641
667
667
708
646
676
559
565
528
561
736
780
776
788
758
761
756
806
756
806
780
828
780
813
781
771
Module:2	RCU:0	branch:0	card:3
536
721
603
635
531
628
615
533
746
537
716
736
493
746
735
691
686
600
679
608
658
711
706
710
707
707
696
698
632
626
626
628
Module:2	RCU:0	branch:0	card:2
746
808
741
801
743
796
746
548
765
582
671
780
785
572
792
583
541
666
588
665
561
622
580
614
596
633
591
653
584
646
624
633
Module:2	RCU:0	branch:0	card:1
517
734
733
658
501
727
725
681
694
706
593
791
791
735
531
519
482
649
733
643
725
644
703
680
721
772
726
746
745
766
737
620
