Module:2	RCU:3	branch:1	card:14
781
621
632
630
633
751
839
811
836
599
776
608
780
688
785
710
828
588
826
598
780
598
838
606
813
600
768
626
558
858
569
862
Module:2	RCU:3	branch:1	card:13
627
639
615
631
657
627
658
721
691
723
711
725
739
725
628
724
759
756
815
857
793
806
788
823
748
816
839
801
846
785
808
825
Module:2	RCU:3	branch:1	card:12
672
691
704
706
703
658
685
662
678
669
676
680
678
626
683
627
722
737
737
713
731
773
758
836
710
843
730
585
691
774
715
773
Module:2	RCU:3	branch:1	card:11
730
652
751
647
741
646
731
647
731
650
741
656
751
667
769
674
678
714
698
707
683
580
708
698
693
702
731
716
723
690
721
725
Module:2	RCU:3	branch:1	card:10
591
783
760
767
756
810
756
800
724
800
773
808
791
813
781
750
627
671
631
654
634
661
640
653
636
656
644
643
668
655
668
673
Module:2	RCU:3	branch:1	card:9
916
618
925
623
877
677
888
599
896
593
898
600
885
616
913
586
627
751
731
696
722
751
739
736
728
583
734
611
757
616
738
606
Module:2	RCU:3	branch:1	card:8
776
836
826
845
828
850
841
873
851
918
876
917
869
888
815
891
614
642
752
641
706
607
673
691
653
717
652
691
610
669
671
684
Module:2	RCU:3	branch:1	card:7
813
831
803
853
785
792
777
786
786
841
813
830
806
852
853
856
708
656
681
616
655
602
760
820
623
673
626
666
713
640
671
637
Module:2	RCU:3	branch:1	card:6
750
744
748
808
743
797
721
778
841
781
703
778
706
808
739
804
866
626
842
583
851
696
705
703
691
629
665
633
674
636
633
581
Module:2	RCU:3	branch:1	card:5
668
756
670
761
670
768
696
638
583
732
583
716
629
708
629
707
803
838
836
883
843
860
816
851
881
856
852
856
821
880
849
871
Module:2	RCU:3	branch:1	card:4
708
820
720
804
731
768
752
758
778
745
786
660
755
669
790
668
770
750
783
871
811
858
833
833
773
867
699
868
876
781
832
822
Module:2	RCU:3	branch:1	card:3
586
861
596
858
605
833
765
823
802
728
827
831
845
839
841
680
752
785
763
706
811
801
798
787
790
786
799
736
778
790
733
800
Module:2	RCU:3	branch:1	card:2
753
721
758
723
758
674
751
726
736
725
680
647
693
615
709
603
676
703
688
766
678
726
671
679
698
740
715
818
754
773
716
763
Module:2	RCU:3	branch:1	card:1
694
687
618
722
650
711
659
701
661
612
688
647
696
649
688
654
876
780
881
854
746
844
825
781
836
851
761
765
831
646
876
685
Module:2	RCU:3	branch:0	card:14
563
570
736
646
635
738
641
711
603
708
543
666
666
613
599
591
740
708
680
709
681
705
693
721
702
808
743
772
767
727
704
733
Module:2	RCU:3	branch:0	card:13
638
691
823
602
820
603
777
621
781
570
783
863
613
850
686
840
726
767
771
906
780
906
902
816
883
821
822
778
725
771
660
758
Module:2	RCU:3	branch:0	card:12
603
726
767
736
629
778
621
770
743
643
598
853
757
782
638
781
768
909
748
781
837
815
841
793
800
709
795
855
880
794
885
740
Module:2	RCU:3	branch:0	card:11
676
701
693
652
685
731
596
722
656
645
711
733
676
629
711
614
861
862
903
913
913
816
800
810
784
788
756
739
768
886
856
831
Module:2	RCU:3	branch:0	card:10
885
691
841
856
800
773
701
763
785
741
741
683
758
693
946
698
836
718
683
838
773
801
846
887
808
807
826
775
698
778
761
863
Module:2	RCU:3	branch:0	card:9
694
910
731
733
678
944
625
926
762
831
653
933
903
661
800
801
823
786
791
783
795
805
710
765
788
779
863
853
852
865
798
735
Module:2	RCU:3	branch:0	card:8
736
653
808
673
808
733
888
686
786
708
668
702
751
723
757
716
815
808
747
836
705
836
828
803
771
781
807
801
721
750
734
726
Module:2	RCU:3	branch:0	card:7
835
777
783
784
858
888
851
871
760
763
760
704
711
708
721
808
671
711
676
632
773
751
683
701
671
823
623
870
683
835
691
761
Module:2	RCU:3	branch:0	card:6
691
800
755
811
745
790
881
831
873
823
858
776
862
825
831
768
738
636
653
647
601
729
716
598
645
595
733
661
624
587
603
710
Module:2	RCU:3	branch:0	card:5
646
702
774
696
773
744
648
753
806
698
666
733
800
730
763
733
754
736
757
746
633
756
819
766
736
775
726
754
716
759
700
642
Module:2	RCU:3	branch:0	card:4
870
834
811
825
803
805
796
726
788
774
905
751
894
737
881
623
786
811
776
811
766
808
755
807
784
729
794
748
802
753
808
753
Module:2	RCU:3	branch:0	card:3
891
857
843
850
836
792
836
781
776
776
718
758
873
888
865
678
806
777
793
773
810
776
821
778
829
768
831
791
832
793
823
793
Module:2	RCU:3	branch:0	card:2
859
824
688
898
906
828
898
820
838
816
848
826
846
807
817
885
718
704
740
697
698
808
808
701
703
816
703
823
705
825
707
823
Module:2	RCU:3	branch:0	card:1
754
733
752
866
673
857
686
876
753
886
740
859
749
851
642
854
642
733
651
728
655
629
653
631
643
580
653
681
678
700
735
710
Module:2	RCU:2	branch:1	card:14
679
805
738
798
746
795
764
785
768
760
769
738
773
692
818
684
670
618
696
638
637
879
618
760
890
896
741
754
681
726
680
737
Module:2	RCU:2	branch:1	card:13
603
853
623
845
656
866
815
859
822
853
826
847
830
852
846
864
600
618
599
615
698
686
713
713
834
850
868
688
672
678
650
639
Module:2	RCU:2	branch:1	card:12
751
718
661
728
740
766
736
623
728
613
716
608
670
607
712
605
868
657
611
603
598
716
873
887
706
660
653
593
668
588
871
858
Module:2	RCU:2	branch:1	card:11
872
673
668
636
665
635
666
638
691
640
699
641
695
644
675
651
723
723
716
776
718
778
763
786
735
695
759
843
776
671
767
871
Module:2	RCU:2	branch:1	card:10
912
847
928
863
934
881
935
878
931
875
930
869
926
865
791
866
721
702
728
731
576
723
688
761
698
743
711
749
683
741
710
758
Module:2	RCU:2	branch:1	card:9
716
869
603
909
613
918
625
920
629
920
624
920
898
918
889
915
650
675
674
664
670
657
684
646
676
665
693
671
686
863
695
678
Module:2	RCU:2	branch:1	card:8
896
661
898
644
898
689
900
693
792
703
807
713
673
717
673
715
749
624
591
656
583
643
611
625
603
663
640
673
636
680
656
655
Module:2	RCU:2	branch:1	card:7
813
821
815
831
843
833
846
833
838
825
838
816
843
806
852
893
863
775
753
751
721
714
683
778
818
747
746
716
743
714
746
779
Module:2	RCU:2	branch:1	card:6
758
771
758
856
748
860
736
859
733
716
728
736
778
748
777
756
859
716
853
716
855
804
717
801
717
854
801
711
801
719
773
801
Module:2	RCU:2	branch:1	card:5
751
795
830
798
606
803
764
768
750
778
766
789
786
788
792
775
913
846
915
853
641
825
769
826
703
828
698
853
708
822
575
858
Module:2	RCU:2	branch:1	card:4
594
870
818
882
816
875
807
867
758
871
843
877
849
752
856
734
691
886
691
891
688
889
690
881
892
916
891
898
886
917
888
918
Module:2	RCU:2	branch:1	card:3
621
648
613
643
603
687
631
687
651
682
657
675
654
666
652
826
713
655
686
651
676
661
752
658
626
661
625
663
621
655
610
689
Module:2	RCU:2	branch:1	card:2
771
752
776
706
783
765
778
809
811
724
793
715
741
697
749
728
665
782
751
761
720
692
706
658
771
716
761
756
700
689
623
671
Module:2	RCU:2	branch:1	card:1
704
733
781
621
632
630
633
751
839
811
836
599
776
608
780
688
785
710
828
588
826
598
780
598
838
606
813
600
768
626
558
858
Module:2	RCU:2	branch:0	card:14
725
801
648
708
796
732
776
693
711
694
723
771
684
790
803
718
773
728
773
731
766
682
758
678
723
673
726
671
728
670
728
667
Module:2	RCU:2	branch:0	card:13
811
687
788
676
723
758
746
780
732
693
775
716
763
680
701
726
616
853
862
856
859
867
856
761
857
758
858
758
622
756
853
760
Module:2	RCU:2	branch:0	card:12
840
863
849
791
847
775
922
790
847
797
810
903
918
869
870
825
813
605
811
640
801
648
666
651
668
653
706
861
700
865
694
868
Module:2	RCU:2	branch:0	card:11
863
783
898
851
890
835
885
846
868
909
883
902
891
813
887
806
828
832
838
835
850
835
845
834
843
831
844
826
848
690
820
706
Module:2	RCU:2	branch:0	card:10
751
705
751
706
686
815
688
823
768
882
740
873
695
861
739
828
839
785
810
805
806
821
811
818
813
851
813
788
789
791
798
785
Module:2	RCU:2	branch:0	card:9
838
735
841
809
916
721
921
799
863
724
858
797
791
746
728
796
778
773
776
783
776
787
781
691
801
693
693
691
692
691
719
708
Module:2	RCU:2	branch:0	card:8
841
926
907
833
796
778
813
846
881
920
881
850
871
775
866
776
856
751
796
778
800
775
854
850
838
759
843
750
759
751
752
750
Module:2	RCU:2	branch:0	card:7
823
837
810
828
905
904
900
906
926
821
898
596
903
881
876
883
748
599
726
606
730
803
598
796
601
805
608
793
811
838
587
832
Module:2	RCU:2	branch:0	card:6
838
876
800
867
753
805
793
671
799
864
851
923
868
922
923
883
841
719
853
741
858
744
861
743
778
792
729
727
633
692
733
713
Module:2	RCU:2	branch:0	card:5
888
779
872
836
858
734
748
771
784
801
848
821
852
831
744
698
895
833
809
832
805
829
795
823
825
820
833
817
835
817
833
840
Module:2	RCU:2	branch:0	card:4
913
868
993
858
887
874
897
886
911
940
918
960
936
966
908
910
753
883
965
886
951
876
859
871
857
866
850
858
870
886
880
886
Module:2	RCU:2	branch:0	card:3
985
918
993
925
948
961
956
921
941
928
980
903
935
911
942
912
911
898
907
868
901
906
914
918
928
931
934
948
936
953
928
958
Module:2	RCU:2	branch:0	card:2
758
971
761
966
733
986
776
975
685
965
676
972
788
944
786
941
711
764
768
783
783
780
792
778
792
773
794
771
797
769
783
769
Module:2	RCU:2	branch:0	card:1
638
753
563
570
736
646
635
738
641
711
603
708
543
666
666
613
599
591
740
708
680
709
681
705
693
721
702
808
743
772
767
727
Module:2	RCU:1	branch:1	card:14
666
651
685
730
723
739
751
655
681
665
683
661
750
718
676
651
753
696
768
711
866
725
758
696
755
756
806
756
809
753
638
753
Module:2	RCU:1	branch:1	card:13
766
792
945
875
928
912
853
883
824
716
746
955
750
936
832
977
715
878
712
891
889
768
888
778
796
684
781
852
678
866
746
870
Module:2	RCU:1	branch:1	card:12
700
847
788
873
876
975
996
813
874
844
740
801
727
798
778
789
838
808
827
796
820
826
838
820
865
848
786
820
789
635
792
639
Module:2	RCU:1	branch:1	card:11
856
901
881
783
773
778
823
765
874
811
924
811
891
796
786
783
871
685
761
866
906
946
863
878
886
846
922
861
864
951
880
881
Module:2	RCU:1	branch:1	card:10
762
813
905
905
924
926
907
856
919
761
867
846
888
924
821
843
781
861
906
841
893
931
856
753
756
906
763
831
761
701
893
786
Module:2	RCU:1	branch:1	card:9
973
965
881
875
896
963
941
955
932
910
943
793
946
830
944
904
746
906
759
843
866
866
946
923
923
907
723
761
939
796
891
675
Module:2	RCU:1	branch:1	card:8
818
978
801
950
829
950
812
912
850
934
841
936
854
995
760
963
790
740
709
716
756
795
781
774
768
750
793
802
795
748
776
790
Module:2	RCU:1	branch:1	card:7
715
766
714
682
730
682
661
693
696
680
835
688
668
675
700
691
801
771
794
753
743
803
767
813
741
725
815
768
808
766
738
876
Module:2	RCU:1	branch:1	card:6
721
793
782
787
658
797
653
801
776
832
661
823
645
825
785
812
868
830
863
826
866
821
878
837
878
828
878
773
881
766
874
770
Module:2	RCU:1	branch:1	card:5
750
805
756
798
779
716
771
718
788
690
775
706
887
688
896
704
860
705
900
741
870
857
816
852
880
851
753
841
701
865
712
866
Module:2	RCU:1	branch:1	card:4
779
845
766
761
775
768
813
736
832
741
893
728
821
736
791
756
921
851
806
880
803
853
816
875
833
828
831
854
881
828
851
848
Module:2	RCU:1	branch:1	card:3
736
770
756
736
797
785
801
606
753
636
736
626
757
658
790
656
740
916
857
918
881
926
903
929
901
901
890
907
910
908
898
930
Module:2	RCU:1	branch:1	card:2
783
808
771
728
716
743
765
753
821
751
821
735
843
797
772
761
804
728
791
738
773
738
786
756
773
758
766
763
771
751
701
751
Module:2	RCU:1	branch:1	card:1
843
716
718
710
865
888
858
871
810
806
819
880
853
773
788
734
828
865
749
766
840
788
833
773
874
701
853
785
866
778
758
798
Module:2	RCU:1	branch:0	card:14
808
733
576
802
800
756
769
781
668
866
866
810
606
594
557
724
808
718
800
719
778
755
796
847
801
821
820
841
812
695
709
765
Module:2	RCU:1	branch:0	card:13
721
798
661
785
727
856
791
626
858
726
832
871
651
633
615
795
746
718
743
681
754
725
752
801
743
806
722
678
717
806
715
686
Module:2	RCU:1	branch:0	card:12
778
618
762
733
805
732
808
758
821
673
818
768
819
768
698
690
846
875
844
880
843
885
841
880
838
861
749
909
752
673
871
745
Module:2	RCU:1	branch:0	card:11
781
826
836
856
825
850
841
866
846
866
687
758
829
776
848
796
885
807
888
811
891
815
898
821
904
931
908
923
827
858
813
848
Module:2	RCU:1	branch:0	card:10
705
885
683
855
846
893
886
888
886
898
876
811
882
816
866
801
946
866
951
866
943
862
946
856
943
850
941
830
868
867
866
877
Module:2	RCU:1	branch:0	card:9
698
660
699
723
690
753
673
654
722
616
718
650
698
686
927
661
778
913
781
906
786
896
791
875
931
905
924
932
917
936
914
941
Module:2	RCU:1	branch:0	card:8
588
761
800
654
766
658
761
588
820
601
823
571
805
746
766
731
748
793
821
793
818
706
819
789
681
655
710
838
718
761
793
775
Module:2	RCU:1	branch:0	card:7
816
796
795
846
841
633
835
736
815
733
842
811
860
815
835
832
677
756
683
723
778
729
776
733
767
738
761
738
763
737
763
742
Module:2	RCU:1	branch:0	card:6
763
840
828
836
802
786
830
776
823
811
778
771
771
786
766
793
908
674
896
711
721
710
712
711
708
643
701
644
682
633
678
646
Module:2	RCU:1	branch:0	card:5
713
798
771
731
783
756
793
786
795
815
756
811
799
793
746
755
921
826
924
839
926
862
906
876
845
873
911
892
918
883
922
878
Module:2	RCU:1	branch:0	card:4
751
624
738
625
743
652
769
656
760
678
766
651
584
688
605
688
931
843
932
897
883
892
872
889
950
911
940
908
936
917
853
916
Module:2	RCU:1	branch:0	card:3
821
855
811
849
818
853
805
700
776
678
813
703
840
738
853
743
825
758
876
793
878
935
854
923
746
935
722
861
776
937
769
918
Module:2	RCU:1	branch:0	card:2
635
656
797
671
663
674
640
650
660
588
562
789
771
816
654
790
856
786
874
795
869
778
852
783
801
815
818
799
825
811
846
848
Module:2	RCU:1	branch:0	card:1
765
581
751
876
762
700
755
613
833
656
763
748
761
685
758
748
655
871
871
866
885
871
896
872
911
848
906
859
857
866
851
791
Module:2	RCU:0	branch:1	card:14
820
841
816
862
691
843
864
826
868
713
824
833
823
834
839
830
804
717
810
836
798
771
886
875
730
785
820
708
808
851
766
761
Module:2	RCU:0	branch:1	card:13
853
795
836
867
908
900
898
905
867
868
743
747
800
773
909
838
845
828
852
885
802
871
813
903
784
898
749
885
858
896
850
825
Module:2	RCU:0	branch:1	card:12
898
801
896
826
782
816
858
840
804
834
850
848
851
843
810
860
692
871
681
901
745
883
722
893
705
856
877
870
827
837
821
846
Module:2	RCU:0	branch:1	card:11
838
851
903
875
725
873
728
895
749
874
875
775
886
896
867
832
739
822
770
757
706
741
800
738
709
826
767
825
731
716
720
751
Module:2	RCU:0	branch:1	card:10
986
947
890
880
923
908
812
722
871
956
888
898
978
930
900
953
825
804
891
818
896
715
743
703
741
765
827
698
828
703
740
758
Module:2	RCU:0	branch:1	card:9
935
896
748
987
881
838
726
925
879
916
931
748
926
975
876
891
638
765
636
776
638
780
738
772
791
813
779
799
808
821
790
796
Module:2	RCU:0	branch:1	card:8
722
758
783
963
768
970
796
853
798
871
780
722
766
894
971
933
616
600
678
736
638
740
740
741
736
570
574
586
626
590
621
596
Module:2	RCU:0	branch:1	card:7
836
778
768
743
813
813
771
788
921
761
746
768
815
952
790
943
646
721
646
615
701
641
702
645
619
651
655
738
656
735
690
711
Module:2	RCU:0	branch:1	card:6
890
830
900
818
915
822
914
932
806
827
825
801
820
838
826
834
606
608
609
646
628
628
633
701
638
681
676
670
679
618
678
655
Module:2	RCU:0	branch:1	card:5
703
988
733
978
748
969
746
956
733
995
741
978
718
959
723
905
745
644
743
638
766
687
710
657
737
651
714
575
704
573
601
571
Module:2	RCU:0	branch:1	card:4
781
666
966
943
936
686
755
698
961
698
765
699
716
725
688
714
718
741
712
678
739
768
776
675
780
668
796
750
776
760
745
713
Module:2	RCU:0	branch:1	card:3
733
835
829
838
805
771
841
803
715
775
842
745
756
838
813
738
806
807
801
823
793
801
803
828
811
820
811
796
888
833
823
895
Module:2	RCU:0	branch:1	card:2
667
778
806
792
796
731
560
805
715
744
783
706
739
809
696
798
860
906
758
881
846
886
846
896
856
770
882
746
878
771
904
768
Module:2	RCU:0	branch:1	card:1
709
765
666
651
685
730
723
739
751
655
681
665
683
661
750
718
676
651
753
696
768
711
866
725
758
696
755
756
806
756
809
753
Module:2	RCU:0	branch:0	card:14
645
631
678
671
737
632
666
667
603
626
725
681
665
641
671
591
938
902
883
906
879
901
900
898
890
891
879
851
926
866
903
829
Module:2	RCU:0	branch:0	card:13
681
701
672
701
681
740
717
700
711
731
699
737
702
737
703
731
916
928
918
826
938
951
930
948
925
938
921
935
921
928
911
930
Module:2	RCU:0	branch:0	card:12
765
761
751
761
762
786
755
786
748
788
763
859
761
776
758
782
815
888
831
890
831
888
810
583
865
906
848
898
883
896
876
882
Module:2	RCU:0	branch:0	card:11
593
823
774
813
782
809
792
753
796
738
798
728
808
666
805
742
792
766
773
771
796
791
838
828
768
808
840
793
847
830
808
913
Module:2	RCU:0	branch:0	card:10
801
842
815
612
596
821
808
611
595
880
796
563
828
561
820
563
951
943
946
927
941
894
967
931
923
916
936
906
901
808
877
831
Module:2	RCU:0	branch:0	card:9
791
802
785
795
651
700
656
708
715
790
724
580
741
808
761
590
979
935
953
933
971
938
898
952
918
913
933
913
910
925
965
958
Module:2	RCU:0	branch:0	card:8
708
744
861
735
715
773
769
655
668
661
675
737
716
734
747
751
647
977
689
963
909
973
904
956
668
970
888
951
939
973
978
985
Module:2	RCU:0	branch:0	card:7
658
758
643
686
693
698
773
673
631
751
625
670
682
641
676
703
932
967
941
941
966
955
966
986
958
977
939
956
908
638
978
781
Module:2	RCU:0	branch:0	card:6
702
613
800
577
804
627
663
623
671
656
766
596
848
586
573
626
868
926
895
921
901
915
903
940
906
903
893
931
871
946
886
951
Module:2	RCU:0	branch:0	card:5
783
686
651
815
651
827
643
676
820
681
703
666
680
671
696
710
733
678
683
663
696
713
724
768
724
774
715
806
686
806
682
806
Module:2	RCU:0	branch:0	card:4
776
775
748
745
745
733
716
742
742
783
721
751
634
640
603
636
811
855
851
863
833
836
831
881
831
881
855
903
855
888
856
846
Module:2	RCU:0	branch:0	card:3
611
796
678
710
606
703
690
608
821
612
791
811
568
821
810
766
761
675
754
683
733
786
781
785
782
782
771
773
707
701
701
703
Module:2	RCU:0	branch:0	card:2
821
883
816
876
818
871
821
623
840
657
746
855
860
647
867
658
616
741
663
740
636
697
655
689
671
708
666
728
659
721
699
708
Module:2	RCU:0	branch:0	card:1
592
809
808
733
576
802
800
756
769
781
668
866
866
810
606
594
557
724
808
718
800
719
778
755
796
847
801
821
820
841
812
695
