Module:2	RCU:3	branch:1	card:14
531
371
382
380
383
501
589
561
586
349
526
358
530
438
535
460
578
338
576
348
530
348
588
356
563
350
518
376
308
608
319
612
Module:2	RCU:3	branch:1	card:13
377
389
365
381
407
377
408
471
441
473
461
475
489
475
378
474
509
506
565
607
543
556
538
573
498
566
589
551
596
535
558
575
Module:2	RCU:3	branch:1	card:12
422
441
454
456
453
408
435
412
428
419
426
430
428
376
433
377
472
487
487
463
481
523
508
586
460
593
480
335
441
524
465
523
Module:2	RCU:3	branch:1	card:11
480
402
501
397
491
396
481
397
481
400
491
406
501
417
519
424
428
464
448
457
433
330
458
448
443
452
481
466
473
440
471
475
Module:2	RCU:3	branch:1	card:10
341
533
510
517
506
560
506
550
474
550
523
558
541
563
531
500
377
421
381
404
384
411
390
403
386
406
394
393
418
405
418
423
Module:2	RCU:3	branch:1	card:9
666
368
675
373
627
427
638
349
646
343
648
350
635
366
663
336
377
501
481
446
472
501
489
486
478
333
484
361
507
366
488
356
Module:2	RCU:3	branch:1	card:8
526
586
576
595
578
600
591
623
601
668
626
667
619
638
565
641
364
392
502
391
456
357
423
441
403
467
402
441
360
419
421
434
Module:2	RCU:3	branch:1	card:7
563
581
553
603
535
542
527
536
536
591
563
580
556
602
603
606
458
406
431
366
405
352
510
570
373
423
376
416
463
390
421
387
Module:2	RCU:3	branch:1	card:6
500
494
498
558
493
547
471
528
591
531
453
528
456
558
489
554
616
376
592
333
601
446
455
453
441
379
415
383
424
386
383
331
Module:2	RCU:3	branch:1	card:5
418
506
420
511
420
518
446
388
333
482
333
466
379
458
379
457
553
588
586
633
593
610
566
601
631
606
602
606
571
630
599
621
Module:2	RCU:3	branch:1	card:4
458
570
470
554
481
518
502
508
528
495
536
410
505
419
540
418
520
500
533
621
561
608
583
583
523
617
449
618
626
531
582
572
Module:2	RCU:3	branch:1	card:3
336
611
346
608
355
583
515
573
552
478
577
581
595
589
591
430
502
535
513
456
561
551
548
537
540
536
549
486
528
540
483
550
Module:2	RCU:3	branch:1	card:2
503
471
508
473
508
424
501
476
486
475
430
397
443
365
459
353
426
453
438
516
428
476
421
429
448
490
465
568
504
523
466
513
Module:2	RCU:3	branch:1	card:1
444
437
368
472
400
461
409
451
411
362
438
397
446
399
438
404
626
530
631
604
496
594
575
531
586
601
511
515
581
396
626
435
Module:2	RCU:3	branch:0	card:14
313
320
486
396
385
488
391
461
353
458
293
416
416
363
349
341
490
458
430
459
431
455
443
471
452
558
493
522
517
477
454
483
Module:2	RCU:3	branch:0	card:13
388
441
573
352
570
353
527
371
531
320
533
613
363
600
436
590
476
517
521
656
530
656
652
566
633
571
572
528
475
521
410
508
Module:2	RCU:3	branch:0	card:12
353
476
517
486
379
528
371
520
493
393
348
603
507
532
388
531
518
659
498
531
587
565
591
543
550
459
545
605
630
544
635
490
Module:2	RCU:3	branch:0	card:11
426
451
443
402
435
481
346
472
406
395
461
483
426
379
461
364
611
612
653
663
663
566
550
560
534
538
506
489
518
636
606
581
Module:2	RCU:3	branch:0	card:10
635
441
591
606
550
523
451
513
535
491
491
433
508
443
696
448
586
468
433
588
523
551
596
637
558
557
576
525
448
528
511
613
Module:2	RCU:3	branch:0	card:9
444
660
481
483
428
694
375
676
512
581
403
683
653
411
550
551
573
536
541
533
545
555
460
515
538
529
613
603
602
615
548
485
Module:2	RCU:3	branch:0	card:8
486
403
558
423
558
483
638
436
536
458
418
452
501
473
507
466
565
558
497
586
455
586
578
553
521
531
557
551
471
500
484
476
Module:2	RCU:3	branch:0	card:7
585
527
533
534
608
638
601
621
510
513
510
454
461
458
471
558
421
461
426
382
523
501
433
451
421
573
373
620
433
585
441
511
Module:2	RCU:3	branch:0	card:6
441
550
505
561
495
540
631
581
623
573
608
526
612
575
581
518
488
386
403
397
351
479
466
348
395
345
483
411
374
337
353
460
Module:2	RCU:3	branch:0	card:5
396
452
524
446
523
494
398
503
556
448
416
483
550
480
513
483
504
486
507
496
383
506
569
516
486
525
476
504
466
509
450
392
Module:2	RCU:3	branch:0	card:4
620
584
561
575
553
555
546
476
538
524
655
501
644
487
631
373
536
561
526
561
516
558
505
557
534
479
544
498
552
503
558
503
Module:2	RCU:3	branch:0	card:3
641
607
593
600
586
542
586
531
526
526
468
508
623
638
615
428
556
527
543
523
560
526
571
528
579
518
581
541
582
543
573
543
Module:2	RCU:3	branch:0	card:2
609
574
438
648
656
578
648
570
588
566
598
576
596
557
567
635
468
454
490
447
448
558
558
451
453
566
453
573
455
575
457
573
Module:2	RCU:3	branch:0	card:1
504
483
502
616
423
607
436
626
503
636
490
609
499
601
392
604
392
483
401
478
405
379
403
381
393
330
403
431
428
450
485
460
Module:2	RCU:2	branch:1	card:14
429
555
488
548
496
545
514
535
518
510
519
488
523
442
568
434
420
368
446
388
387
629
368
510
640
646
491
504
431
476
430
487
Module:2	RCU:2	branch:1	card:13
353
603
373
595
406
616
565
609
572
603
576
597
580
602
596
614
350
368
349
365
448
436
463
463
584
600
618
438
422
428
400
389
Module:2	RCU:2	branch:1	card:12
501
468
411
478
490
516
486
373
478
363
466
358
420
357
462
355
618
407
361
353
348
466
623
637
456
410
403
343
418
338
621
608
Module:2	RCU:2	branch:1	card:11
622
423
418
386
415
385
416
388
441
390
449
391
445
394
425
401
473
473
466
526
468
528
513
536
485
445
509
593
526
421
517
621
Module:2	RCU:2	branch:1	card:10
662
597
678
613
684
631
685
628
681
625
680
619
676
615
541
616
471
452
478
481
326
473
438
511
448
493
461
499
433
491
460
508
Module:2	RCU:2	branch:1	card:9
466
619
353
659
363
668
375
670
379
670
374
670
648
668
639
665
400
425
424
414
420
407
434
396
426
415
443
421
436
613
445
428
Module:2	RCU:2	branch:1	card:8
646
411
648
394
648
439
650
443
542
453
557
463
423
467
423
465
499
374
341
406
333
393
361
375
353
413
390
423
386
430
406
405
Module:2	RCU:2	branch:1	card:7
563
571
565
581
593
583
596
583
588
575
588
566
593
556
602
643
613
525
503
501
471
464
433
528
568
497
496
466
493
464
496
529
Module:2	RCU:2	branch:1	card:6
508
521
508
606
498
610
486
609
483
466
478
486
528
498
527
506
609
466
603
466
605
554
467
551
467
604
551
461
551
469
523
551
Module:2	RCU:2	branch:1	card:5
501
545
580
548
356
553
514
518
500
528
516
539
536
538
542
525
663
596
665
603
391
575
519
576
453
578
448
603
458
572
325
608
Module:2	RCU:2	branch:1	card:4
344
620
568
632
566
625
557
617
508
621
593
627
599
502
606
484
441
636
441
641
438
639
440
631
642
666
641
648
636
667
638
668
Module:2	RCU:2	branch:1	card:3
371
398
363
393
353
437
381
437
401
432
407
425
404
416
402
576
463
405
436
401
426
411
502
408
376
411
375
413
371
405
360
439
Module:2	RCU:2	branch:1	card:2
521
502
526
456
533
515
528
559
561
474
543
465
491
447
499
478
415
532
501
511
470
442
456
408
521
466
511
506
450
439
373
421
Module:2	RCU:2	branch:1	card:1
454
483
531
371
382
380
383
501
589
561
586
349
526
358
530
438
535
460
578
338
576
348
530
348
588
356
563
350
518
376
308
608
Module:2	RCU:2	branch:0	card:14
475
551
398
458
546
482
526
443
461
444
473
521
434
540
553
468
523
478
523
481
516
432
508
428
473
423
476
421
478
420
478
417
Module:2	RCU:2	branch:0	card:13
561
437
538
426
473
508
496
530
482
443
525
466
513
430
451
476
366
603
612
606
609
617
606
511
607
508
608
508
372
506
603
510
Module:2	RCU:2	branch:0	card:12
590
613
599
541
597
525
672
540
597
547
560
653
668
619
620
575
563
355
561
390
551
398
416
401
418
403
456
611
450
615
444
618
Module:2	RCU:2	branch:0	card:11
613
533
648
601
640
585
635
596
618
659
633
652
641
563
637
556
578
582
588
585
600
585
595
584
593
581
594
576
598
440
570
456
Module:2	RCU:2	branch:0	card:10
501
455
501
456
436
565
438
573
518
632
490
623
445
611
489
578
589
535
560
555
556
571
561
568
563
601
563
538
539
541
548
535
Module:2	RCU:2	branch:0	card:9
588
485
591
559
666
471
671
549
613
474
608
547
541
496
478
546
528
523
526
533
526
537
531
441
551
443
443
441
442
441
469
458
Module:2	RCU:2	branch:0	card:8
591
676
657
583
546
528
563
596
631
670
631
600
621
525
616
526
606
501
546
528
550
525
604
600
588
509
593
500
509
501
502
500
Module:2	RCU:2	branch:0	card:7
573
587
560
578
655
654
650
656
676
571
648
346
653
631
626
633
498
349
476
356
480
553
348
546
351
555
358
543
561
588
337
582
Module:2	RCU:2	branch:0	card:6
588
626
550
617
503
555
543
421
549
614
601
673
618
672
673
633
591
469
603
491
608
494
611
493
528
542
479
477
383
442
483
463
Module:2	RCU:2	branch:0	card:5
638
529
622
586
608
484
498
521
534
551
598
571
602
581
494
448
645
583
559
582
555
579
545
573
575
570
583
567
585
567
583
590
Module:2	RCU:2	branch:0	card:4
663
618
743
608
637
624
647
636
661
690
668
710
686
716
658
660
503
633
715
636
701
626
609
621
607
616
600
608
620
636
630
636
Module:2	RCU:2	branch:0	card:3
735
668
743
675
698
711
706
671
691
678
730
653
685
661
692
662
661
648
657
618
651
656
664
668
678
681
684
698
686
703
678
708
Module:2	RCU:2	branch:0	card:2
508
721
511
716
483
736
526
725
435
715
426
722
538
694
536
691
461
514
518
533
533
530
542
528
542
523
544
521
547
519
533
519
Module:2	RCU:2	branch:0	card:1
388
503
313
320
486
396
385
488
391
461
353
458
293
416
416
363
349
341
490
458
430
459
431
455
443
471
452
558
493
522
517
477
Module:2	RCU:1	branch:1	card:14
416
401
435
480
473
489
501
405
431
415
433
411
500
468
426
401
503
446
518
461
616
475
508
446
505
506
556
506
559
503
388
503
Module:2	RCU:1	branch:1	card:13
516
542
695
625
678
662
603
633
574
466
496
705
500
686
582
727
465
628
462
641
639
518
638
528
546
434
531
602
428
616
496
620
Module:2	RCU:1	branch:1	card:12
450
597
538
623
626
725
746
563
624
594
490
551
477
548
528
539
588
558
577
546
570
576
588
570
615
598
536
570
539
385
542
389
Module:2	RCU:1	branch:1	card:11
606
651
631
533
523
528
573
515
624
561
674
561
641
546
536
533
621
435
511
616
656
696
613
628
636
596
672
611
614
701
630
631
Module:2	RCU:1	branch:1	card:10
512
563
655
655
674
676
657
606
669
511
617
596
638
674
571
593
531
611
656
591
643
681
606
503
506
656
513
581
511
451
643
536
Module:2	RCU:1	branch:1	card:9
723
715
631
625
646
713
691
705
682
660
693
543
696
580
694
654
496
656
509
593
616
616
696
673
673
657
473
511
689
546
641
425
Module:2	RCU:1	branch:1	card:8
568
728
551
700
579
700
562
662
600
684
591
686
604
745
510
713
540
490
459
466
506
545
531
524
518
500
543
552
545
498
526
540
Module:2	RCU:1	branch:1	card:7
465
516
464
432
480
432
411
443
446
430
585
438
418
425
450
441
551
521
544
503
493
553
517
563
491
475
565
518
558
516
488
626
Module:2	RCU:1	branch:1	card:6
471
543
532
537
408
547
403
551
526
582
411
573
395
575
535
562
618
580
613
576
616
571
628
587
628
578
628
523
631
516
624
520
Module:2	RCU:1	branch:1	card:5
500
555
506
548
529
466
521
468
538
440
525
456
637
438
646
454
610
455
650
491
620
607
566
602
630
601
503
591
451
615
462
616
Module:2	RCU:1	branch:1	card:4
529
595
516
511
525
518
563
486
582
491
643
478
571
486
541
506
671
601
556
630
553
603
566
625
583
578
581
604
631
578
601
598
Module:2	RCU:1	branch:1	card:3
486
520
506
486
547
535
551
356
503
386
486
376
507
408
540
406
490
666
607
668
631
676
653
679
651
651
640
657
660
658
648
680
Module:2	RCU:1	branch:1	card:2
533
558
521
478
466
493
515
503
571
501
571
485
593
547
522
511
554
478
541
488
523
488
536
506
523
508
516
513
521
501
451
501
Module:2	RCU:1	branch:1	card:1
593
466
468
460
615
638
608
621
560
556
569
630
603
523
538
484
578
615
499
516
590
538
583
523
624
451
603
535
616
528
508
548
Module:2	RCU:1	branch:0	card:14
558
483
326
552
550
506
519
531
418
616
616
560
356
344
307
474
558
468
550
469
528
505
546
597
551
571
570
591
562
445
459
515
Module:2	RCU:1	branch:0	card:13
471
548
411
535
477
606
541
376
608
476
582
621
401
383
365
545
496
468
493
431
504
475
502
551
493
556
472
428
467
556
465
436
Module:2	RCU:1	branch:0	card:12
528
368
512
483
555
482
558
508
571
423
568
518
569
518
448
440
596
625
594
630
593
635
591
630
588
611
499
659
502
423
621
495
Module:2	RCU:1	branch:0	card:11
531
576
586
606
575
600
591
616
596
616
437
508
579
526
598
546
635
557
638
561
641
565
648
571
654
681
658
673
577
608
563
598
Module:2	RCU:1	branch:0	card:10
455
635
433
605
596
643
636
638
636
648
626
561
632
566
616
551
696
616
701
616
693
612
696
606
693
600
691
580
618
617
616
627
Module:2	RCU:1	branch:0	card:9
448
410
449
473
440
503
423
404
472
366
468
400
448
436
677
411
528
663
531
656
536
646
541
625
681
655
674
682
667
686
664
691
Module:2	RCU:1	branch:0	card:8
338
511
550
404
516
408
511
338
570
351
573
321
555
496
516
481
498
543
571
543
568
456
569
539
431
405
460
588
468
511
543
525
Module:2	RCU:1	branch:0	card:7
566
546
545
596
591
383
585
486
565
483
592
561
610
565
585
582
427
506
433
473
528
479
526
483
517
488
511
488
513
487
513
492
Module:2	RCU:1	branch:0	card:6
513
590
578
586
552
536
580
526
573
561
528
521
521
536
516
543
658
424
646
461
471
460
462
461
458
393
451
394
432
383
428
396
Module:2	RCU:1	branch:0	card:5
463
548
521
481
533
506
543
536
545
565
506
561
549
543
496
505
671
576
674
589
676
612
656
626
595
623
661
642
668
633
672
628
Module:2	RCU:1	branch:0	card:4
501
374
488
375
493
402
519
406
510
428
516
401
334
438
355
438
681
593
682
647
633
642
622
639
700
661
690
658
686
667
603
666
Module:2	RCU:1	branch:0	card:3
571
605
561
599
568
603
555
450
526
428
563
453
590
488
603
493
575
508
626
543
628
685
604
673
496
685
472
611
526
687
519
668
Module:2	RCU:1	branch:0	card:2
385
406
547
421
413
424
390
400
410
338
312
539
521
566
404
540
606
536
624
545
619
528
602
533
551
565
568
549
575
561
596
598
Module:2	RCU:1	branch:0	card:1
515
331
501
626
512
450
505
363
583
406
513
498
511
435
508
498
405
621
621
616
635
621
646
622
661
598
656
609
607
616
601
541
Module:2	RCU:0	branch:1	card:14
570
591
566
612
441
593
614
576
618
463
574
583
573
584
589
580
554
467
560
586
548
521
636
625
480
535
570
458
558
601
516
511
Module:2	RCU:0	branch:1	card:13
603
545
586
617
658
650
648
655
617
618
493
497
550
523
659
588
595
578
602
635
552
621
563
653
534
648
499
635
608
646
600
575
Module:2	RCU:0	branch:1	card:12
648
551
646
576
532
566
608
590
554
584
600
598
601
593
560
610
442
621
431
651
495
633
472
643
455
606
627
620
577
587
571
596
Module:2	RCU:0	branch:1	card:11
588
601
653
625
475
623
478
645
499
624
625
525
636
646
617
582
489
572
520
507
456
491
550
488
459
576
517
575
481
466
470
501
Module:2	RCU:0	branch:1	card:10
736
697
640
630
673
658
562
472
621
706
638
648
728
680
650
703
575
554
641
568
646
465
493
453
491
515
577
448
578
453
490
508
Module:2	RCU:0	branch:1	card:9
685
646
498
737
631
588
476
675
629
666
681
498
676
725
626
641
388
515
386
526
388
530
488
522
541
563
529
549
558
571
540
546
Module:2	RCU:0	branch:1	card:8
472
508
533
713
518
720
546
603
548
621
530
472
516
644
721
683
366
350
428
486
388
490
490
491
486
320
324
336
376
340
371
346
Module:2	RCU:0	branch:1	card:7
586
528
518
493
563
563
521
538
671
511
496
518
565
702
540
693
396
471
396
365
451
391
452
395
369
401
405
488
406
485
440
461
Module:2	RCU:0	branch:1	card:6
640
580
650
568
665
572
664
682
556
577
575
551
570
588
576
584
356
358
359
396
378
378
383
451
388
431
426
420
429
368
428
405
Module:2	RCU:0	branch:1	card:5
453
738
483
728
498
719
496
706
483
745
491
728
468
709
473
655
495
394
493
388
516
437
460
407
487
401
464
325
454
323
351
321
Module:2	RCU:0	branch:1	card:4
531
416
716
693
686
436
505
448
711
448
515
449
466
475
438
464
468
491
462
428
489
518
526
425
530
418
546
500
526
510
495
463
Module:2	RCU:0	branch:1	card:3
483
585
579
588
555
521
591
553
465
525
592
495
506
588
563
488
556
557
551
573
543
551
553
578
561
570
561
546
638
583
573
645
Module:2	RCU:0	branch:1	card:2
417
528
556
542
546
481
310
555
465
494
533
456
489
559
446
548
610
656
508
631
596
636
596
646
606
520
632
496
628
521
654
518
Module:2	RCU:0	branch:1	card:1
459
515
416
401
435
480
473
489
501
405
431
415
433
411
500
468
426
401
503
446
518
461
616
475
508
446
505
506
556
506
559
503
Module:2	RCU:0	branch:0	card:14
395
381
428
421
487
382
416
417
353
376
475
431
415
391
421
341
688
652
633
656
629
651
650
648
640
641
629
601
676
616
653
579
Module:2	RCU:0	branch:0	card:13
431
451
422
451
431
490
467
450
461
481
449
487
452
487
453
481
666
678
668
576
688
701
680
698
675
688
671
685
671
678
661
680
Module:2	RCU:0	branch:0	card:12
515
511
501
511
512
536
505
536
498
538
513
609
511
526
508
532
565
638
581
640
581
638
560
333
615
656
598
648
633
646
626
632
Module:2	RCU:0	branch:0	card:11
343
573
524
563
532
559
542
503
546
488
548
478
558
416
555
492
542
516
523
521
546
541
588
578
518
558
590
543
597
580
558
663
Module:2	RCU:0	branch:0	card:10
551
592
565
362
346
571
558
361
345
630
546
313
578
311
570
313
701
693
696
677
691
644
717
681
673
666
686
656
651
558
627
581
Module:2	RCU:0	branch:0	card:9
541
552
535
545
401
450
406
458
465
540
474
330
491
558
511
340
729
685
703
683
721
688
648
702
668
663
683
663
660
675
715
708
Module:2	RCU:0	branch:0	card:8
458
494
611
485
465
523
519
405
418
411
425
487
466
484
497
501
397
727
439
713
659
723
654
706
418
720
638
701
689
723
728
735
Module:2	RCU:0	branch:0	card:7
408
508
393
436
443
448
523
423
381
501
375
420
432
391
426
453
682
717
691
691
716
705
716
736
708
727
689
706
658
388
728
531
Module:2	RCU:0	branch:0	card:6
452
363
550
327
554
377
413
373
421
406
516
346
598
336
323
376
618
676
645
671
651
665
653
690
656
653
643
681
621
696
636
701
Module:2	RCU:0	branch:0	card:5
533
436
401
565
401
577
393
426
570
431
453
416
430
421
446
460
483
428
433
413
446
463
474
518
474
524
465
556
436
556
432
556
Module:2	RCU:0	branch:0	card:4
526
525
498
495
495
483
466
492
492
533
471
501
384
390
353
386
561
605
601
613
583
586
581
631
581
631
605
653
605
638
606
596
Module:2	RCU:0	branch:0	card:3
361
546
428
460
356
453
440
358
571
362
541
561
318
571
560
516
511
425
504
433
483
536
531
535
532
532
521
523
457
451
451
453
Module:2	RCU:0	branch:0	card:2
571
633
566
626
568
621
571
373
590
407
496
605
610
397
617
408
366
491
413
490
386
447
405
439
421
458
416
478
409
471
449
458
Module:2	RCU:0	branch:0	card:1
342
559
558
483
326
552
550
506
519
531
418
616
616
560
356
344
307
474
558
468
550
469
528
505
546
597
551
571
570
591
562
445
