Module:2	RCU:0	branch:0	card:1
554
663
625
595
622
792
619
659
634
721
650
830
680
702
610
698
615
705
602
690
648
737
688
512
678
956
901
874
844
732
867
770
Module:2	RCU:0	branch:0	card:2
806
764
705
870
808
803
771
565
822
717
738
783
849
556
826
611
581
689
646
606
626
633
597
661
669
677
689
733
670
739
723
704
Module:2	RCU:0	branch:0	card:3
554
709
605
592
603
594
627
539
679
446
613
639
394
740
703
593
586
596
690
622
606
772
576
652
763
761
783
752
710
705
614
652
Module:2	RCU:0	branch:0	card:4
797
715
596
644
638
619
559
556
587
577
602
549
574
580
526
558
700
700
786
695
728
799
749
767
702
833
741
848
911
893
785
806
Module:2	RCU:0	branch:0	card:5
715
619
566
718
521
662
509
511
639
645
605
511
548
552
543
594
783
619
597
662
741
728
684
759
646
782
1023
768
671
810
683
827
Module:2	RCU:0	branch:0	card:6
605
564
793
493
810
594
587
585
637
518
724
567
744
505
576
572
874
995
903
973
953
904
951
1023
874
857
847
910
890
931
815
885
Module:2	RCU:0	branch:0	card:7
553
670
602
603
607
736
629
606
651
735
575
838
624
700
701
685
756
876
797
801
791
773
852
818
784
731
865
768
713
564
753
712
Module:2	RCU:0	branch:0	card:8
636
632
746
512
634
673
736
573
579
597
624
1023
693
622
750
698
544
960
660
892
783
924
926
936
620
943
913
813
937
1004
912
931
Module:2	RCU:0	branch:0	card:9
740
713
814
760
602
633
523
599
678
700
605
593
641
856
775
528
815
840
1023
863
915
941
802
865
918
850
878
892
993
956
869
902
Module:2	RCU:0	branch:0	card:10
820
711
710
581
496
695
705
596
466
697
572
548
716
502
578
512
825
946
816
918
849
832
786
800
827
905
801
736
861
712
864
681
Module:2	RCU:0	branch:0	card:11
591
771
635
764
766
664
672
755
691
574
660
591
661
495
578
615
603
732
707
666
648
614
690
663
707
648
756
779
700
764
784
819
Module:2	RCU:0	branch:0	card:12
771
730
642
608
695
644
586
704
669
692
587
748
602
747
702
629
666
775
750
861
706
817
804
492
704
900
800
901
758
795
805
744
Module:2	RCU:0	branch:0	card:13
694
639
615
655
550
635
658
596
616
606
614
631
610
633
557
638
867
836
862
683
904
870
804
953
874
952
956
894
914
803
853
880
Module:2	RCU:0	branch:0	card:14
612
416
569
542
509
468
522
572
417
506
543
550
503
589
576
487
696
723
791
735
669
636
599
630
615
645
767
694
783
632
663
700
Module:2	RCU:0	branch:1	card:1
680
660
559
767
740
686
593
610
714
774
634
663
674
775
657
508
607
468
668
433
593
604
474
587
441
562
393
590
625
597
512
673
Module:2	RCU:0	branch:1	card:2
615
697
685
745
785
651
366
688
576
596
686
618
634
735
655
691
692
842
691
651
631
717
854
760
697
658
720
505
746
535
825
692
Module:2	RCU:0	branch:1	card:3
614
758
853
749
704
775
842
720
652
689
784
630
657
766
752
625
654
753
613
803
746
737
770
684
848
834
784
755
883
806
512
904
Module:2	RCU:0	branch:1	card:4
688
594
862
973
801
642
706
607
804
577
1023
513
594
538
536
608
585
517
572
496
551
708
642
530
665
625
706
653
512
718
512
512
Module:2	RCU:0	branch:1	card:5
695
936
656
1023
693
958
642
938
728
794
683
736
504
902
663
775
725
557
676
631
648
601
675
567
664
553
649
585
589
487
606
504
Module:2	RCU:0	branch:1	card:6
825
749
872
757
969
784
847
831
680
729
625
691
665
779
629
780
572
578
583
524
579
565
546
654
560
506
580
531
604
458
511
532
Module:2	RCU:0	branch:1	card:7
804
715
664
533
768
631
717
605
747
677
633
580
678
745
710
882
547
681
549
578
732
590
638
538
519
656
694
707
634
607
680
591
Module:2	RCU:0	branch:1	card:8
623
614
604
857
663
855
592
773
700
748
649
599
571
680
819
804
593
493
537
733
550
643
621
684
700
539
502
583
482
516
502
593
Module:2	RCU:0	branch:1	card:9
859
944
667
934
764
774
635
838
753
804
718
635
852
858
769
845
619
693
690
762
693
765
592
771
661
718
645
761
692
648
725
682
Module:2	RCU:0	branch:1	card:10
959
797
779
685
735
735
695
801
824
935
741
854
867
866
876
881
745
718
799
726
929
694
554
681
623
579
729
537
691
667
647
667
Module:2	RCU:0	branch:1	card:11
838
652
706
638
646
820
662
735
728
845
1023
693
836
853
831
741
659
722
785
700
668
706
775
676
537
746
686
758
635
643
624
589
Module:2	RCU:0	branch:1	card:12
864
724
723
711
752
610
709
683
654
693
677
707
729
681
644
760
629
803
633
828
671
727
593
876
654
774
815
730
696
832
876
512
Module:2	RCU:0	branch:1	card:13
812
669
685
744
748
736
811
858
712
817
694
620
675
807
803
714
833
844
743
824
713
847
849
779
750
852
669
765
755
822
768
683
Module:2	RCU:0	branch:1	card:14
814
772
710
772
508
730
718
739
743
486
680
707
670
724
734
745
601
442
483
655
603
478
554
614
506
465
565
496
580
644
531
582
Module:2	RCU:1	branch:0	card:1
638
468
669
626
500
592
522
576
725
666
630
733
602
601
592
592
617
690
771
840
853
805
871
775
798
826
721
648
734
762
743
683
Module:2	RCU:1	branch:0	card:2
553
550
568
655
588
591
616
652
528
494
383
722
703
686
608
658
682
585
751
715
717
635
777
617
736
701
844
677
731
724
853
700
Module:2	RCU:1	branch:0	card:3
807
801
643
670
667
772
585
534
647
633
679
522
665
599
730
636
737
622
787
743
783
880
892
768
583
957
612
631
618
772
707
803
Module:2	RCU:1	branch:0	card:4
625
574
650
628
585
642
593
451
618
721
588
553
349
537
538
558
935
795
800
815
706
795
719
736
989
718
747
866
837
803
819
837
Module:2	RCU:1	branch:0	card:5
623
753
657
633
677
652
689
694
642
735
658
739
761
608
628
659
749
832
937
718
780
772
765
798
681
805
740
746
835
847
780
714
Module:2	RCU:1	branch:0	card:6
723
756
815
741
812
763
775
694
645
671
636
603
569
669
575
782
869
584
692
591
541
576
625
598
580
633
592
534
589
656
566
616
Module:2	RCU:1	branch:0	card:7
730
783
677
741
748
618
628
639
635
602
686
812
877
767
661
742
564
697
563
632
531
530
591
583
594
627
600
653
637
538
547
616
Module:2	RCU:1	branch:0	card:8
480
540
634
603
715
526
656
486
812
497
739
515
726
655
633
584
639
726
768
609
712
528
618
636
583
598
510
682
621
635
698
625
Module:2	RCU:1	branch:0	card:9
539
523
483
547
528
577
569
465
621
494
524
452
629
669
964
596
629
790
670
723
670
798
634
701
788
808
512
742
775
849
805
884
Module:2	RCU:1	branch:0	card:10
689
701
523
663
681
757
828
822
665
853
632
725
695
790
667
655
867
780
704
656
728
708
778
675
775
722
772
686
821
832
710
764
Module:2	RCU:1	branch:0	card:11
608
724
676
706
719
675
633
797
786
629
522
527
715
621
714
597
658
737
652
658
735
606
809
641
729
781
828
712
794
855
684
730
Module:2	RCU:1	branch:0	card:12
683
477
639
618
560
591
580
506
616
553
642
700
641
507
576
614
701
677
648
740
698
695
766
701
712
921
649
832
607
581
731
678
Module:2	RCU:1	branch:0	card:13
522
589
546
754
589
798
633
554
512
595
691
734
548
484
573
643
666
633
610
568
596
657
700
725
596
662
615
622
557
632
600
593
Module:2	RCU:1	branch:0	card:14
31
245
282
369
330
401
346
352
307
510
532
212
210
245
384
397
542
501
711
590
582
511
701
512
515
581
720
658
779
531
626
533
Module:2	RCU:1	branch:1	card:1
709
577
574
646
730
799
748
727
773
670
512
885
740
731
811
695
767
683
640
731
744
683
804
688
852
592
818
719
778
655
636
750
Module:2	RCU:1	branch:1	card:2
611
717
654
687
675
721
630
669
614
621
787
621
1023
740
795
666
739
743
640
692
755
680
684
644
691
614
648
680
666
620
605
676
Module:2	RCU:1	branch:1	card:3
650
717
729
740
703
639
734
610
647
486
603
472
554
434
679
590
605
817
757
823
715
780
821
749
912
752
793
915
824
822
796
777
Module:2	RCU:1	branch:1	card:4
794
834
747
729
700
650
769
726
679
614
655
563
742
496
573
604
868
836
642
778
871
730
682
806
736
767
696
730
785
701
814
779
Module:2	RCU:1	branch:1	card:5
1023
702
693
831
580
1023
591
533
654
545
655
589
687
554
738
506
677
513
681
623
790
677
649
680
729
640
530
676
547
815
518
706
Module:2	RCU:1	branch:1	card:6
571
618
647
647
652
656
579
593
666
786
588
654
618
704
630
731
795
627
715
722
819
815
793
694
798
664
621
623
754
686
713
536
Module:2	RCU:1	branch:1	card:7
512
577
434
512
547
420
595
560
595
529
571
513
436
546
469
527
399
532
490
388
426
595
403
435
465
549
490
511
518
451
442
441
Module:2	RCU:1	branch:1	card:8
686
817
676
909
569
826
626
768
661
703
706
844
900
798
609
842
782
637
676
632
721
652
665
701
645
691
708
745
643
669
512
806
Module:2	RCU:1	branch:1	card:9
753
772
694
747
640
833
765
854
784
689
809
611
727
710
837
800
693
865
752
802
759
752
852
934
858
935
580
778
812
866
749
719
Module:2	RCU:1	branch:1	card:10
598
511
814
639
916
811
713
695
837
536
854
731
771
821
747
667
825
790
969
788
1023
983
844
763
718
793
778
794
822
648
825
705
Module:2	RCU:1	branch:1	card:11
675
811
746
628
709
643
617
609
871
789
822
755
852
621
665
670
818
641
748
831
918
1002
823
1022
869
786
914
814
779
928
745
874
Module:2	RCU:1	branch:1	card:12
623
707
680
772
787
759
921
673
459
445
441
387
329
445
407
432
512
745
776
730
676
729
826
830
825
829
740
857
691
590
825
715
Module:2	RCU:1	branch:1	card:13
577
665
748
744
873
766
709
752
454
378
404
571
405
523
536
460
627
852
685
860
936
699
874
769
832
637
787
709
698
748
724
772
Module:2	RCU:1	branch:1	card:14
483
283
501
446
438
437
421
259
420
362
253
507
485
246
226
251
492
258
571
467
628
470
442
494
595
446
496
439
1023
479
425
546
Module:2	RCU:2	branch:0	card:1
598
710
601
606
501
528
512
578
382
215
182
101
181
472
123
530
512
512
512
568
512
512
512
552
512
715
512
567
512
603
512
693
Module:2	RCU:2	branch:0	card:2
625
1011
690
834
676
837
657
833
416
456
284
570
359
448
196
538
631
621
671
634
549
620
668
741
649
602
603
709
691
710
746
780
Module:2	RCU:2	branch:0	card:3
957
857
912
865
979
793
768
956
888
904
976
760
944
809
800
839
757
765
757
760
635
556
661
663
781
873
816
951
803
935
792
985
Module:2	RCU:2	branch:0	card:4
819
817
955
783
883
512
769
734
834
822
716
887
829
961
932
694
562
618
606
724
736
736
630
712
838
714
726
815
852
779
853
867
Module:2	RCU:2	branch:0	card:5
803
780
811
789
763
663
603
640
739
726
725
721
696
769
676
527
816
808
754
605
724
790
651
789
792
725
824
809
813
839
806
858
Module:2	RCU:2	branch:0	card:6
700
656
633
691
610
622
642
548
589
817
615
743
656
756
713
711
681
598
596
538
725
613
690
532
748
643
688
571
513
612
660
628
Module:2	RCU:2	branch:0	card:7
423
479
534
404
509
579
598
581
538
477
479
110
506
464
432
554
496
583
466
244
491
548
522
501
503
526
557
542
620
722
394
621
Module:2	RCU:2	branch:0	card:8
814
818
998
730
742
787
755
780
835
832
756
729
766
648
753
652
786
685
652
675
778
690
761
734
784
647
728
711
714
631
651
578
Module:2	RCU:2	branch:0	card:9
760
714
886
776
922
680
864
741
721
626
786
697
810
651
711
738
786
780
833
788
732
816
828
650
708
649
732
626
677
575
563
622
Module:2	RCU:2	branch:0	card:10
757
599
669
685
559
704
603
706
664
885
659
743
588
778
620
667
767
670
764
726
728
762
656
583
697
688
743
704
634
743
683
554
Module:2	RCU:2	branch:0	card:11
767
693
780
663
794
745
738
767
722
798
757
796
793
707
773
666
697
801
773
760
666
706
746
708
730
675
703
766
719
504
691
588
Module:2	RCU:2	branch:0	card:12
694
760
590
579
681
578
739
596
755
688
765
827
849
784
767
858
793
539
771
602
705
571
578
551
469
560
632
758
530
779
516
710
Module:2	RCU:2	branch:0	card:13
627
512
531
560
534
603
530
614
683
633
739
605
678
628
711
740
570
786
768
776
762
779
790
717
780
638
656
561
607
623
690
515
Module:2	RCU:2	branch:0	card:14
560
495
498
604
613
546
638
555
512
516
580
582
548
619
597
528
543
432
390
459
472
410
467
492
420
407
422
491
410
418
406
384
Module:2	RCU:2	branch:1	card:1
880
597
863
797
753
781
752
585
685
739
688
772
622
753
735
674
818
478
454
504
526
481
593
527
623
594
435
685
600
639
567
516
Module:2	RCU:2	branch:1	card:2
748
690
841
707
735
617
719
696
717
645
671
682
664
666
713
654
550
699
575
549
628
527
523
571
693
509
546
580
718
587
537
578
Module:2	RCU:2	branch:1	card:3
685
663
659
623
500
617
594
706
635
672
590
567
562
622
568
706
608
547
500
479
620
643
741
549
558
698
589
649
584
575
608
695
Module:2	RCU:2	branch:1	card:4
512
696
783
815
738
719
747
842
608
728
631
811
667
659
746
561
612
769
487
672
572
780
503
719
807
865
692
799
769
785
719
850
Module:2	RCU:2	branch:1	card:5
729
775
711
512
498
661
731
652
578
616
684
686
668
608
628
616
933
584
945
754
618
792
504
791
656
716
617
713
612
811
480
773
Module:2	RCU:2	branch:1	card:6
629
609
700
675
727
803
628
742
613
613
591
625
646
681
590
576
689
716
671
641
679
814
680
753
635
867
801
693
851
678
870
677
Module:2	RCU:2	branch:1	card:7
522
493
378
466
524
508
580
483
521
497
576
582
565
583
560
506
643
395
425
491
381
592
464
532
556
512
421
512
528
530
633
489
Module:2	RCU:2	branch:1	card:8
898
560
813
576
942
622
769
609
854
558
655
686
523
538
598
552
601
542
566
634
571
658
628
555
634
636
574
637
637
707
754
648
Module:2	RCU:2	branch:1	card:9
603
757
516
900
625
922
582
805
580
843
599
709
822
789
681
810
653
699
589
677
626
576
644
631
590
601
609
591
693
720
597
658
Module:2	RCU:2	branch:1	card:10
877
818
918
814
871
775
978
611
782
839
872
848
865
725
641
740
548
576
531
578
524
692
584
543
644
592
553
664
518
652
630
579
Module:2	RCU:2	branch:1	card:11
873
644
585
622
589
610
666
599
618
658
585
592
561
559
589
477
565
580
596
680
644
551
621
642
496
621
621
655
626
519
504
798
Module:2	RCU:2	branch:1	card:12
615
594
559
512
643
632
535
645
521
491
542
578
559
565
611
562
567
489
443
469
373
612
560
574
639
551
586
583
537
406
754
660
Module:2	RCU:2	branch:1	card:13
524
690
512
800
593
684
747
765
795
778
695
750
773
684
812
799
510
512
460
549
608
642
504
613
786
775
771
636
561
556
512
555
Module:2	RCU:2	branch:1	card:14
565
771
719
725
638
733
689
776
734
721
669
637
532
604
732
624
361
512
536
512
396
512
392
512
487
512
515
512
468
512
378
512
Module:2	RCU:3	branch:0	card:1
760
649
633
836
620
701
567
773
608
806
534
766
645
759
483
691
536
631
560
647
558
597
603
617
729
555
726
554
780
601
676
618
Module:2	RCU:3	branch:0	card:2
750
768
659
835
819
811
797
699
639
576
722
653
629
716
617
782
644
612
844
554
683
725
697
665
698
838
791
692
588
712
721
704
Module:2	RCU:3	branch:0	card:3
830
826
752
897
761
734
726
720
621
734
571
697
782
872
756
589
912
727
664
995
807
774
803
752
814
685
775
769
775
785
799
717
Module:2	RCU:3	branch:0	card:4
829
779
659
684
641
667
645
621
701
691
826
751
721
641
807
516
792
767
697
688
741
867
759
871
668
757
779
791
751
696
752
742
Module:2	RCU:3	branch:0	card:5
568
597
736
660
692
587
599
641
631
587
585
592
681
566
643
589
548
521
832
591
506
596
762
572
561
838
574
639
600
553
609
620
Module:2	RCU:3	branch:0	card:6
558
698
682
740
772
669
779
716
770
718
782
666
769
708
782
653
647
602
595
603
569
604
707
537
613
543
1023
491
535
570
637
626
Module:2	RCU:3	branch:0	card:7
830
804
686
686
691
797
792
830
720
729
667
730
695
667
721
719
635
613
846
617
778
605
583
653
624
764
628
793
728
735
622
645
Module:2	RCU:3	branch:0	card:8
499
573
604
529
700
585
607
503
604
728
639
732
688
778
621
584
731
725
765
723
620
782
686
733
811
655
741
576
599
554
442
697
Module:2	RCU:3	branch:0	card:9
526
942
633
613
704
1002
508
918
646
642
593
924
752
638
833
746
846
873
692
662
818
695
614
678
725
680
763
722
771
957
772
681
Module:2	RCU:3	branch:0	card:10
684
601
887
773
675
737
549
746
757
629
698
435
573
690
737
598
726
623
603
730
651
706
749
806
769
753
616
728
586
749
641
996
Module:2	RCU:3	branch:0	card:11
606
622
607
581
609
663
629
752
547
581
544
498
553
463
618
399
512
815
1023
849
934
797
729
797
734
750
671
666
735
849
793
689
Module:2	RCU:3	branch:0	card:12
603
606
668
704
563
675
605
569
644
566
500
766
718
678
590
742
662
801
656
711
820
743
892
843
707
691
735
747
806
689
740
673
Module:2	RCU:3	branch:0	card:13
563
625
682
510
740
544
557
526
655
590
683
851
622
773
617
922
722
664
756
902
733
877
888
859
821
512
812
672
716
791
626
730
Module:2	RCU:3	branch:0	card:14
393
389
570
408
546
461
472
588
538
612
243
549
482
501
468
463
618
630
579
620
655
595
646
656
731
766
576
626
678
547
611
639
Module:2	RCU:3	branch:1	card:1
625
563
519
568
648
756
576
538
476
539
586
412
529
553
520
462
618
758
756
748
824
884
948
633
762
834
680
675
677
680
690
606
Module:2	RCU:3	branch:1	card:2
692
681
645
594
929
678
694
658
651
712
720
511
624
573
529
511
567
558
613
554
530
607
581
560
665
598
673
682
562
598
634
676
Module:2	RCU:3	branch:1	card:3
555
698
648
928
548
613
746
753
663
554
836
695
738
760
825
549
659
657
639
540
661
663
586
661
647
660
689
502
690
645
639
683
Module:2	RCU:3	branch:1	card:4
630
584
786
650
659
704
665
773
650
591
681
588
673
569
556
706
549
565
787
826
610
653
629
774
778
732
665
699
1023
686
742
775
Module:2	RCU:3	branch:1	card:5
545
639
597
716
751
622
522
598
532
602
564
644
616
608
479
540
697
630
675
712
776
660
651
786
774
781
779
816
710
741
750
719
Module:2	RCU:3	branch:1	card:6
690
688
631
472
661
564
554
583
696
560
736
649
513
616
596
572
710
478
720
462
731
636
604
553
581
563
506
544
515
520
426
512
Module:2	RCU:3	branch:1	card:7
717
804
512
809
664
660
512
684
700
774
735
668
752
702
789
649
508
509
504
448
535
466
506
555
537
526
457
539
471
436
370
473
Module:2	RCU:3	branch:1	card:8
567
806
660
948
690
805
795
767
806
742
776
863
758
798
618
706
615
678
635
574
633
444
611
609
644
561
548
668
433
618
535
526
Module:2	RCU:3	branch:1	card:9
830
521
868
494
735
571
670
536
787
594
798
508
824
596
761
544
702
649
556
587
578
589
448
692
846
481
693
630
638
478
653
450
Module:2	RCU:3	branch:1	card:10
515
730
653
674
659
786
666
703
735
670
700
716
591
651
572
679
577
600
554
551
589
610
576
579
511
539
538
530
547
521
537
595
Module:2	RCU:3	branch:1	card:11
600
576
650
561
574
605
547
558
625
574
642
566
442
387
659
544
534
677
524
693
723
391
643
719
591
536
614
565
649
582
658
672
Module:2	RCU:3	branch:1	card:12
587
695
662
604
711
621
694
676
557
552
580
546
532
497
523
608
626
635
589
568
677
723
667
762
513
814
558
530
489
682
627
645
Module:2	RCU:3	branch:1	card:13
615
586
542
601
583
520
555
673
571
642
544
656
568
680
643
595
719
588
800
703
818
861
714
760
719
716
622
735
734
643
770
795
Module:2	RCU:3	branch:1	card:14
549
447
527
516
511
582
649
664
811
546
637
497
600
661
701
708
681
511
607
483
574
399
613
518
610
512
556
545
229
509
288
451
