Module:2	RCU:3	branch:1	card:14
856
696
707
705
708
826
914
886
911
674
851
683
855
763
860
785
903
663
901
673
855
673
913
681
888
675
843
701
633
933
644
937
Module:2	RCU:3	branch:1	card:13
702
714
690
706
732
702
733
796
766
798
786
800
814
800
703
799
834
831
890
932
868
881
863
898
823
891
914
876
921
860
883
900
Module:2	RCU:3	branch:1	card:12
747
766
779
781
778
733
760
737
753
744
751
755
753
701
758
702
797
812
812
788
806
848
833
911
785
918
805
660
766
849
790
848
Module:2	RCU:3	branch:1	card:11
805
727
826
722
816
721
806
722
806
725
816
731
826
742
844
749
753
789
773
782
758
655
783
773
768
777
806
791
798
765
796
800
Module:2	RCU:3	branch:1	card:10
666
858
835
842
831
885
831
875
799
875
848
883
866
888
856
825
702
746
706
729
709
736
715
728
711
731
719
718
743
730
743
748
Module:2	RCU:3	branch:1	card:9
991
693
1000
698
952
752
963
674
971
668
973
675
960
691
988
661
702
826
806
771
797
826
814
811
803
658
809
686
832
691
813
681
Module:2	RCU:3	branch:1	card:8
851
911
901
920
903
925
916
948
926
993
951
992
944
963
890
966
689
717
827
716
781
682
748
766
728
792
727
766
685
744
746
759
Module:2	RCU:3	branch:1	card:7
888
906
878
928
860
867
852
861
861
916
888
905
881
927
928
931
783
731
756
691
730
677
835
895
698
748
701
741
788
715
746
712
Module:2	RCU:3	branch:1	card:6
825
819
823
883
818
872
796
853
916
856
778
853
781
883
814
879
941
701
917
658
926
771
780
778
766
704
740
708
749
711
708
656
Module:2	RCU:3	branch:1	card:5
743
831
745
836
745
843
771
713
658
807
658
791
704
783
704
782
878
913
911
958
918
935
891
926
956
931
927
931
896
955
924
946
Module:2	RCU:3	branch:1	card:4
783
895
795
879
806
843
827
833
853
820
861
735
830
744
865
743
845
825
858
946
886
933
908
908
848
942
774
943
951
856
907
897
Module:2	RCU:3	branch:1	card:3
661
936
671
933
680
908
840
898
877
803
902
906
920
914
916
755
827
860
838
781
886
876
873
862
865
861
874
811
853
865
808
875
Module:2	RCU:3	branch:1	card:2
828
796
833
798
833
749
826
801
811
800
755
722
768
690
784
678
751
778
763
841
753
801
746
754
773
815
790
893
829
848
791
838
Module:2	RCU:3	branch:1	card:1
769
762
693
797
725
786
734
776
736
687
763
722
771
724
763
729
951
855
956
929
821
919
900
856
911
926
836
840
906
721
951
760
Module:2	RCU:3	branch:0	card:14
638
645
811
721
710
813
716
786
678
783
618
741
741
688
674
666
815
783
755
784
756
780
768
796
777
883
818
847
842
802
779
808
Module:2	RCU:3	branch:0	card:13
713
766
898
677
895
678
852
696
856
645
858
938
688
925
761
915
801
842
846
981
855
981
977
891
958
896
897
853
800
846
735
833
Module:2	RCU:3	branch:0	card:12
678
801
842
811
704
853
696
845
818
718
673
928
832
857
713
856
843
984
823
856
912
890
916
868
875
784
870
930
955
869
960
815
Module:2	RCU:3	branch:0	card:11
751
776
768
727
760
806
671
797
731
720
786
808
751
704
786
689
936
937
978
988
988
891
875
885
859
863
831
814
843
961
931
906
Module:2	RCU:3	branch:0	card:10
960
766
916
931
875
848
776
838
860
816
816
758
833
768
1021
773
911
793
758
913
848
876
921
962
883
882
901
850
773
853
836
938
Module:2	RCU:3	branch:0	card:9
769
985
806
808
753
1019
700
1001
837
906
728
1008
978
736
875
876
898
861
866
858
870
880
785
840
863
854
938
928
927
940
873
810
Module:2	RCU:3	branch:0	card:8
811
728
883
748
883
808
963
761
861
783
743
777
826
798
832
791
890
883
822
911
780
911
903
878
846
856
882
876
796
825
809
801
Module:2	RCU:3	branch:0	card:7
910
852
858
859
933
963
926
946
835
838
835
779
786
783
796
883
746
786
751
707
848
826
758
776
746
898
698
945
758
910
766
836
Module:2	RCU:3	branch:0	card:6
766
875
830
886
820
865
956
906
948
898
933
851
937
900
906
843
813
711
728
722
676
804
791
673
720
670
808
736
699
662
678
785
Module:2	RCU:3	branch:0	card:5
721
777
849
771
848
819
723
828
881
773
741
808
875
805
838
808
829
811
832
821
708
831
894
841
811
850
801
829
791
834
775
717
Module:2	RCU:3	branch:0	card:4
945
909
886
900
878
880
871
801
863
849
980
826
969
812
956
698
861
886
851
886
841
883
830
882
859
804
869
823
877
828
883
828
Module:2	RCU:3	branch:0	card:3
966
932
918
925
911
867
911
856
851
851
793
833
948
963
940
753
881
852
868
848
885
851
896
853
904
843
906
866
907
868
898
868
Module:2	RCU:3	branch:0	card:2
934
899
763
973
981
903
973
895
913
891
923
901
921
882
892
960
793
779
815
772
773
883
883
776
778
891
778
898
780
900
782
898
Module:2	RCU:3	branch:0	card:1
829
808
827
941
748
932
761
951
828
961
815
934
824
926
717
929
717
808
726
803
730
704
728
706
718
655
728
756
753
775
810
785
Module:2	RCU:2	branch:1	card:14
754
880
813
873
821
870
839
860
843
835
844
813
848
767
893
759
745
693
771
713
712
954
693
835
965
971
816
829
756
801
755
812
Module:2	RCU:2	branch:1	card:13
678
928
698
920
731
941
890
934
897
928
901
922
905
927
921
939
675
693
674
690
773
761
788
788
909
925
943
763
747
753
725
714
Module:2	RCU:2	branch:1	card:12
826
793
736
803
815
841
811
698
803
688
791
683
745
682
787
680
943
732
686
678
673
791
948
962
781
735
728
668
743
663
946
933
Module:2	RCU:2	branch:1	card:11
947
748
743
711
740
710
741
713
766
715
774
716
770
719
750
726
798
798
791
851
793
853
838
861
810
770
834
918
851
746
842
946
Module:2	RCU:2	branch:1	card:10
987
922
1003
938
1009
956
1010
953
1006
950
1005
944
1001
940
866
941
796
777
803
806
651
798
763
836
773
818
786
824
758
816
785
833
Module:2	RCU:2	branch:1	card:9
791
944
678
984
688
993
700
995
704
995
699
995
973
993
964
990
725
750
749
739
745
732
759
721
751
740
768
746
761
938
770
753
Module:2	RCU:2	branch:1	card:8
971
736
973
719
973
764
975
768
867
778
882
788
748
792
748
790
824
699
666
731
658
718
686
700
678
738
715
748
711
755
731
730
Module:2	RCU:2	branch:1	card:7
888
896
890
906
918
908
921
908
913
900
913
891
918
881
927
968
938
850
828
826
796
789
758
853
893
822
821
791
818
789
821
854
Module:2	RCU:2	branch:1	card:6
833
846
833
931
823
935
811
934
808
791
803
811
853
823
852
831
934
791
928
791
930
879
792
876
792
929
876
786
876
794
848
876
Module:2	RCU:2	branch:1	card:5
826
870
905
873
681
878
839
843
825
853
841
864
861
863
867
850
988
921
990
928
716
900
844
901
778
903
773
928
783
897
650
933
Module:2	RCU:2	branch:1	card:4
669
945
893
957
891
950
882
942
833
946
918
952
924
827
931
809
766
961
766
966
763
964
765
956
967
991
966
973
961
992
963
993
Module:2	RCU:2	branch:1	card:3
696
723
688
718
678
762
706
762
726
757
732
750
729
741
727
901
788
730
761
726
751
736
827
733
701
736
700
738
696
730
685
764
Module:2	RCU:2	branch:1	card:2
846
827
851
781
858
840
853
884
886
799
868
790
816
772
824
803
740
857
826
836
795
767
781
733
846
791
836
831
775
764
698
746
Module:2	RCU:2	branch:1	card:1
779
808
856
696
707
705
708
826
914
886
911
674
851
683
855
763
860
785
903
663
901
673
855
673
913
681
888
675
843
701
633
933
Module:2	RCU:2	branch:0	card:14
800
876
723
783
871
807
851
768
786
769
798
846
759
865
878
793
848
803
848
806
841
757
833
753
798
748
801
746
803
745
803
742
Module:2	RCU:2	branch:0	card:13
886
762
863
751
798
833
821
855
807
768
850
791
838
755
776
801
691
928
937
931
934
942
931
836
932
833
933
833
697
831
928
835
Module:2	RCU:2	branch:0	card:12
915
938
924
866
922
850
997
865
922
872
885
978
993
944
945
900
888
680
886
715
876
723
741
726
743
728
781
936
775
940
769
943
Module:2	RCU:2	branch:0	card:11
938
858
973
926
965
910
960
921
943
984
958
977
966
888
962
881
903
907
913
910
925
910
920
909
918
906
919
901
923
765
895
781
Module:2	RCU:2	branch:0	card:10
826
780
826
781
761
890
763
898
843
957
815
948
770
936
814
903
914
860
885
880
881
896
886
893
888
926
888
863
864
866
873
860
Module:2	RCU:2	branch:0	card:9
913
810
916
884
991
796
996
874
938
799
933
872
866
821
803
871
853
848
851
858
851
862
856
766
876
768
768
766
767
766
794
783
Module:2	RCU:2	branch:0	card:8
916
1001
982
908
871
853
888
921
956
995
956
925
946
850
941
851
931
826
871
853
875
850
929
925
913
834
918
825
834
826
827
825
Module:2	RCU:2	branch:0	card:7
898
912
885
903
980
979
975
981
1001
896
973
671
978
956
951
958
823
674
801
681
805
878
673
871
676
880
683
868
886
913
662
907
Module:2	RCU:2	branch:0	card:6
913
951
875
942
828
880
868
746
874
939
926
998
943
997
998
958
916
794
928
816
933
819
936
818
853
867
804
802
708
767
808
788
Module:2	RCU:2	branch:0	card:5
963
854
947
911
933
809
823
846
859
876
923
896
927
906
819
773
970
908
884
907
880
904
870
898
900
895
908
892
910
892
908
915
Module:2	RCU:2	branch:0	card:4
988
943
1023
933
962
949
972
961
986
1015
993
1023
1011
1023
983
985
828
958
1023
961
1023
951
934
946
932
941
925
933
945
961
955
961
Module:2	RCU:2	branch:0	card:3
1023
993
1023
1000
1023
1023
1023
996
1016
1003
1023
978
1010
986
1017
987
986
973
982
943
976
981
989
993
1003
1006
1009
1023
1011
1023
1003
1023
Module:2	RCU:2	branch:0	card:2
833
1023
836
1023
808
1023
851
1023
760
1023
751
1023
863
1019
861
1016
786
839
843
858
858
855
867
853
867
848
869
846
872
844
858
844
Module:2	RCU:2	branch:0	card:1
713
828
638
645
811
721
710
813
716
786
678
783
618
741
741
688
674
666
815
783
755
784
756
780
768
796
777
883
818
847
842
802
Module:2	RCU:1	branch:1	card:14
741
726
760
805
798
814
826
730
756
740
758
736
825
793
751
726
828
771
843
786
941
800
833
771
830
831
881
831
884
828
713
828
Module:2	RCU:1	branch:1	card:13
841
867
1020
950
1003
987
928
958
899
791
821
1023
825
1011
907
1023
790
953
787
966
964
843
963
853
871
759
856
927
753
941
821
945
Module:2	RCU:1	branch:1	card:12
775
922
863
948
951
1023
1023
888
949
919
815
876
802
873
853
864
913
883
902
871
895
901
913
895
940
923
861
895
864
710
867
714
Module:2	RCU:1	branch:1	card:11
931
976
956
858
848
853
898
840
949
886
999
886
966
871
861
858
946
760
836
941
981
1021
938
953
961
921
997
936
939
1023
955
956
Module:2	RCU:1	branch:1	card:10
837
888
980
980
999
1001
982
931
994
836
942
921
963
999
896
918
856
936
981
916
968
1006
931
828
831
981
838
906
836
776
968
861
Module:2	RCU:1	branch:1	card:9
1023
1023
956
950
971
1023
1016
1023
1007
985
1018
868
1021
905
1019
979
821
981
834
918
941
941
1021
998
998
982
798
836
1014
871
966
750
Module:2	RCU:1	branch:1	card:8
893
1023
876
1023
904
1023
887
987
925
1009
916
1011
929
1023
835
1023
865
815
784
791
831
870
856
849
843
825
868
877
870
823
851
865
Module:2	RCU:1	branch:1	card:7
790
841
789
757
805
757
736
768
771
755
910
763
743
750
775
766
876
846
869
828
818
878
842
888
816
800
890
843
883
841
813
951
Module:2	RCU:1	branch:1	card:6
796
868
857
862
733
872
728
876
851
907
736
898
720
900
860
887
943
905
938
901
941
896
953
912
953
903
953
848
956
841
949
845
Module:2	RCU:1	branch:1	card:5
825
880
831
873
854
791
846
793
863
765
850
781
962
763
971
779
935
780
975
816
945
932
891
927
955
926
828
916
776
940
787
941
Module:2	RCU:1	branch:1	card:4
854
920
841
836
850
843
888
811
907
816
968
803
896
811
866
831
996
926
881
955
878
928
891
950
908
903
906
929
956
903
926
923
Module:2	RCU:1	branch:1	card:3
811
845
831
811
872
860
876
681
828
711
811
701
832
733
865
731
815
991
932
993
956
1001
978
1004
976
976
965
982
985
983
973
1005
Module:2	RCU:1	branch:1	card:2
858
883
846
803
791
818
840
828
896
826
896
810
918
872
847
836
879
803
866
813
848
813
861
831
848
833
841
838
846
826
776
826
Module:2	RCU:1	branch:1	card:1
918
791
793
785
940
963
933
946
885
881
894
955
928
848
863
809
903
940
824
841
915
863
908
848
949
776
928
860
941
853
833
873
Module:2	RCU:1	branch:0	card:14
883
808
651
877
875
831
844
856
743
941
941
885
681
669
632
799
883
793
875
794
853
830
871
922
876
896
895
916
887
770
784
840
Module:2	RCU:1	branch:0	card:13
796
873
736
860
802
931
866
701
933
801
907
946
726
708
690
870
821
793
818
756
829
800
827
876
818
881
797
753
792
881
790
761
Module:2	RCU:1	branch:0	card:12
853
693
837
808
880
807
883
833
896
748
893
843
894
843
773
765
921
950
919
955
918
960
916
955
913
936
824
984
827
748
946
820
Module:2	RCU:1	branch:0	card:11
856
901
911
931
900
925
916
941
921
941
762
833
904
851
923
871
960
882
963
886
966
890
973
896
979
1006
983
998
902
933
888
923
Module:2	RCU:1	branch:0	card:10
780
960
758
930
921
968
961
963
961
973
951
886
957
891
941
876
1021
941
1023
941
1018
937
1021
931
1018
925
1016
905
943
942
941
952
Module:2	RCU:1	branch:0	card:9
773
735
774
798
765
828
748
729
797
691
793
725
773
761
1002
736
853
988
856
981
861
971
866
950
1006
980
999
1007
992
1011
989
1016
Module:2	RCU:1	branch:0	card:8
663
836
875
729
841
733
836
663
895
676
898
646
880
821
841
806
823
868
896
868
893
781
894
864
756
730
785
913
793
836
868
850
Module:2	RCU:1	branch:0	card:7
891
871
870
921
916
708
910
811
890
808
917
886
935
890
910
907
752
831
758
798
853
804
851
808
842
813
836
813
838
812
838
817
Module:2	RCU:1	branch:0	card:6
838
915
903
911
877
861
905
851
898
886
853
846
846
861
841
868
983
749
971
786
796
785
787
786
783
718
776
719
757
708
753
721
Module:2	RCU:1	branch:0	card:5
788
873
846
806
858
831
868
861
870
890
831
886
874
868
821
830
996
901
999
914
1001
937
981
951
920
948
986
967
993
958
997
953
Module:2	RCU:1	branch:0	card:4
826
699
813
700
818
727
844
731
835
753
841
726
659
763
680
763
1006
918
1007
972
958
967
947
964
1023
986
1015
983
1011
992
928
991
Module:2	RCU:1	branch:0	card:3
896
930
886
924
893
928
880
775
851
753
888
778
915
813
928
818
900
833
951
868
953
1010
929
998
821
1010
797
936
851
1012
844
993
Module:2	RCU:1	branch:0	card:2
710
731
872
746
738
749
715
725
735
663
637
864
846
891
729
865
931
861
949
870
944
853
927
858
876
890
893
874
900
886
921
923
Module:2	RCU:1	branch:0	card:1
840
656
826
951
837
775
830
688
908
731
838
823
836
760
833
823
730
946
946
941
960
946
971
947
986
923
981
934
932
941
926
866
Module:2	RCU:0	branch:1	card:14
895
916
891
937
766
918
939
901
943
788
899
908
898
909
914
905
879
792
885
911
873
846
961
950
805
860
895
783
883
926
841
836
Module:2	RCU:0	branch:1	card:13
928
870
911
942
983
975
973
980
942
943
818
822
875
848
984
913
920
903
927
960
877
946
888
978
859
973
824
960
933
971
925
900
Module:2	RCU:0	branch:1	card:12
973
876
971
901
857
891
933
915
879
909
925
923
926
918
885
935
767
946
756
976
820
958
797
968
780
931
952
945
902
912
896
921
Module:2	RCU:0	branch:1	card:11
913
926
978
950
800
948
803
970
824
949
950
850
961
971
942
907
814
897
845
832
781
816
875
813
784
901
842
900
806
791
795
826
Module:2	RCU:0	branch:1	card:10
1023
1022
965
955
998
983
887
797
946
1023
963
973
1023
1005
975
1023
900
879
966
893
971
790
818
778
816
840
902
773
903
778
815
833
Module:2	RCU:0	branch:1	card:9
1010
971
823
1023
956
913
801
1000
954
991
1006
823
1001
1023
951
966
713
840
711
851
713
855
813
847
866
888
854
874
883
896
865
871
Module:2	RCU:0	branch:1	card:8
797
833
858
1023
843
1023
871
928
873
946
855
797
841
969
1023
1008
691
675
753
811
713
815
815
816
811
645
649
661
701
665
696
671
Module:2	RCU:0	branch:1	card:7
911
853
843
818
888
888
846
863
996
836
821
843
890
1023
865
1018
721
796
721
690
776
716
777
720
694
726
730
813
731
810
765
786
Module:2	RCU:0	branch:1	card:6
965
905
975
893
990
897
989
1007
881
902
900
876
895
913
901
909
681
683
684
721
703
703
708
776
713
756
751
745
754
693
753
730
Module:2	RCU:0	branch:1	card:5
778
1023
808
1023
823
1023
821
1023
808
1023
816
1023
793
1023
798
980
820
719
818
713
841
762
785
732
812
726
789
650
779
648
676
646
Module:2	RCU:0	branch:1	card:4
856
741
1023
1018
1011
761
830
773
1023
773
840
774
791
800
763
789
793
816
787
753
814
843
851
750
855
743
871
825
851
835
820
788
Module:2	RCU:0	branch:1	card:3
808
910
904
913
880
846
916
878
790
850
917
820
831
913
888
813
881
882
876
898
868
876
878
903
886
895
886
871
963
908
898
970
Module:2	RCU:0	branch:1	card:2
742
853
881
867
871
806
635
880
790
819
858
781
814
884
771
873
935
981
833
956
921
961
921
971
931
845
957
821
953
846
979
843
Module:2	RCU:0	branch:1	card:1
784
840
741
726
760
805
798
814
826
730
756
740
758
736
825
793
751
726
828
771
843
786
941
800
833
771
830
831
881
831
884
828
Module:2	RCU:0	branch:0	card:14
720
706
753
746
812
707
741
742
678
701
800
756
740
716
746
666
1013
977
958
981
954
976
975
973
965
966
954
926
1001
941
978
904
Module:2	RCU:0	branch:0	card:13
756
776
747
776
756
815
792
775
786
806
774
812
777
812
778
806
991
1003
993
901
1013
1023
1005
1023
1000
1013
996
1010
996
1003
986
1005
Module:2	RCU:0	branch:0	card:12
840
836
826
836
837
861
830
861
823
863
838
934
836
851
833
857
890
963
906
965
906
963
885
658
940
981
923
973
958
971
951
957
Module:2	RCU:0	branch:0	card:11
668
898
849
888
857
884
867
828
871
813
873
803
883
741
880
817
867
841
848
846
871
866
913
903
843
883
915
868
922
905
883
988
Module:2	RCU:0	branch:0	card:10
876
917
890
687
671
896
883
686
670
955
871
638
903
636
895
638
1023
1018
1021
1002
1016
969
1023
1006
998
991
1011
981
976
883
952
906
Module:2	RCU:0	branch:0	card:9
866
877
860
870
726
775
731
783
790
865
799
655
816
883
836
665
1023
1010
1023
1008
1023
1013
973
1023
993
988
1008
988
985
1000
1023
1023
Module:2	RCU:0	branch:0	card:8
783
819
936
810
790
848
844
730
743
736
750
812
791
809
822
826
722
1023
764
1023
984
1023
979
1023
743
1023
963
1023
1014
1023
1023
1023
Module:2	RCU:0	branch:0	card:7
733
833
718
761
768
773
848
748
706
826
700
745
757
716
751
778
1007
1023
1016
1016
1023
1023
1023
1023
1023
1023
1014
1023
983
713
1023
856
Module:2	RCU:0	branch:0	card:6
777
688
875
652
879
702
738
698
746
731
841
671
923
661
648
701
943
1001
970
996
976
990
978
1015
981
978
968
1006
946
1021
961
1023
Module:2	RCU:0	branch:0	card:5
858
761
726
890
726
902
718
751
895
756
778
741
755
746
771
785
808
753
758
738
771
788
799
843
799
849
790
881
761
881
757
881
Module:2	RCU:0	branch:0	card:4
851
850
823
820
820
808
791
817
817
858
796
826
709
715
678
711
886
930
926
938
908
911
906
956
906
956
930
978
930
963
931
921
Module:2	RCU:0	branch:0	card:3
686
871
753
785
681
778
765
683
896
687
866
886
643
896
885
841
836
750
829
758
808
861
856
860
857
857
846
848
782
776
776
778
Module:2	RCU:0	branch:0	card:2
896
958
891
951
893
946
896
698
915
732
821
930
935
722
942
733
691
816
738
815
711
772
730
764
746
783
741
803
734
796
774
783
Module:2	RCU:0	branch:0	card:1
667
884
883
808
651
877
875
831
844
856
743
941
941
885
681
669
632
799
883
793
875
794
853
830
871
922
876
896
895
916
887
770
