Module:2	RCU:3	branch:1	card:14
806
646
657
655
658
776
864
836
861
624
801
633
805
713
810
735
853
613
851
623
805
623
863
631
838
625
793
651
583
883
594
887
Module:2	RCU:3	branch:1	card:13
652
664
640
656
682
652
683
746
716
748
736
750
764
750
653
749
784
781
840
882
818
831
813
848
773
841
864
826
871
810
833
850
Module:2	RCU:3	branch:1	card:12
697
716
729
731
728
683
710
687
703
694
701
705
703
651
708
652
747
762
762
738
756
798
783
861
735
868
755
610
716
799
740
798
Module:2	RCU:3	branch:1	card:11
755
677
776
672
766
671
756
672
756
675
766
681
776
692
794
699
703
739
723
732
708
605
733
723
718
727
756
741
748
715
746
750
Module:2	RCU:3	branch:1	card:10
616
808
785
792
781
835
781
825
749
825
798
833
816
838
806
775
652
696
656
679
659
686
665
678
661
681
669
668
693
680
693
698
Module:2	RCU:3	branch:1	card:9
941
643
950
648
902
702
913
624
921
618
923
625
910
641
938
611
652
776
756
721
747
776
764
761
753
608
759
636
782
641
763
631
Module:2	RCU:3	branch:1	card:8
801
861
851
870
853
875
866
898
876
943
901
942
894
913
840
916
639
667
777
666
731
632
698
716
678
742
677
716
635
694
696
709
Module:2	RCU:3	branch:1	card:7
838
856
828
878
810
817
802
811
811
866
838
855
831
877
878
881
733
681
706
641
680
627
785
845
648
698
651
691
738
665
696
662
Module:2	RCU:3	branch:1	card:6
775
769
773
833
768
822
746
803
866
806
728
803
731
833
764
829
891
651
867
608
876
721
730
728
716
654
690
658
699
661
658
606
Module:2	RCU:3	branch:1	card:5
693
781
695
786
695
793
721
663
608
757
608
741
654
733
654
732
828
863
861
908
868
885
841
876
906
881
877
881
846
905
874
896
Module:2	RCU:3	branch:1	card:4
733
845
745
829
756
793
777
783
803
770
811
685
780
694
815
693
795
775
808
896
836
883
858
858
798
892
724
893
901
806
857
847
Module:2	RCU:3	branch:1	card:3
611
886
621
883
630
858
790
848
827
753
852
856
870
864
866
705
777
810
788
731
836
826
823
812
815
811
824
761
803
815
758
825
Module:2	RCU:3	branch:1	card:2
778
746
783
748
783
699
776
751
761
750
705
672
718
640
734
628
701
728
713
791
703
751
696
704
723
765
740
843
779
798
741
788
Module:2	RCU:3	branch:1	card:1
719
712
643
747
675
736
684
726
686
637
713
672
721
674
713
679
901
805
906
879
771
869
850
806
861
876
786
790
856
671
901
710
Module:2	RCU:3	branch:0	card:14
588
595
761
671
660
763
666
736
628
733
568
691
691
638
624
616
765
733
705
734
706
730
718
746
727
833
768
797
792
752
729
758
Module:2	RCU:3	branch:0	card:13
663
716
848
627
845
628
802
646
806
595
808
888
638
875
711
865
751
792
796
931
805
931
927
841
908
846
847
803
750
796
685
783
Module:2	RCU:3	branch:0	card:12
628
751
792
761
654
803
646
795
768
668
623
878
782
807
663
806
793
934
773
806
862
840
866
818
825
734
820
880
905
819
910
765
Module:2	RCU:3	branch:0	card:11
701
726
718
677
710
756
621
747
681
670
736
758
701
654
736
639
886
887
928
938
938
841
825
835
809
813
781
764
793
911
881
856
Module:2	RCU:3	branch:0	card:10
910
716
866
881
825
798
726
788
810
766
766
708
783
718
971
723
861
743
708
863
798
826
871
912
833
832
851
800
723
803
786
888
Module:2	RCU:3	branch:0	card:9
719
935
756
758
703
969
650
951
787
856
678
958
928
686
825
826
848
811
816
808
820
830
735
790
813
804
888
878
877
890
823
760
Module:2	RCU:3	branch:0	card:8
761
678
833
698
833
758
913
711
811
733
693
727
776
748
782
741
840
833
772
861
730
861
853
828
796
806
832
826
746
775
759
751
Module:2	RCU:3	branch:0	card:7
860
802
808
809
883
913
876
896
785
788
785
729
736
733
746
833
696
736
701
657
798
776
708
726
696
848
648
895
708
860
716
786
Module:2	RCU:3	branch:0	card:6
716
825
780
836
770
815
906
856
898
848
883
801
887
850
856
793
763
661
678
672
626
754
741
623
670
620
758
686
649
612
628
735
Module:2	RCU:3	branch:0	card:5
671
727
799
721
798
769
673
778
831
723
691
758
825
755
788
758
779
761
782
771
658
781
844
791
761
800
751
779
741
784
725
667
Module:2	RCU:3	branch:0	card:4
895
859
836
850
828
830
821
751
813
799
930
776
919
762
906
648
811
836
801
836
791
833
780
832
809
754
819
773
827
778
833
778
Module:2	RCU:3	branch:0	card:3
916
882
868
875
861
817
861
806
801
801
743
783
898
913
890
703
831
802
818
798
835
801
846
803
854
793
856
816
857
818
848
818
Module:2	RCU:3	branch:0	card:2
884
849
713
923
931
853
923
845
863
841
873
851
871
832
842
910
743
729
765
722
723
833
833
726
728
841
728
848
730
850
732
848
Module:2	RCU:3	branch:0	card:1
779
758
777
891
698
882
711
901
778
911
765
884
774
876
667
879
667
758
676
753
680
654
678
656
668
605
678
706
703
725
760
735
Module:2	RCU:2	branch:1	card:14
704
830
763
823
771
820
789
810
793
785
794
763
798
717
843
709
695
643
721
663
662
904
643
785
915
921
766
779
706
751
705
762
Module:2	RCU:2	branch:1	card:13
628
878
648
870
681
891
840
884
847
878
851
872
855
877
871
889
625
643
624
640
723
711
738
738
859
875
893
713
697
703
675
664
Module:2	RCU:2	branch:1	card:12
776
743
686
753
765
791
761
648
753
638
741
633
695
632
737
630
893
682
636
628
623
741
898
912
731
685
678
618
693
613
896
883
Module:2	RCU:2	branch:1	card:11
897
698
693
661
690
660
691
663
716
665
724
666
720
669
700
676
748
748
741
801
743
803
788
811
760
720
784
868
801
696
792
896
Module:2	RCU:2	branch:1	card:10
937
872
953
888
959
906
960
903
956
900
955
894
951
890
816
891
746
727
753
756
601
748
713
786
723
768
736
774
708
766
735
783
Module:2	RCU:2	branch:1	card:9
741
894
628
934
638
943
650
945
654
945
649
945
923
943
914
940
675
700
699
689
695
682
709
671
701
690
718
696
711
888
720
703
Module:2	RCU:2	branch:1	card:8
921
686
923
669
923
714
925
718
817
728
832
738
698
742
698
740
774
649
616
681
608
668
636
650
628
688
665
698
661
705
681
680
Module:2	RCU:2	branch:1	card:7
838
846
840
856
868
858
871
858
863
850
863
841
868
831
877
918
888
800
778
776
746
739
708
803
843
772
771
741
768
739
771
804
Module:2	RCU:2	branch:1	card:6
783
796
783
881
773
885
761
884
758
741
753
761
803
773
802
781
884
741
878
741
880
829
742
826
742
879
826
736
826
744
798
826
Module:2	RCU:2	branch:1	card:5
776
820
855
823
631
828
789
793
775
803
791
814
811
813
817
800
938
871
940
878
666
850
794
851
728
853
723
878
733
847
600
883
Module:2	RCU:2	branch:1	card:4
619
895
843
907
841
900
832
892
783
896
868
902
874
777
881
759
716
911
716
916
713
914
715
906
917
941
916
923
911
942
913
943
Module:2	RCU:2	branch:1	card:3
646
673
638
668
628
712
656
712
676
707
682
700
679
691
677
851
738
680
711
676
701
686
777
683
651
686
650
688
646
680
635
714
Module:2	RCU:2	branch:1	card:2
796
777
801
731
808
790
803
834
836
749
818
740
766
722
774
753
690
807
776
786
745
717
731
683
796
741
786
781
725
714
648
696
Module:2	RCU:2	branch:1	card:1
729
758
806
646
657
655
658
776
864
836
861
624
801
633
805
713
810
735
853
613
851
623
805
623
863
631
838
625
793
651
583
883
Module:2	RCU:2	branch:0	card:14
750
826
673
733
821
757
801
718
736
719
748
796
709
815
828
743
798
753
798
756
791
707
783
703
748
698
751
696
753
695
753
692
Module:2	RCU:2	branch:0	card:13
836
712
813
701
748
783
771
805
757
718
800
741
788
705
726
751
641
878
887
881
884
892
881
786
882
783
883
783
647
781
878
785
Module:2	RCU:2	branch:0	card:12
865
888
874
816
872
800
947
815
872
822
835
928
943
894
895
850
838
630
836
665
826
673
691
676
693
678
731
886
725
890
719
893
Module:2	RCU:2	branch:0	card:11
888
808
923
876
915
860
910
871
893
934
908
927
916
838
912
831
853
857
863
860
875
860
870
859
868
856
869
851
873
715
845
731
Module:2	RCU:2	branch:0	card:10
776
730
776
731
711
840
713
848
793
907
765
898
720
886
764
853
864
810
835
830
831
846
836
843
838
876
838
813
814
816
823
810
Module:2	RCU:2	branch:0	card:9
863
760
866
834
941
746
946
824
888
749
883
822
816
771
753
821
803
798
801
808
801
812
806
716
826
718
718
716
717
716
744
733
Module:2	RCU:2	branch:0	card:8
866
951
932
858
821
803
838
871
906
945
906
875
896
800
891
801
881
776
821
803
825
800
879
875
863
784
868
775
784
776
777
775
Module:2	RCU:2	branch:0	card:7
848
862
835
853
930
929
925
931
951
846
923
621
928
906
901
908
773
624
751
631
755
828
623
821
626
830
633
818
836
863
612
857
Module:2	RCU:2	branch:0	card:6
863
901
825
892
778
830
818
696
824
889
876
948
893
947
948
908
866
744
878
766
883
769
886
768
803
817
754
752
658
717
758
738
Module:2	RCU:2	branch:0	card:5
913
804
897
861
883
759
773
796
809
826
873
846
877
856
769
723
920
858
834
857
830
854
820
848
850
845
858
842
860
842
858
865
Module:2	RCU:2	branch:0	card:4
938
893
1018
883
912
899
922
911
936
965
943
985
961
991
933
935
778
908
990
911
976
901
884
896
882
891
875
883
895
911
905
911
Module:2	RCU:2	branch:0	card:3
1010
943
1018
950
973
986
981
946
966
953
1005
928
960
936
967
937
936
923
932
893
926
931
939
943
953
956
959
973
961
978
953
983
Module:2	RCU:2	branch:0	card:2
783
996
786
991
758
1011
801
1000
710
990
701
997
813
969
811
966
736
789
793
808
808
805
817
803
817
798
819
796
822
794
808
794
Module:2	RCU:2	branch:0	card:1
663
778
588
595
761
671
660
763
666
736
628
733
568
691
691
638
624
616
765
733
705
734
706
730
718
746
727
833
768
797
792
752
Module:2	RCU:1	branch:1	card:14
691
676
710
755
748
764
776
680
706
690
708
686
775
743
701
676
778
721
793
736
891
750
783
721
780
781
831
781
834
778
663
778
Module:2	RCU:1	branch:1	card:13
791
817
970
900
953
937
878
908
849
741
771
980
775
961
857
1002
740
903
737
916
914
793
913
803
821
709
806
877
703
891
771
895
Module:2	RCU:1	branch:1	card:12
725
872
813
898
901
1000
1021
838
899
869
765
826
752
823
803
814
863
833
852
821
845
851
863
845
890
873
811
845
814
660
817
664
Module:2	RCU:1	branch:1	card:11
881
926
906
808
798
803
848
790
899
836
949
836
916
821
811
808
896
710
786
891
931
971
888
903
911
871
947
886
889
976
905
906
Module:2	RCU:1	branch:1	card:10
787
838
930
930
949
951
932
881
944
786
892
871
913
949
846
868
806
886
931
866
918
956
881
778
781
931
788
856
786
726
918
811
Module:2	RCU:1	branch:1	card:9
998
990
906
900
921
988
966
980
957
935
968
818
971
855
969
929
771
931
784
868
891
891
971
948
948
932
748
786
964
821
916
700
Module:2	RCU:1	branch:1	card:8
843
1003
826
975
854
975
837
937
875
959
866
961
879
1020
785
988
815
765
734
741
781
820
806
799
793
775
818
827
820
773
801
815
Module:2	RCU:1	branch:1	card:7
740
791
739
707
755
707
686
718
721
705
860
713
693
700
725
716
826
796
819
778
768
828
792
838
766
750
840
793
833
791
763
901
Module:2	RCU:1	branch:1	card:6
746
818
807
812
683
822
678
826
801
857
686
848
670
850
810
837
893
855
888
851
891
846
903
862
903
853
903
798
906
791
899
795
Module:2	RCU:1	branch:1	card:5
775
830
781
823
804
741
796
743
813
715
800
731
912
713
921
729
885
730
925
766
895
882
841
877
905
876
778
866
726
890
737
891
Module:2	RCU:1	branch:1	card:4
804
870
791
786
800
793
838
761
857
766
918
753
846
761
816
781
946
876
831
905
828
878
841
900
858
853
856
879
906
853
876
873
Module:2	RCU:1	branch:1	card:3
761
795
781
761
822
810
826
631
778
661
761
651
782
683
815
681
765
941
882
943
906
951
928
954
926
926
915
932
935
933
923
955
Module:2	RCU:1	branch:1	card:2
808
833
796
753
741
768
790
778
846
776
846
760
868
822
797
786
829
753
816
763
798
763
811
781
798
783
791
788
796
776
726
776
Module:2	RCU:1	branch:1	card:1
868
741
743
735
890
913
883
896
835
831
844
905
878
798
813
759
853
890
774
791
865
813
858
798
899
726
878
810
891
803
783
823
Module:2	RCU:1	branch:0	card:14
833
758
601
827
825
781
794
806
693
891
891
835
631
619
582
749
833
743
825
744
803
780
821
872
826
846
845
866
837
720
734
790
Module:2	RCU:1	branch:0	card:13
746
823
686
810
752
881
816
651
883
751
857
896
676
658
640
820
771
743
768
706
779
750
777
826
768
831
747
703
742
831
740
711
Module:2	RCU:1	branch:0	card:12
803
643
787
758
830
757
833
783
846
698
843
793
844
793
723
715
871
900
869
905
868
910
866
905
863
886
774
934
777
698
896
770
Module:2	RCU:1	branch:0	card:11
806
851
861
881
850
875
866
891
871
891
712
783
854
801
873
821
910
832
913
836
916
840
923
846
929
956
933
948
852
883
838
873
Module:2	RCU:1	branch:0	card:10
730
910
708
880
871
918
911
913
911
923
901
836
907
841
891
826
971
891
976
891
968
887
971
881
968
875
966
855
893
892
891
902
Module:2	RCU:1	branch:0	card:9
723
685
724
748
715
778
698
679
747
641
743
675
723
711
952
686
803
938
806
931
811
921
816
900
956
930
949
957
942
961
939
966
Module:2	RCU:1	branch:0	card:8
613
786
825
679
791
683
786
613
845
626
848
596
830
771
791
756
773
818
846
818
843
731
844
814
706
680
735
863
743
786
818
800
Module:2	RCU:1	branch:0	card:7
841
821
820
871
866
658
860
761
840
758
867
836
885
840
860
857
702
781
708
748
803
754
801
758
792
763
786
763
788
762
788
767
Module:2	RCU:1	branch:0	card:6
788
865
853
861
827
811
855
801
848
836
803
796
796
811
791
818
933
699
921
736
746
735
737
736
733
668
726
669
707
658
703
671
Module:2	RCU:1	branch:0	card:5
738
823
796
756
808
781
818
811
820
840
781
836
824
818
771
780
946
851
949
864
951
887
931
901
870
898
936
917
943
908
947
903
Module:2	RCU:1	branch:0	card:4
776
649
763
650
768
677
794
681
785
703
791
676
609
713
630
713
956
868
957
922
908
917
897
914
975
936
965
933
961
942
878
941
Module:2	RCU:1	branch:0	card:3
846
880
836
874
843
878
830
725
801
703
838
728
865
763
878
768
850
783
901
818
903
960
879
948
771
960
747
886
801
962
794
943
Module:2	RCU:1	branch:0	card:2
660
681
822
696
688
699
665
675
685
613
587
814
796
841
679
815
881
811
899
820
894
803
877
808
826
840
843
824
850
836
871
873
Module:2	RCU:1	branch:0	card:1
790
606
776
901
787
725
780
638
858
681
788
773
786
710
783
773
680
896
896
891
910
896
921
897
936
873
931
884
882
891
876
816
Module:2	RCU:0	branch:1	card:14
845
866
841
887
716
868
889
851
893
738
849
858
848
859
864
855
829
742
835
861
823
796
911
900
755
810
845
733
833
876
791
786
Module:2	RCU:0	branch:1	card:13
878
820
861
892
933
925
923
930
892
893
768
772
825
798
934
863
870
853
877
910
827
896
838
928
809
923
774
910
883
921
875
850
Module:2	RCU:0	branch:1	card:12
923
826
921
851
807
841
883
865
829
859
875
873
876
868
835
885
717
896
706
926
770
908
747
918
730
881
902
895
852
862
846
871
Module:2	RCU:0	branch:1	card:11
863
876
928
900
750
898
753
920
774
899
900
800
911
921
892
857
764
847
795
782
731
766
825
763
734
851
792
850
756
741
745
776
Module:2	RCU:0	branch:1	card:10
1011
972
915
905
948
933
837
747
896
981
913
923
1003
955
925
978
850
829
916
843
921
740
768
728
766
790
852
723
853
728
765
783
Module:2	RCU:0	branch:1	card:9
960
921
773
1012
906
863
751
950
904
941
956
773
951
1000
901
916
663
790
661
801
663
805
763
797
816
838
804
824
833
846
815
821
Module:2	RCU:0	branch:1	card:8
747
783
808
988
793
995
821
878
823
896
805
747
791
919
996
958
641
625
703
761
663
765
765
766
761
595
599
611
651
615
646
621
Module:2	RCU:0	branch:1	card:7
861
803
793
768
838
838
796
813
946
786
771
793
840
977
815
968
671
746
671
640
726
666
727
670
644
676
680
763
681
760
715
736
Module:2	RCU:0	branch:1	card:6
915
855
925
843
940
847
939
957
831
852
850
826
845
863
851
859
631
633
634
671
653
653
658
726
663
706
701
695
704
643
703
680
Module:2	RCU:0	branch:1	card:5
728
1013
758
1003
773
994
771
981
758
1020
766
1003
743
984
748
930
770
669
768
663
791
712
735
682
762
676
739
600
729
598
626
596
Module:2	RCU:0	branch:1	card:4
806
691
991
968
961
711
780
723
986
723
790
724
741
750
713
739
743
766
737
703
764
793
801
700
805
693
821
775
801
785
770
738
Module:2	RCU:0	branch:1	card:3
758
860
854
863
830
796
866
828
740
800
867
770
781
863
838
763
831
832
826
848
818
826
828
853
836
845
836
821
913
858
848
920
Module:2	RCU:0	branch:1	card:2
692
803
831
817
821
756
585
830
740
769
808
731
764
834
721
823
885
931
783
906
871
911
871
921
881
795
907
771
903
796
929
793
Module:2	RCU:0	branch:1	card:1
734
790
691
676
710
755
748
764
776
680
706
690
708
686
775
743
701
676
778
721
793
736
891
750
783
721
780
781
831
781
834
778
Module:2	RCU:0	branch:0	card:14
670
656
703
696
762
657
691
692
628
651
750
706
690
666
696
616
963
927
908
931
904
926
925
923
915
916
904
876
951
891
928
854
Module:2	RCU:0	branch:0	card:13
706
726
697
726
706
765
742
725
736
756
724
762
727
762
728
756
941
953
943
851
963
976
955
973
950
963
946
960
946
953
936
955
Module:2	RCU:0	branch:0	card:12
790
786
776
786
787
811
780
811
773
813
788
884
786
801
783
807
840
913
856
915
856
913
835
608
890
931
873
923
908
921
901
907
Module:2	RCU:0	branch:0	card:11
618
848
799
838
807
834
817
778
821
763
823
753
833
691
830
767
817
791
798
796
821
816
863
853
793
833
865
818
872
855
833
938
Module:2	RCU:0	branch:0	card:10
826
867
840
637
621
846
833
636
620
905
821
588
853
586
845
588
976
968
971
952
966
919
992
956
948
941
961
931
926
833
902
856
Module:2	RCU:0	branch:0	card:9
816
827
810
820
676
725
681
733
740
815
749
605
766
833
786
615
1004
960
978
958
996
963
923
977
943
938
958
938
935
950
990
983
Module:2	RCU:0	branch:0	card:8
733
769
886
760
740
798
794
680
693
686
700
762
741
759
772
776
672
1002
714
988
934
998
929
981
693
995
913
976
964
998
1003
1010
Module:2	RCU:0	branch:0	card:7
683
783
668
711
718
723
798
698
656
776
650
695
707
666
701
728
957
992
966
966
991
980
991
1011
983
1002
964
981
933
663
1003
806
Module:2	RCU:0	branch:0	card:6
727
638
825
602
829
652
688
648
696
681
791
621
873
611
598
651
893
951
920
946
926
940
928
965
931
928
918
956
896
971
911
976
Module:2	RCU:0	branch:0	card:5
808
711
676
840
676
852
668
701
845
706
728
691
705
696
721
735
758
703
708
688
721
738
749
793
749
799
740
831
711
831
707
831
Module:2	RCU:0	branch:0	card:4
801
800
773
770
770
758
741
767
767
808
746
776
659
665
628
661
836
880
876
888
858
861
856
906
856
906
880
928
880
913
881
871
Module:2	RCU:0	branch:0	card:3
636
821
703
735
631
728
715
633
846
637
816
836
593
846
835
791
786
700
779
708
758
811
806
810
807
807
796
798
732
726
726
728
Module:2	RCU:0	branch:0	card:2
846
908
841
901
843
896
846
648
865
682
771
880
885
672
892
683
641
766
688
765
661
722
680
714
696
733
691
753
684
746
724
733
Module:2	RCU:0	branch:0	card:1
617
834
833
758
601
827
825
781
794
806
693
891
891
835
631
619
582
749
833
743
825
744
803
780
821
872
826
846
845
866
837
720
