Module:2	RCU:3	branch:1	card:14
881
721
732
730
733
851
939
911
936
699
876
708
880
788
885
810
928
688
926
698
880
698
938
706
913
700
868
726
658
958
669
962
Module:2	RCU:3	branch:1	card:13
727
739
715
731
757
727
758
821
791
823
811
825
839
825
728
824
859
856
915
957
893
906
888
923
848
916
939
901
946
885
908
925
Module:2	RCU:3	branch:1	card:12
772
791
804
806
803
758
785
762
778
769
776
780
778
726
783
727
822
837
837
813
831
873
858
936
810
943
830
685
791
874
815
873
Module:2	RCU:3	branch:1	card:11
830
752
851
747
841
746
831
747
831
750
841
756
851
767
869
774
778
814
798
807
783
680
808
798
793
802
831
816
823
790
821
825
Module:2	RCU:3	branch:1	card:10
691
883
860
867
856
910
856
900
824
900
873
908
891
913
881
850
727
771
731
754
734
761
740
753
736
756
744
743
768
755
768
773
Module:2	RCU:3	branch:1	card:9
1016
718
1023
723
977
777
988
699
996
693
998
700
985
716
1013
686
727
851
831
796
822
851
839
836
828
683
834
711
857
716
838
706
Module:2	RCU:3	branch:1	card:8
876
936
926
945
928
950
941
973
951
1018
976
1017
969
988
915
991
714
742
852
741
806
707
773
791
753
817
752
791
710
769
771
784
Module:2	RCU:3	branch:1	card:7
913
931
903
953
885
892
877
886
886
941
913
930
906
952
953
956
808
756
781
716
755
702
860
920
723
773
726
766
813
740
771
737
Module:2	RCU:3	branch:1	card:6
850
844
848
908
843
897
821
878
941
881
803
878
806
908
839
904
966
726
942
683
951
796
805
803
791
729
765
733
774
736
733
681
Module:2	RCU:3	branch:1	card:5
768
856
770
861
770
868
796
738
683
832
683
816
729
808
729
807
903
938
936
983
943
960
916
951
981
956
952
956
921
980
949
971
Module:2	RCU:3	branch:1	card:4
808
920
820
904
831
868
852
858
878
845
886
760
855
769
890
768
870
850
883
971
911
958
933
933
873
967
799
968
976
881
932
922
Module:2	RCU:3	branch:1	card:3
686
961
696
958
705
933
865
923
902
828
927
931
945
939
941
780
852
885
863
806
911
901
898
887
890
886
899
836
878
890
833
900
Module:2	RCU:3	branch:1	card:2
853
821
858
823
858
774
851
826
836
825
780
747
793
715
809
703
776
803
788
866
778
826
771
779
798
840
815
918
854
873
816
863
Module:2	RCU:3	branch:1	card:1
794
787
718
822
750
811
759
801
761
712
788
747
796
749
788
754
976
880
981
954
846
944
925
881
936
951
861
865
931
746
976
785
Module:2	RCU:3	branch:0	card:14
663
670
836
746
735
838
741
811
703
808
643
766
766
713
699
691
840
808
780
809
781
805
793
821
802
908
843
872
867
827
804
833
Module:2	RCU:3	branch:0	card:13
738
791
923
702
920
703
877
721
881
670
883
963
713
950
786
940
826
867
871
1006
880
1006
1002
916
983
921
922
878
825
871
760
858
Module:2	RCU:3	branch:0	card:12
703
826
867
836
729
878
721
870
843
743
698
953
857
882
738
881
868
1009
848
881
937
915
941
893
900
809
895
955
980
894
985
840
Module:2	RCU:3	branch:0	card:11
776
801
793
752
785
831
696
822
756
745
811
833
776
729
811
714
961
962
1003
1013
1013
916
900
910
884
888
856
839
868
986
956
931
Module:2	RCU:3	branch:0	card:10
985
791
941
956
900
873
801
863
885
841
841
783
858
793
1023
798
936
818
783
938
873
901
946
987
908
907
926
875
798
878
861
963
Module:2	RCU:3	branch:0	card:9
794
1010
831
833
778
1023
725
1023
862
931
753
1023
1003
761
900
901
923
886
891
883
895
905
810
865
888
879
963
953
952
965
898
835
Module:2	RCU:3	branch:0	card:8
836
753
908
773
908
833
988
786
886
808
768
802
851
823
857
816
915
908
847
936
805
936
928
903
871
881
907
901
821
850
834
826
Module:2	RCU:3	branch:0	card:7
935
877
883
884
958
988
951
971
860
863
860
804
811
808
821
908
771
811
776
732
873
851
783
801
771
923
723
970
783
935
791
861
Module:2	RCU:3	branch:0	card:6
791
900
855
911
845
890
981
931
973
923
958
876
962
925
931
868
838
736
753
747
701
829
816
698
745
695
833
761
724
687
703
810
Module:2	RCU:3	branch:0	card:5
746
802
874
796
873
844
748
853
906
798
766
833
900
830
863
833
854
836
857
846
733
856
919
866
836
875
826
854
816
859
800
742
Module:2	RCU:3	branch:0	card:4
970
934
911
925
903
905
896
826
888
874
1005
851
994
837
981
723
886
911
876
911
866
908
855
907
884
829
894
848
902
853
908
853
Module:2	RCU:3	branch:0	card:3
991
957
943
950
936
892
936
881
876
876
818
858
973
988
965
778
906
877
893
873
910
876
921
878
929
868
931
891
932
893
923
893
Module:2	RCU:3	branch:0	card:2
959
924
788
998
1006
928
998
920
938
916
948
926
946
907
917
985
818
804
840
797
798
908
908
801
803
916
803
923
805
925
807
923
Module:2	RCU:3	branch:0	card:1
854
833
852
966
773
957
786
976
853
986
840
959
849
951
742
954
742
833
751
828
755
729
753
731
743
680
753
781
778
800
835
810
Module:2	RCU:2	branch:1	card:14
779
905
838
898
846
895
864
885
868
860
869
838
873
792
918
784
770
718
796
738
737
979
718
860
990
996
841
854
781
826
780
837
Module:2	RCU:2	branch:1	card:13
703
953
723
945
756
966
915
959
922
953
926
947
930
952
946
964
700
718
699
715
798
786
813
813
934
950
968
788
772
778
750
739
Module:2	RCU:2	branch:1	card:12
851
818
761
828
840
866
836
723
828
713
816
708
770
707
812
705
968
757
711
703
698
816
973
987
806
760
753
693
768
688
971
958
Module:2	RCU:2	branch:1	card:11
972
773
768
736
765
735
766
738
791
740
799
741
795
744
775
751
823
823
816
876
818
878
863
886
835
795
859
943
876
771
867
971
Module:2	RCU:2	branch:1	card:10
1012
947
1023
963
1023
981
1023
978
1023
975
1023
969
1023
965
891
966
821
802
828
831
676
823
788
861
798
843
811
849
783
841
810
858
Module:2	RCU:2	branch:1	card:9
816
969
703
1009
713
1018
725
1020
729
1020
724
1020
998
1018
989
1015
750
775
774
764
770
757
784
746
776
765
793
771
786
963
795
778
Module:2	RCU:2	branch:1	card:8
996
761
998
744
998
789
1000
793
892
803
907
813
773
817
773
815
849
724
691
756
683
743
711
725
703
763
740
773
736
780
756
755
Module:2	RCU:2	branch:1	card:7
913
921
915
931
943
933
946
933
938
925
938
916
943
906
952
993
963
875
853
851
821
814
783
878
918
847
846
816
843
814
846
879
Module:2	RCU:2	branch:1	card:6
858
871
858
956
848
960
836
959
833
816
828
836
878
848
877
856
959
816
953
816
955
904
817
901
817
954
901
811
901
819
873
901
Module:2	RCU:2	branch:1	card:5
851
895
930
898
706
903
864
868
850
878
866
889
886
888
892
875
1013
946
1015
953
741
925
869
926
803
928
798
953
808
922
675
958
Module:2	RCU:2	branch:1	card:4
694
970
918
982
916
975
907
967
858
971
943
977
949
852
956
834
791
986
791
991
788
989
790
981
992
1016
991
998
986
1017
988
1018
Module:2	RCU:2	branch:1	card:3
721
748
713
743
703
787
731
787
751
782
757
775
754
766
752
926
813
755
786
751
776
761
852
758
726
761
725
763
721
755
710
789
Module:2	RCU:2	branch:1	card:2
871
852
876
806
883
865
878
909
911
824
893
815
841
797
849
828
765
882
851
861
820
792
806
758
871
816
861
856
800
789
723
771
Module:2	RCU:2	branch:1	card:1
804
833
881
721
732
730
733
851
939
911
936
699
876
708
880
788
885
810
928
688
926
698
880
698
938
706
913
700
868
726
658
958
Module:2	RCU:2	branch:0	card:14
825
901
748
808
896
832
876
793
811
794
823
871
784
890
903
818
873
828
873
831
866
782
858
778
823
773
826
771
828
770
828
767
Module:2	RCU:2	branch:0	card:13
911
787
888
776
823
858
846
880
832
793
875
816
863
780
801
826
716
953
962
956
959
967
956
861
957
858
958
858
722
856
953
860
Module:2	RCU:2	branch:0	card:12
940
963
949
891
947
875
1022
890
947
897
910
1003
1018
969
970
925
913
705
911
740
901
748
766
751
768
753
806
961
800
965
794
968
Module:2	RCU:2	branch:0	card:11
963
883
998
951
990
935
985
946
968
1009
983
1002
991
913
987
906
928
932
938
935
950
935
945
934
943
931
944
926
948
790
920
806
Module:2	RCU:2	branch:0	card:10
851
805
851
806
786
915
788
923
868
982
840
973
795
961
839
928
939
885
910
905
906
921
911
918
913
951
913
888
889
891
898
885
Module:2	RCU:2	branch:0	card:9
938
835
941
909
1016
821
1021
899
963
824
958
897
891
846
828
896
878
873
876
883
876
887
881
791
901
793
793
791
792
791
819
808
Module:2	RCU:2	branch:0	card:8
941
1023
1007
933
896
878
913
946
981
1020
981
950
971
875
966
876
956
851
896
878
900
875
954
950
938
859
943
850
859
851
852
850
Module:2	RCU:2	branch:0	card:7
923
937
910
928
1005
1004
1000
1006
1023
921
998
696
1003
981
976
983
848
699
826
706
830
903
698
896
701
905
708
893
911
938
687
932
Module:2	RCU:2	branch:0	card:6
938
976
900
967
853
905
893
771
899
964
951
1023
968
1022
1023
983
941
819
953
841
958
844
961
843
878
892
829
827
733
792
833
813
Module:2	RCU:2	branch:0	card:5
988
879
972
936
958
834
848
871
884
901
948
921
952
931
844
798
995
933
909
932
905
929
895
923
925
920
933
917
935
917
933
940
Module:2	RCU:2	branch:0	card:4
1013
968
1023
958
987
974
997
986
1011
1023
1018
1023
1023
1023
1008
1010
853
983
1023
986
1023
976
959
971
957
966
950
958
970
986
980
986
Module:2	RCU:2	branch:0	card:3
1023
1018
1023
1023
1023
1023
1023
1021
1023
1023
1023
1003
1023
1011
1023
1012
1011
998
1007
968
1001
1006
1014
1018
1023
1023
1023
1023
1023
1023
1023
1023
Module:2	RCU:2	branch:0	card:2
858
1023
861
1023
833
1023
876
1023
785
1023
776
1023
888
1023
886
1023
811
864
868
883
883
880
892
878
892
873
894
871
897
869
883
869
Module:2	RCU:2	branch:0	card:1
738
853
663
670
836
746
735
838
741
811
703
808
643
766
766
713
699
691
840
808
780
809
781
805
793
821
802
908
843
872
867
827
Module:2	RCU:1	branch:1	card:14
766
751
785
830
823
839
851
755
781
765
783
761
850
818
776
751
853
796
868
811
966
825
858
796
855
856
906
856
909
853
738
853
Module:2	RCU:1	branch:1	card:13
866
892
1023
975
1023
1012
953
983
924
816
846
1023
850
1023
932
1023
815
978
812
991
989
868
988
878
896
784
881
952
778
966
846
970
Module:2	RCU:1	branch:1	card:12
800
947
888
973
976
1023
1023
913
974
944
840
901
827
898
878
889
938
908
927
896
920
926
938
920
965
948
886
920
889
735
892
739
Module:2	RCU:1	branch:1	card:11
956
1001
981
883
873
878
923
865
974
911
1023
911
991
896
886
883
971
785
861
966
1006
1023
963
978
986
946
1022
961
964
1023
980
981
Module:2	RCU:1	branch:1	card:10
862
913
1005
1005
1023
1023
1007
956
1019
861
967
946
988
1023
921
943
881
961
1006
941
993
1023
956
853
856
1006
863
931
861
801
993
886
Module:2	RCU:1	branch:1	card:9
1023
1023
981
975
996
1023
1023
1023
1023
1010
1023
893
1023
930
1023
1004
846
1006
859
943
966
966
1023
1023
1023
1007
823
861
1023
896
991
775
Module:2	RCU:1	branch:1	card:8
918
1023
901
1023
929
1023
912
1012
950
1023
941
1023
954
1023
860
1023
890
840
809
816
856
895
881
874
868
850
893
902
895
848
876
890
Module:2	RCU:1	branch:1	card:7
815
866
814
782
830
782
761
793
796
780
935
788
768
775
800
791
901
871
894
853
843
903
867
913
841
825
915
868
908
866
838
976
Module:2	RCU:1	branch:1	card:6
821
893
882
887
758
897
753
901
876
932
761
923
745
925
885
912
968
930
963
926
966
921
978
937
978
928
978
873
981
866
974
870
Module:2	RCU:1	branch:1	card:5
850
905
856
898
879
816
871
818
888
790
875
806
987
788
996
804
960
805
1000
841
970
957
916
952
980
951
853
941
801
965
812
966
Module:2	RCU:1	branch:1	card:4
879
945
866
861
875
868
913
836
932
841
993
828
921
836
891
856
1021
951
906
980
903
953
916
975
933
928
931
954
981
928
951
948
Module:2	RCU:1	branch:1	card:3
836
870
856
836
897
885
901
706
853
736
836
726
857
758
890
756
840
1016
957
1018
981
1023
1003
1023
1001
1001
990
1007
1010
1008
998
1023
Module:2	RCU:1	branch:1	card:2
883
908
871
828
816
843
865
853
921
851
921
835
943
897
872
861
904
828
891
838
873
838
886
856
873
858
866
863
871
851
801
851
Module:2	RCU:1	branch:1	card:1
943
816
818
810
965
988
958
971
910
906
919
980
953
873
888
834
928
965
849
866
940
888
933
873
974
801
953
885
966
878
858
898
Module:2	RCU:1	branch:0	card:14
908
833
676
902
900
856
869
881
768
966
966
910
706
694
657
824
908
818
900
819
878
855
896
947
901
921
920
941
912
795
809
865
Module:2	RCU:1	branch:0	card:13
821
898
761
885
827
956
891
726
958
826
932
971
751
733
715
895
846
818
843
781
854
825
852
901
843
906
822
778
817
906
815
786
Module:2	RCU:1	branch:0	card:12
878
718
862
833
905
832
908
858
921
773
918
868
919
868
798
790
946
975
944
980
943
985
941
980
938
961
849
1009
852
773
971
845
Module:2	RCU:1	branch:0	card:11
881
926
936
956
925
950
941
966
946
966
787
858
929
876
948
896
985
907
988
911
991
915
998
921
1004
1023
1008
1023
927
958
913
948
Module:2	RCU:1	branch:0	card:10
805
985
783
955
946
993
986
988
986
998
976
911
982
916
966
901
1023
966
1023
966
1023
962
1023
956
1023
950
1023
930
968
967
966
977
Module:2	RCU:1	branch:0	card:9
798
760
799
823
790
853
773
754
822
716
818
750
798
786
1023
761
878
1013
881
1006
886
996
891
975
1023
1005
1023
1023
1017
1023
1014
1023
Module:2	RCU:1	branch:0	card:8
688
861
900
754
866
758
861
688
920
701
923
671
905
846
866
831
848
893
921
893
918
806
919
889
781
755
810
938
818
861
893
875
Module:2	RCU:1	branch:0	card:7
916
896
895
946
941
733
935
836
915
833
942
911
960
915
935
932
777
856
783
823
878
829
876
833
867
838
861
838
863
837
863
842
Module:2	RCU:1	branch:0	card:6
863
940
928
936
902
886
930
876
923
911
878
871
871
886
866
893
1008
774
996
811
821
810
812
811
808
743
801
744
782
733
778
746
Module:2	RCU:1	branch:0	card:5
813
898
871
831
883
856
893
886
895
915
856
911
899
893
846
855
1021
926
1023
939
1023
962
1006
976
945
973
1011
992
1018
983
1022
978
Module:2	RCU:1	branch:0	card:4
851
724
838
725
843
752
869
756
860
778
866
751
684
788
705
788
1023
943
1023
997
983
992
972
989
1023
1011
1023
1008
1023
1017
953
1016
Module:2	RCU:1	branch:0	card:3
921
955
911
949
918
953
905
800
876
778
913
803
940
838
953
843
925
858
976
893
978
1023
954
1023
846
1023
822
961
876
1023
869
1018
Module:2	RCU:1	branch:0	card:2
735
756
897
771
763
774
740
750
760
688
662
889
871
916
754
890
956
886
974
895
969
878
952
883
901
915
918
899
925
911
946
948
Module:2	RCU:1	branch:0	card:1
865
681
851
976
862
800
855
713
933
756
863
848
861
785
858
848
755
971
971
966
985
971
996
972
1011
948
1006
959
957
966
951
891
Module:2	RCU:0	branch:1	card:14
920
941
916
962
791
943
964
926
968
813
924
933
923
934
939
930
904
817
910
936
898
871
986
975
830
885
920
808
908
951
866
861
Module:2	RCU:0	branch:1	card:13
953
895
936
967
1008
1000
998
1005
967
968
843
847
900
873
1009
938
945
928
952
985
902
971
913
1003
884
998
849
985
958
996
950
925
Module:2	RCU:0	branch:1	card:12
998
901
996
926
882
916
958
940
904
934
950
948
951
943
910
960
792
971
781
1001
845
983
822
993
805
956
977
970
927
937
921
946
Module:2	RCU:0	branch:1	card:11
938
951
1003
975
825
973
828
995
849
974
975
875
986
996
967
932
839
922
870
857
806
841
900
838
809
926
867
925
831
816
820
851
Module:2	RCU:0	branch:1	card:10
1023
1023
990
980
1023
1008
912
822
971
1023
988
998
1023
1023
1000
1023
925
904
991
918
996
815
843
803
841
865
927
798
928
803
840
858
Module:2	RCU:0	branch:1	card:9
1023
996
848
1023
981
938
826
1023
979
1016
1023
848
1023
1023
976
991
738
865
736
876
738
880
838
872
891
913
879
899
908
921
890
896
Module:2	RCU:0	branch:1	card:8
822
858
883
1023
868
1023
896
953
898
971
880
822
866
994
1023
1023
716
700
778
836
738
840
840
841
836
670
674
686
726
690
721
696
Module:2	RCU:0	branch:1	card:7
936
878
868
843
913
913
871
888
1021
861
846
868
915
1023
890
1023
746
821
746
715
801
741
802
745
719
751
755
838
756
835
790
811
Module:2	RCU:0	branch:1	card:6
990
930
1000
918
1015
922
1014
1023
906
927
925
901
920
938
926
934
706
708
709
746
728
728
733
801
738
781
776
770
779
718
778
755
Module:2	RCU:0	branch:1	card:5
803
1023
833
1023
848
1023
846
1023
833
1023
841
1023
818
1023
823
1005
845
744
843
738
866
787
810
757
837
751
814
675
804
673
701
671
Module:2	RCU:0	branch:1	card:4
881
766
1023
1023
1023
786
855
798
1023
798
865
799
816
825
788
814
818
841
812
778
839
868
876
775
880
768
896
850
876
860
845
813
Module:2	RCU:0	branch:1	card:3
833
935
929
938
905
871
941
903
815
875
942
845
856
938
913
838
906
907
901
923
893
901
903
928
911
920
911
896
988
933
923
995
Module:2	RCU:0	branch:1	card:2
767
878
906
892
896
831
660
905
815
844
883
806
839
909
796
898
960
1006
858
981
946
986
946
996
956
870
982
846
978
871
1004
868
Module:2	RCU:0	branch:1	card:1
809
865
766
751
785
830
823
839
851
755
781
765
783
761
850
818
776
751
853
796
868
811
966
825
858
796
855
856
906
856
909
853
Module:2	RCU:0	branch:0	card:14
745
731
778
771
837
732
766
767
703
726
825
781
765
741
771
691
1023
1002
983
1006
979
1001
1000
998
990
991
979
951
1023
966
1003
929
Module:2	RCU:0	branch:0	card:13
781
801
772
801
781
840
817
800
811
831
799
837
802
837
803
831
1016
1023
1018
926
1023
1023
1023
1023
1023
1023
1021
1023
1021
1023
1011
1023
Module:2	RCU:0	branch:0	card:12
865
861
851
861
862
886
855
886
848
888
863
959
861
876
858
882
915
988
931
990
931
988
910
683
965
1006
948
998
983
996
976
982
Module:2	RCU:0	branch:0	card:11
693
923
874
913
882
909
892
853
896
838
898
828
908
766
905
842
892
866
873
871
896
891
938
928
868
908
940
893
947
930
908
1013
Module:2	RCU:0	branch:0	card:10
901
942
915
712
696
921
908
711
695
980
896
663
928
661
920
663
1023
1023
1023
1023
1023
994
1023
1023
1023
1016
1023
1006
1001
908
977
931
Module:2	RCU:0	branch:0	card:9
891
902
885
895
751
800
756
808
815
890
824
680
841
908
861
690
1023
1023
1023
1023
1023
1023
998
1023
1018
1013
1023
1013
1010
1023
1023
1023
Module:2	RCU:0	branch:0	card:8
808
844
961
835
815
873
869
755
768
761
775
837
816
834
847
851
747
1023
789
1023
1009
1023
1004
1023
768
1023
988
1023
1023
1023
1023
1023
Module:2	RCU:0	branch:0	card:7
758
858
743
786
793
798
873
773
731
851
725
770
782
741
776
803
1023
1023
1023
1023
1023
1023
1023
1023
1023
1023
1023
1023
1008
738
1023
881
Module:2	RCU:0	branch:0	card:6
802
713
900
677
904
727
763
723
771
756
866
696
948
686
673
726
968
1023
995
1021
1001
1015
1003
1023
1006
1003
993
1023
971
1023
986
1023
Module:2	RCU:0	branch:0	card:5
883
786
751
915
751
927
743
776
920
781
803
766
780
771
796
810
833
778
783
763
796
813
824
868
824
874
815
906
786
906
782
906
Module:2	RCU:0	branch:0	card:4
876
875
848
845
845
833
816
842
842
883
821
851
734
740
703
736
911
955
951
963
933
936
931
981
931
981
955
1003
955
988
956
946
Module:2	RCU:0	branch:0	card:3
711
896
778
810
706
803
790
708
921
712
891
911
668
921
910
866
861
775
854
783
833
886
881
885
882
882
871
873
807
801
801
803
Module:2	RCU:0	branch:0	card:2
921
983
916
976
918
971
921
723
940
757
846
955
960
747
967
758
716
841
763
840
736
797
755
789
771
808
766
828
759
821
799
808
Module:2	RCU:0	branch:0	card:1
692
909
908
833
676
902
900
856
869
881
768
966
966
910
706
694
657
824
908
818
900
819
878
855
896
947
901
921
920
941
912
795
