Module:1	RCU:0	branch:0	card:5
512
512
512
512
512
512
512
512
512
512
512
512
512
512
512
512
512
512
512
512
512
512
512
512
512
512
512
512
512
512
512
512
Module:1	RCU:0	branch:0	card:6
512
512
512
512
512
512
512
512
512
512
512
512
512
512
512
512
512
512
512
512
512
512
512
512
512
512
512
512
512
512
512
512
Module:1	RCU:0	branch:0	card:7
512
512
512
512
512
512
512
512
512
512
512
512
512
512
512
512
512
512
512
512
512
512
512
512
512
512
512
512
512
512
512
512
Module:1	RCU:0	branch:0	card:13
512
512
512
512
512
512
512
512
512
512
512
512
512
512
512
512
512
512
512
512
512
512
512
512
512
512
512
512
512
512
512
512
Module:1	RCU:0	branch:1	card:5
512
512
512
512
512
512
512
512
512
512
512
512
512
512
512
512
512
512
512
512
512
512
512
512
512
512
512
512
512
512
512
512
Module:1	RCU:1	branch:0	card:5
512
512
512
512
512
512
512
512
512
512
512
512
512
512
512
512
512
512
512
512
512
512
512
512
512
512
512
512
512
512
512
512
Module:1	RCU:1	branch:0	card:6
512
512
512
512
512
512
512
512
512
512
512
512
512
512
512
512
512
512
512
512
512
512
512
512
512
512
512
512
512
512
512
512
Module:1	RCU:1	branch:0	card:12
512
512
512
512
512
512
512
512
512
512
512
512
512
512
512
512
512
512
512
512
512
512
512
512
512
512
512
512
512
512
512
512
Module:1	RCU:1	branch:1	card:3
512
512
512
512
512
512
512
512
512
512
512
512
512
512
512
512
512
512
512
512
512
512
512
512
512
512
512
512
512
512
512
512
Module:1	RCU:1	branch:1	card:5
512
512
512
512
512
512
512
512
512
512
512
512
512
512
512
512
512
512
512
512
512
512
512
512
512
512
512
512
512
512
512
512
Module:2	RCU:0	branch:0	card:1
267
484
483
408
251
477
475
431
444
456
343
541
541
485
281
269
232
399
483
393
475
394
453
430
471
522
476
496
495
516
487
370
Module:2	RCU:0	branch:0	card:2
496
558
491
551
493
546
496
298
515
332
421
530
535
322
542
333
291
416
338
415
311
372
330
364
346
383
341
403
334
396
374
383
Module:2	RCU:0	branch:0	card:3
286
471
353
385
281
378
365
283
496
287
466
486
243
496
485
441
436
350
429
358
408
461
456
460
457
457
446
448
382
376
376
378
Module:2	RCU:0	branch:0	card:4
451
450
423
420
420
408
391
417
417
458
396
426
309
315
278
311
486
530
526
538
508
511
506
556
506
556
530
578
530
563
531
521
Module:2	RCU:0	branch:0	card:5
458
361
326
490
326
502
318
351
495
356
378
341
355
346
371
385
408
353
358
338
371
388
399
443
399
449
390
481
361
481
357
481
Module:2	RCU:0	branch:0	card:6
377
288
475
252
479
302
338
298
346
331
441
271
523
261
248
301
543
601
570
596
576
590
578
615
581
578
568
606
546
621
561
626
Module:2	RCU:0	branch:0	card:7
333
433
318
361
368
373
448
348
306
426
300
345
357
316
351
378
607
642
616
616
641
630
641
661
633
652
614
631
583
313
653
456
Module:2	RCU:0	branch:0	card:8
383
419
536
410
390
448
444
330
343
336
350
412
391
409
422
426
322
652
364
638
584
648
579
631
343
645
563
626
614
648
653
660
Module:2	RCU:0	branch:0	card:9
466
477
460
470
326
375
331
383
390
465
399
255
416
483
436
265
654
610
628
608
646
613
573
627
593
588
608
588
585
600
640
633
Module:2	RCU:0	branch:0	card:10
476
517
490
287
271
496
483
286
270
555
471
238
503
236
495
238
626
618
621
602
616
569
642
606
598
591
611
581
576
483
552
506
Module:2	RCU:0	branch:0	card:11
268
498
449
488
457
484
467
428
471
413
473
403
483
341
480
417
467
441
448
446
471
466
513
503
443
483
515
468
522
505
483
588
Module:2	RCU:0	branch:0	card:12
440
436
426
436
437
461
430
461
423
463
438
534
436
451
433
457
490
563
506
565
506
563
485
258
540
581
523
573
558
571
551
557
Module:2	RCU:0	branch:0	card:13
356
376
347
376
356
415
392
375
386
406
374
412
377
412
378
406
591
603
593
501
613
626
605
623
600
613
596
610
596
603
586
605
Module:2	RCU:0	branch:0	card:14
320
306
353
346
412
307
341
342
278
301
400
356
340
316
346
266
613
577
558
581
554
576
575
573
565
566
554
526
601
541
578
504
Module:2	RCU:0	branch:1	card:1
384
440
341
326
360
405
398
414
426
330
356
340
358
336
425
393
351
326
428
371
443
386
541
400
433
371
430
431
481
431
484
428
Module:2	RCU:0	branch:1	card:2
342
453
481
467
471
406
235
480
390
419
458
381
414
484
371
473
535
581
433
556
521
561
521
571
531
445
557
421
553
446
579
443
Module:2	RCU:0	branch:1	card:3
408
510
504
513
480
446
516
478
390
450
517
420
431
513
488
413
481
482
476
498
468
476
478
503
486
495
486
471
563
508
498
570
Module:2	RCU:0	branch:1	card:4
456
341
641
618
611
361
430
373
636
373
440
374
391
400
363
389
393
416
387
353
414
443
451
350
455
343
471
425
451
435
420
388
Module:2	RCU:0	branch:1	card:5
378
663
408
653
423
644
421
631
408
670
416
653
393
634
398
580
420
319
418
313
441
362
385
332
412
326
389
250
379
248
276
246
Module:2	RCU:0	branch:1	card:6
565
505
575
493
590
497
589
607
481
502
500
476
495
513
501
509
281
283
284
321
303
303
308
376
313
356
351
345
354
293
353
330
Module:2	RCU:0	branch:1	card:7
511
453
443
418
488
488
446
463
596
436
421
443
490
627
465
618
321
396
321
290
376
316
377
320
294
326
330
413
331
410
365
386
Module:2	RCU:0	branch:1	card:8
397
433
458
638
443
645
471
528
473
546
455
397
441
569
646
608
291
275
353
411
313
415
415
416
411
245
249
261
301
265
296
271
Module:2	RCU:0	branch:1	card:9
610
571
423
662
556
513
401
600
554
591
606
423
601
650
551
566
313
440
311
451
313
455
413
447
466
488
454
474
483
496
465
471
Module:2	RCU:0	branch:1	card:10
661
622
565
555
598
583
487
397
546
631
563
573
653
605
575
628
500
479
566
493
571
390
418
378
416
440
502
373
503
378
415
433
Module:2	RCU:0	branch:1	card:11
513
526
578
550
400
548
403
570
424
549
550
450
561
571
542
507
414
497
445
432
381
416
475
413
384
501
442
500
406
391
395
426
Module:2	RCU:0	branch:1	card:12
573
476
571
501
457
491
533
515
479
509
525
523
526
518
485
535
367
546
356
576
420
558
397
568
380
531
552
545
502
512
496
521
Module:2	RCU:0	branch:1	card:13
528
470
511
542
583
575
573
580
542
543
418
422
475
448
584
513
520
503
527
560
477
546
488
578
459
573
424
560
533
571
525
500
Module:2	RCU:0	branch:1	card:14
495
516
491
537
366
518
539
501
543
388
499
508
498
509
514
505
479
392
485
511
473
446
561
550
405
460
495
383
483
526
441
436
Module:2	RCU:1	branch:0	card:1
440
256
426
551
437
375
430
288
508
331
438
423
436
360
433
423
330
546
546
541
560
546
571
547
586
523
581
534
532
541
526
466
Module:2	RCU:1	branch:0	card:2
310
331
472
346
338
349
315
325
335
263
237
464
446
491
329
465
531
461
549
470
544
453
527
458
476
490
493
474
500
486
521
523
Module:2	RCU:1	branch:0	card:3
496
530
486
524
493
528
480
375
451
353
488
378
515
413
528
418
500
433
551
468
553
610
529
598
421
610
397
536
451
612
444
593
Module:2	RCU:1	branch:0	card:4
426
299
413
300
418
327
444
331
435
353
441
326
259
363
280
363
606
518
607
572
558
567
547
564
625
586
615
583
611
592
528
591
Module:2	RCU:1	branch:0	card:5
388
473
446
406
458
431
468
461
470
490
431
486
474
468
421
430
596
501
599
514
601
537
581
551
520
548
586
567
593
558
597
553
Module:2	RCU:1	branch:0	card:6
438
515
503
511
477
461
505
451
498
486
453
446
446
461
441
468
583
349
571
386
396
385
387
386
383
318
376
319
357
308
353
321
Module:2	RCU:1	branch:0	card:7
491
471
470
521
516
308
510
411
490
408
517
486
535
490
510
507
352
431
358
398
453
404
451
408
442
413
436
413
438
412
438
417
Module:2	RCU:1	branch:0	card:8
263
436
475
329
441
333
436
263
495
276
498
246
480
421
441
406
423
468
496
468
493
381
494
464
356
330
385
513
393
436
468
450
Module:2	RCU:1	branch:0	card:9
373
335
374
398
365
428
348
329
397
291
393
325
373
361
602
336
453
588
456
581
461
571
466
550
606
580
599
607
592
611
589
616
Module:2	RCU:1	branch:0	card:10
380
560
358
530
521
568
561
563
561
573
551
486
557
491
541
476
621
541
626
541
618
537
621
531
618
525
616
505
543
542
541
552
Module:2	RCU:1	branch:0	card:11
456
501
511
531
500
525
516
541
521
541
362
433
504
451
523
471
560
482
563
486
566
490
573
496
579
606
583
598
502
533
488
523
Module:2	RCU:1	branch:0	card:12
453
293
437
408
480
407
483
433
496
348
493
443
494
443
373
365
521
550
519
555
518
560
516
555
513
536
424
584
427
348
546
420
Module:2	RCU:1	branch:0	card:13
396
473
336
460
402
531
466
301
533
401
507
546
326
308
290
470
421
393
418
356
429
400
427
476
418
481
397
353
392
481
390
361
Module:2	RCU:1	branch:0	card:14
483
408
251
477
475
431
444
456
343
541
541
485
281
269
232
399
483
393
475
394
453
430
471
522
476
496
495
516
487
370
384
440
Module:2	RCU:1	branch:1	card:1
518
391
393
385
540
563
533
546
485
481
494
555
528
448
463
409
503
540
424
441
515
463
508
448
549
376
528
460
541
453
433
473
Module:2	RCU:1	branch:1	card:2
458
483
446
403
391
418
440
428
496
426
496
410
518
472
447
436
479
403
466
413
448
413
461
431
448
433
441
438
446
426
376
426
Module:2	RCU:1	branch:1	card:3
411
445
431
411
472
460
476
281
428
311
411
301
432
333
465
331
415
591
532
593
556
601
578
604
576
576
565
582
585
583
573
605
Module:2	RCU:1	branch:1	card:4
454
520
441
436
450
443
488
411
507
416
568
403
496
411
466
431
596
526
481
555
478
528
491
550
508
503
506
529
556
503
526
523
Module:2	RCU:1	branch:1	card:5
425
480
431
473
454
391
446
393
463
365
450
381
562
363
571
379
535
380
575
416
545
532
491
527
555
526
428
516
376
540
387
541
Module:2	RCU:1	branch:1	card:6
396
468
457
462
333
472
328
476
451
507
336
498
320
500
460
487
543
505
538
501
541
496
553
512
553
503
553
448
556
441
549
445
Module:2	RCU:1	branch:1	card:7
390
441
389
357
405
357
336
368
371
355
510
363
343
350
375
366
476
446
469
428
418
478
442
488
416
400
490
443
483
441
413
551
Module:2	RCU:1	branch:1	card:8
493
653
476
625
504
625
487
587
525
609
516
611
529
670
435
638
465
415
384
391
431
470
456
449
443
425
468
477
470
423
451
465
Module:2	RCU:1	branch:1	card:9
648
640
556
550
571
638
616
630
607
585
618
468
621
505
619
579
421
581
434
518
541
541
621
598
598
582
398
436
614
471
566
350
Module:2	RCU:1	branch:1	card:10
437
488
580
580
599
601
582
531
594
436
542
521
563
599
496
518
456
536
581
516
568
606
531
428
431
581
438
506
436
376
568
461
Module:2	RCU:1	branch:1	card:11
531
576
556
458
448
453
498
440
549
486
599
486
566
471
461
458
546
360
436
541
581
621
538
553
561
521
597
536
539
626
555
556
Module:2	RCU:1	branch:1	card:12
375
522
463
548
551
650
671
488
549
519
415
476
402
473
453
464
513
483
502
471
495
501
513
495
540
523
461
495
464
310
467
314
Module:2	RCU:1	branch:1	card:13
441
467
620
550
603
587
528
558
499
391
421
630
425
611
507
652
390
553
387
566
564
443
563
453
471
359
456
527
353
541
421
545
Module:2	RCU:1	branch:1	card:14
341
326
360
405
398
414
426
330
356
340
358
336
425
393
351
326
428
371
443
386
541
400
433
371
430
431
481
431
484
428
313
428
Module:2	RCU:2	branch:0	card:1
313
428
238
245
411
321
310
413
316
386
278
383
218
341
341
288
274
266
415
383
355
384
356
380
368
396
377
483
418
447
442
402
Module:2	RCU:2	branch:0	card:2
433
646
436
641
408
661
451
650
360
640
351
647
463
619
461
616
386
439
443
458
458
455
467
453
467
448
469
446
472
444
458
444
Module:2	RCU:2	branch:0	card:3
660
593
668
600
623
636
631
596
616
603
655
578
610
586
617
587
586
573
582
543
576
581
589
593
603
606
609
623
611
628
603
633
Module:2	RCU:2	branch:0	card:4
588
543
668
533
562
549
572
561
586
615
593
635
611
641
583
585
428
558
640
561
626
551
534
546
532
541
525
533
545
561
555
561
Module:2	RCU:2	branch:0	card:5
563
454
547
511
533
409
423
446
459
476
523
496
527
506
419
373
570
508
484
507
480
504
470
498
500
495
508
492
510
492
508
515
Module:2	RCU:2	branch:0	card:6
513
551
475
542
428
480
468
346
474
539
526
598
543
597
598
558
516
394
528
416
533
419
536
418
453
467
404
402
308
367
408
388
Module:2	RCU:2	branch:0	card:7
498
512
485
503
580
579
575
581
601
496
573
271
578
556
551
558
423
274
401
281
405
478
273
471
276
480
283
468
486
513
262
507
Module:2	RCU:2	branch:0	card:8
516
601
582
508
471
453
488
521
556
595
556
525
546
450
541
451
531
426
471
453
475
450
529
525
513
434
518
425
434
426
427
425
Module:2	RCU:2	branch:0	card:9
513
410
516
484
591
396
596
474
538
399
533
472
466
421
403
471
453
448
451
458
451
462
456
366
476
368
368
366
367
366
394
383
Module:2	RCU:2	branch:0	card:10
426
380
426
381
361
490
363
498
443
557
415
548
370
536
414
503
514
460
485
480
481
496
486
493
488
526
488
463
464
466
473
460
Module:2	RCU:2	branch:0	card:11
538
458
573
526
565
510
560
521
543
584
558
577
566
488
562
481
503
507
513
510
525
510
520
509
518
506
519
501
523
365
495
381
Module:2	RCU:2	branch:0	card:12
515
538
524
466
522
450
597
465
522
472
485
578
593
544
545
500
488
280
486
315
476
323
341
326
343
328
381
536
375
540
369
543
Module:2	RCU:2	branch:0	card:13
486
362
463
351
398
433
421
455
407
368
450
391
438
355
376
401
291
528
537
531
534
542
531
436
532
433
533
433
297
431
528
435
Module:2	RCU:2	branch:0	card:14
400
476
323
383
471
407
451
368
386
369
398
446
359
465
478
393
448
403
448
406
441
357
433
353
398
348
401
346
403
345
403
342
Module:2	RCU:2	branch:1	card:1
379
408
456
296
307
305
308
426
514
486
511
274
451
283
455
363
460
385
503
263
501
273
455
273
513
281
488
275
443
301
233
533
Module:2	RCU:2	branch:1	card:2
446
427
451
381
458
440
453
484
486
399
468
390
416
372
424
403
340
457
426
436
395
367
381
333
446
391
436
431
375
364
298
346
Module:2	RCU:2	branch:1	card:3
296
323
288
318
278
362
306
362
326
357
332
350
329
341
327
501
388
330
361
326
351
336
427
333
301
336
300
338
296
330
285
364
Module:2	RCU:2	branch:1	card:4
269
545
493
557
491
550
482
542
433
546
518
552
524
427
531
409
366
561
366
566
363
564
365
556
567
591
566
573
561
592
563
593
Module:2	RCU:2	branch:1	card:5
426
470
505
473
281
478
439
443
425
453
441
464
461
463
467
450
588
521
590
528
316
500
444
501
378
503
373
528
383
497
250
533
Module:2	RCU:2	branch:1	card:6
433
446
433
531
423
535
411
534
408
391
403
411
453
423
452
431
534
391
528
391
530
479
392
476
392
529
476
386
476
394
448
476
Module:2	RCU:2	branch:1	card:7
488
496
490
506
518
508
521
508
513
500
513
491
518
481
527
568
538
450
428
426
396
389
358
453
493
422
421
391
418
389
421
454
Module:2	RCU:2	branch:1	card:8
571
336
573
319
573
364
575
368
467
378
482
388
348
392
348
390
424
299
266
331
258
318
286
300
278
338
315
348
311
355
331
330
Module:2	RCU:2	branch:1	card:9
391
544
278
584
288
593
300
595
304
595
299
595
573
593
564
590
325
350
349
339
345
332
359
321
351
340
368
346
361
538
370
353
Module:2	RCU:2	branch:1	card:10
587
522
603
538
609
556
610
553
606
550
605
544
601
540
466
541
396
377
403
406
251
398
363
436
373
418
386
424
358
416
385
433
Module:2	RCU:2	branch:1	card:11
547
348
343
311
340
310
341
313
366
315
374
316
370
319
350
326
398
398
391
451
393
453
438
461
410
370
434
518
451
346
442
546
Module:2	RCU:2	branch:1	card:12
426
393
336
403
415
441
411
298
403
288
391
283
345
282
387
280
543
332
286
278
273
391
548
562
381
335
328
268
343
263
546
533
Module:2	RCU:2	branch:1	card:13
278
528
298
520
331
541
490
534
497
528
501
522
505
527
521
539
275
293
274
290
373
361
388
388
509
525
543
363
347
353
325
314
Module:2	RCU:2	branch:1	card:14
354
480
413
473
421
470
439
460
443
435
444
413
448
367
493
359
345
293
371
313
312
554
293
435
565
571
416
429
356
401
355
412
Module:2	RCU:3	branch:0	card:1
300
300
300
300
300
300
300
300
300
300
300
300
300
300
300
300
300
300
300
300
300
300
300
300
300
300
300
300
300
300
300
300
Module:2	RCU:3	branch:0	card:2
300
300
300
300
300
300
300
300
300
300
300
300
300
300
300
300
300
300
300
300
300
300
300
300
300
300
300
300
300
300
300
300
Module:2	RCU:3	branch:0	card:3
300
300
300
300
300
300
300
300
300
300
300
300
300
300
300
300
300
300
300
300
300
300
300
300
300
300
300
300
300
300
300
300
Module:2	RCU:3	branch:0	card:4
300
300
300
300
300
300
300
300
300
300
300
300
300
300
300
300
300
300
300
300
300
300
300
300
300
300
300
300
300
300
300
300
Module:2	RCU:3	branch:0	card:5
300
300
300
300
300
300
300
300
300
300
300
300
300
300
300
300
300
300
300
300
300
300
300
300
300
300
300
300
300
300
300
300
Module:2	RCU:3	branch:0	card:6
300
300
300
300
300
300
300
300
300
300
300
300
300
300
300
300
300
300
300
300
300
300
300
300
300
300
300
300
300
300
300
300
Module:2	RCU:3	branch:0	card:7
300
300
300
300
300
300
300
300
300
300
300
300
300
300
300
300
300
300
300
300
300
300
300
300
300
300
300
300
300
300
300
300
Module:2	RCU:3	branch:0	card:8
300
300
300
300
300
300
300
300
300
300
300
300
300
300
300
300
300
300
300
300
300
300
300
300
300
300
300
300
300
300
300
300
Module:2	RCU:3	branch:0	card:9
300
300
300
300
300
300
300
300
300
300
300
300
300
300
300
300
300
300
300
300
300
300
300
300
300
300
300
300
300
300
300
300
Module:2	RCU:3	branch:0	card:10
300
300
300
300
300
300
300
300
300
300
300
300
300
300
300
300
300
300
300
300
300
300
300
300
300
300
300
300
300
300
300
300
Module:2	RCU:3	branch:0	card:11
300
300
300
300
300
300
300
300
300
300
300
300
300
300
300
300
300
300
300
300
300
300
300
300
300
300
300
300
300
300
300
300
Module:2	RCU:3	branch:0	card:12
300
300
300
300
300
300
300
300
300
300
300
300
300
300
300
300
300
300
300
300
300
300
300
300
300
300
300
300
300
300
300
300
Module:2	RCU:3	branch:0	card:13
300
300
300
300
300
300
300
300
300
300
300
300
300
300
300
300
300
300
300
300
300
300
300
300
300
300
300
300
300
300
300
300
Module:2	RCU:3	branch:0	card:14
300
300
300
300
300
300
300
300
300
300
300
300
300
300
300
300
300
300
300
300
300
300
300
300
300
300
300
300
300
300
300
300
Module:2	RCU:3	branch:1	card:1
300
300
300
300
300
300
300
300
300
300
300
300
300
300
300
300
300
300
300
300
300
300
300
300
300
300
300
300
300
300
300
300
Module:2	RCU:3	branch:1	card:2
300
300
300
300
300
300
300
300
300
300
300
300
300
300
300
300
300
300
300
300
300
300
300
300
300
300
300
300
300
300
300
300
Module:2	RCU:3	branch:1	card:3
300
300
300
300
300
300
300
300
300
300
300
300
300
300
300
300
300
300
300
300
300
300
300
300
300
300
300
300
300
300
300
300
Module:2	RCU:3	branch:1	card:4
300
300
300
300
300
300
300
300
300
300
300
300
300
300
300
300
300
300
300
300
300
300
300
300
300
300
300
300
300
300
300
300
Module:2	RCU:3	branch:1	card:5
300
300
300
300
300
300
300
300
300
300
300
300
300
300
300
300
300
300
300
300
300
300
300
300
300
300
300
300
300
300
300
300
Module:2	RCU:3	branch:1	card:6
300
300
300
300
300
300
300
300
300
300
300
300
300
300
300
300
300
300
300
300
300
300
300
300
300
300
300
300
300
300
300
300
Module:2	RCU:3	branch:1	card:7
300
300
300
300
300
300
300
300
300
300
300
300
300
300
300
300
300
300
300
300
300
300
300
300
300
300
300
300
300
300
300
300
Module:2	RCU:3	branch:1	card:8
300
300
300
300
300
300
300
300
300
300
300
300
300
300
300
300
300
300
300
300
300
300
300
300
300
300
300
300
300
300
300
300
Module:2	RCU:3	branch:1	card:9
300
300
300
300
300
300
300
300
300
300
300
300
300
300
300
300
300
300
300
300
300
300
300
300
300
300
300
300
300
300
300
300
Module:2	RCU:3	branch:1	card:10
300
300
300
300
300
300
300
300
300
300
300
300
300
300
300
300
300
300
300
300
300
300
300
300
300
300
300
300
300
300
300
300
Module:2	RCU:3	branch:1	card:11
300
300
300
300
300
300
300
300
300
300
300
300
300
300
300
300
300
300
300
300
300
300
300
300
300
300
300
300
300
300
300
300
Module:2	RCU:3	branch:1	card:12
300
300
300
300
300
300
300
300
300
300
300
300
300
300
300
300
300
300
300
300
300
300
300
300
300
300
300
300
300
300
300
300
Module:2	RCU:3	branch:1	card:13
300
300
300
300
300
300
300
300
300
300
300
300
300
300
300
300
300
300
300
300
300
300
300
300
300
300
300
300
300
300
300
300
Module:2	RCU:3	branch:1	card:14
300
300
300
300
300
300
300
300
300
300
300
300
300
300
300
300
300
300
300
300
300
300
300
300
300
300
300
300
300
300
300
300
