Module:2	 RCU:0	 branch:0	 card:1
742
959
958
883
726
952
950
906
919
931
818
1016
1016
960
756
744
707
874
958
868
950
869
928
905
946
997
951
971
970
991
962
845
Module:2	 RCU:0	 branch:0	 card:2
971
1023
966
1023
968
1021
971
773
990
807
896
1005
1010
797
1017
808
766
891
813
890
786
847
805
839
821
858
816
878
809
871
849
858
Module:2	 RCU:0	 branch:0	 card:3
761
946
828
860
756
853
840
758
971
762
941
961
718
971
960
916
911
825
904
833
883
936
931
935
932
932
921
923
857
851
851
853
Module:2	 RCU:0	 branch:0	 card:4
926
925
898
895
895
883
866
892
892
933
871
901
784
790
753
786
961
1005
1001
1013
983
986
981
1023
981
1023
1005
1023
1005
1023
1006
996
Module:2	 RCU:0	 branch:0	 card:5
933
836
801
965
801
977
793
826
970
831
853
816
830
821
846
860
883
828
833
813
846
863
874
918
874
924
865
956
836
956
832
956
Module:2	 RCU:0	 branch:0	 card:6
852
763
950
727
954
777
813
773
821
806
916
746
998
736
723
776
1018
1023
1023
1023
1023
1023
1023
1023
1023
1023
1023
1023
1021
1023
1023
1023
Module:2	 RCU:0	 branch:0	 card:7
808
908
793
836
843
848
923
823
781
901
775
820
832
791
826
853
1023
1023
1023
1023
1023
1023
1023
1023
1023
1023
1023
1023
1023
788
1023
931
Module:2	 RCU:0	 branch:0	 card:8
858
894
1011
885
865
923
919
805
818
811
825
887
866
884
897
901
797
1023
839
1023
1023
1023
1023
1023
818
1023
1023
1023
1023
1023
1023
1023
Module:2	 RCU:0	 branch:0	 card:9
941
952
935
945
801
850
806
858
865
940
874
730
891
958
911
740
1023
1023
1023
1023
1023
1023
1023
1023
1023
1023
1023
1023
1023
1023
1023
1023
Module:2	 RCU:0	 branch:0	 card:10
951
992
965
762
746
971
958
761
745
1023
946
713
978
711
970
713
1023
1023
1023
1023
1023
1023
1023
1023
1023
1023
1023
1023
1023
958
1023
981
Module:2	 RCU:0	 branch:0	 card:11
743
973
924
963
932
959
942
903
946
888
948
878
958
816
955
892
942
916
923
921
946
941
988
978
918
958
990
943
997
980
958
1023
Module:2	 RCU:0	 branch:0	 card:12
915
911
901
911
912
936
905
936
898
938
913
1009
911
926
908
932
965
1023
981
1023
981
1023
960
733
1015
1023
998
1023
1023
1023
1023
1023
Module:2	 RCU:0	 branch:0	 card:13
831
851
822
851
831
890
867
850
861
881
849
887
852
887
853
881
1023
1023
1023
976
1023
1023
1023
1023
1023
1023
1023
1023
1023
1023
1023
1023
Module:2	 RCU:0	 branch:0	 card:14
795
781
828
821
887
782
816
817
753
776
875
831
815
791
821
741
1023
1023
1023
1023
1023
1023
1023
1023
1023
1023
1023
1001
1023
1016
1023
979
Module:2	 RCU:0	 branch:1	 card:1
859
915
816
801
835
880
873
889
901
805
831
815
833
811
900
868
826
801
903
846
918
861
1016
875
908
846
905
906
956
906
959
903
Module:2	 RCU:0	 branch:1	 card:2
817
928
956
942
946
881
710
955
865
894
933
856
889
959
846
948
1010
1023
908
1023
996
1023
996
1023
1006
920
1023
896
1023
921
1023
918
Module:2	 RCU:0	 branch:1	 card:3
883
985
979
988
955
921
991
953
865
925
992
895
906
988
963
888
956
957
951
973
943
951
953
978
961
970
961
946
1023
983
973
1023
Module:2	 RCU:0	 branch:1	 card:4
931
816
1023
1023
1023
836
905
848
1023
848
915
849
866
875
838
864
868
891
862
828
889
918
926
825
930
818
946
900
926
910
895
863
Module:2	 RCU:0	 branch:1	 card:5
853
1023
883
1023
898
1023
896
1023
883
1023
891
1023
868
1023
873
1023
895
794
893
788
916
837
860
807
887
801
864
725
854
723
751
721
Module:2	 RCU:0	 branch:1	 card:6
1023
980
1023
968
1023
972
1023
1023
956
977
975
951
970
988
976
984
756
758
759
796
778
778
783
851
788
831
826
820
829
768
828
805
Module:2	 RCU:0	 branch:1	 card:7
986
928
918
893
963
963
921
938
1023
911
896
918
965
1023
940
1023
796
871
796
765
851
791
852
795
769
801
805
888
806
885
840
861
Module:2	 RCU:0	 branch:1	 card:8
872
908
933
1023
918
1023
946
1003
948
1021
930
872
916
1023
1023
1023
766
750
828
886
788
890
890
891
886
720
724
736
776
740
771
746
Module:2	 RCU:0	 branch:1	 card:9
1023
1023
898
1023
1023
988
876
1023
1023
1023
1023
898
1023
1023
1023
1023
788
915
786
926
788
930
888
922
941
963
929
949
958
971
940
946
Module:2	 RCU:0	 branch:1	 card:10
1023
1023
1023
1023
1023
1023
962
872
1021
1023
1023
1023
1023
1023
1023
1023
975
954
1023
968
1023
865
893
853
891
915
977
848
978
853
890
908
Module:2	 RCU:0	 branch:1	 card:11
988
1001
1023
1023
875
1023
878
1023
899
1023
1023
925
1023
1023
1017
982
889
972
920
907
856
891
950
888
859
976
917
975
881
866
870
901
Module:2	 RCU:0	 branch:1	 card:12
1023
951
1023
976
932
966
1008
990
954
984
1000
998
1001
993
960
1010
842
1021
831
1023
895
1023
872
1023
855
1006
1023
1020
977
987
971
996
Module:2	 RCU:0	 branch:1	 card:13
1003
945
986
1017
1023
1023
1023
1023
1017
1018
893
897
950
923
1023
988
995
978
1002
1023
952
1021
963
1023
934
1023
899
1023
1008
1023
1000
975
Module:2	 RCU:0	 branch:1	 card:14
970
991
966
1012
841
993
1014
976
1018
863
974
983
973
984
989
980
954
867
960
986
948
921
1023
1023
880
935
970
858
958
1001
916
911
Module:2	 RCU:1	 branch:0	 card:1
915
731
901
1023
912
850
905
763
983
806
913
898
911
835
908
898
805
1021
1021
1016
1023
1021
1023
1022
1023
998
1023
1009
1007
1016
1001
941
Module:2	 RCU:1	 branch:0	 card:2
785
806
947
821
813
824
790
800
810
738
712
939
921
966
804
940
1006
936
1023
945
1019
928
1002
933
951
965
968
949
975
961
996
998
Module:2	 RCU:1	 branch:0	 card:3
971
1005
961
999
968
1003
955
850
926
828
963
853
990
888
1003
893
975
908
1023
943
1023
1023
1004
1023
896
1023
872
1011
926
1023
919
1023
Module:2	 RCU:1	 branch:0	 card:4
901
774
888
775
893
802
919
806
910
828
916
801
734
838
755
838
1023
993
1023
1023
1023
1023
1022
1023
1023
1023
1023
1023
1023
1023
1003
1023
Module:2	 RCU:1	 branch:0	 card:5
863
948
921
881
933
906
943
936
945
965
906
961
949
943
896
905
1023
976
1023
989
1023
1012
1023
1023
995
1023
1023
1023
1023
1023
1023
1023
Module:2	 RCU:1	 branch:0	 card:6
913
990
978
986
952
936
980
926
973
961
928
921
921
936
916
943
1023
824
1023
861
871
860
862
861
858
793
851
794
832
783
828
796
Module:2	 RCU:1	 branch:0	 card:7
966
946
945
996
991
783
985
886
965
883
992
961
1010
965
985
982
827
906
833
873
928
879
926
883
917
888
911
888
913
887
913
892
Module:2	 RCU:1	 branch:0	 card:8
738
911
950
804
916
808
911
738
970
751
973
721
955
896
916
881
898
943
971
943
968
856
969
939
831
805
860
988
868
911
943
925
Module:2	 RCU:1	 branch:0	 card:9
848
810
849
873
840
903
823
804
872
766
868
800
848
836
1023
811
928
1023
931
1023
936
1023
941
1023
1023
1023
1023
1023
1023
1023
1023
1023
Module:2	 RCU:1	 branch:0	 card:10
855
1023
833
1005
996
1023
1023
1023
1023
1023
1023
961
1023
966
1016
951
1023
1016
1023
1016
1023
1012
1023
1006
1023
1000
1023
980
1018
1017
1016
1023
Module:2	 RCU:1	 branch:0	 card:11
931
976
986
1006
975
1000
991
1016
996
1016
837
908
979
926
998
946
1023
957
1023
961
1023
965
1023
971
1023
1023
1023
1023
977
1008
963
998
Module:2	 RCU:1	 branch:0	 card:12
928
768
912
883
955
882
958
908
971
823
968
918
969
918
848
840
996
1023
994
1023
993
1023
991
1023
988
1011
899
1023
902
823
1021
895
Module:2	 RCU:1	 branch:0	 card:13
871
948
811
935
877
1006
941
776
1008
876
982
1021
801
783
765
945
896
868
893
831
904
875
902
951
893
956
872
828
867
956
865
836
Module:2	 RCU:1	 branch:0	 card:14
958
883
726
952
950
906
919
931
818
1016
1016
960
756
744
707
874
958
868
950
869
928
905
946
997
951
971
970
991
962
845
859
915
Module:2	 RCU:1	 branch:1	 card:1
993
866
868
860
1015
1023
1008
1021
960
956
969
1023
1003
923
938
884
978
1015
899
916
990
938
983
923
1023
851
1003
935
1016
928
908
948
Module:2	 RCU:1	 branch:1	 card:2
933
958
921
878
866
893
915
903
971
901
971
885
993
947
922
911
954
878
941
888
923
888
936
906
923
908
916
913
921
901
851
901
Module:2	 RCU:1	 branch:1	 card:3
886
920
906
886
947
935
951
756
903
786
886
776
907
808
940
806
890
1023
1007
1023
1023
1023
1023
1023
1023
1023
1023
1023
1023
1023
1023
1023
Module:2	 RCU:1	 branch:1	 card:4
929
995
916
911
925
918
963
886
982
891
1023
878
971
886
941
906
1023
1001
956
1023
953
1003
966
1023
983
978
981
1004
1023
978
1001
998
Module:2	 RCU:1	 branch:1	 card:5
900
955
906
948
929
866
921
868
938
840
925
856
1023
838
1023
854
1010
855
1023
891
1020
1007
966
1002
1023
1001
903
991
851
1015
862
1016
Module:2	 RCU:1	 branch:1	 card:6
871
943
932
937
808
947
803
951
926
982
811
973
795
975
935
962
1018
980
1013
976
1016
971
1023
987
1023
978
1023
923
1023
916
1023
920
Module:2	 RCU:1	 branch:1	 card:7
865
916
864
832
880
832
811
843
846
830
985
838
818
825
850
841
951
921
944
903
893
953
917
963
891
875
965
918
958
916
888
1023
Module:2	 RCU:1	 branch:1	 card:8
968
1023
951
1023
979
1023
962
1023
1000
1023
991
1023
1004
1023
910
1023
940
890
859
866
906
945
931
924
918
900
943
952
945
898
926
940
Module:2	 RCU:1	 branch:1	 card:9
1023
1023
1023
1023
1023
1023
1023
1023
1023
1023
1023
943
1023
980
1023
1023
896
1023
909
993
1016
1016
1023
1023
1023
1023
873
911
1023
946
1023
825
Module:2	 RCU:1	 branch:1	 card:10
912
963
1023
1023
1023
1023
1023
1006
1023
911
1017
996
1023
1023
971
993
931
1011
1023
991
1023
1023
1006
903
906
1023
913
981
911
851
1023
936
Module:2	 RCU:1	 branch:1	 card:11
1006
1023
1023
933
923
928
973
915
1023
961
1023
961
1023
946
936
933
1021
835
911
1016
1023
1023
1013
1023
1023
996
1023
1011
1014
1023
1023
1023
Module:2	 RCU:1	 branch:1	 card:12
850
997
938
1023
1023
1023
1023
963
1023
994
890
951
877
948
928
939
988
958
977
946
970
976
988
970
1015
998
936
970
939
785
942
789
Module:2	 RCU:1	 branch:1	 card:13
916
942
1023
1023
1023
1023
1003
1023
974
866
896
1023
900
1023
982
1023
865
1023
862
1023
1023
918
1023
928
946
834
931
1002
828
1016
896
1020
Module:2	 RCU:1	 branch:1	 card:14
816
801
835
880
873
889
901
805
831
815
833
811
900
868
826
801
903
846
918
861
1016
875
908
846
905
906
956
906
959
903
788
903
Module:2	 RCU:2	 branch:0	 card:1
788
903
713
720
886
796
785
888
791
861
753
858
693
816
816
763
749
741
890
858
830
859
831
855
843
871
852
958
893
922
917
877
Module:2	 RCU:2	 branch:0	 card:2
908
1023
911
1023
883
1023
926
1023
835
1023
826
1023
938
1023
936
1023
861
914
918
933
933
930
942
928
942
923
944
921
947
919
933
919
Module:2	 RCU:2	 branch:0	 card:3
1023
1023
1023
1023
1023
1023
1023
1023
1023
1023
1023
1023
1023
1023
1023
1023
1023
1023
1023
1018
1023
1023
1023
1023
1023
1023
1023
1023
1023
1023
1023
1023
Module:2	 RCU:2	 branch:0	 card:4
1023
1018
1023
1008
1023
1023
1023
1023
1023
1023
1023
1023
1023
1023
1023
1023
903
1023
1023
1023
1023
1023
1009
1021
1007
1016
1000
1008
1020
1023
1023
1023
Module:2	 RCU:2	 branch:0	 card:5
1023
929
1022
986
1008
884
898
921
934
951
998
971
1002
981
894
848
1023
983
959
982
955
979
945
973
975
970
983
967
985
967
983
990
Module:2	 RCU:2	 branch:0	 card:6
988
1023
950
1017
903
955
943
821
949
1014
1001
1023
1018
1023
1023
1023
991
869
1003
891
1008
894
1011
893
928
942
879
877
783
842
883
863
Module:2	 RCU:2	 branch:0	 card:7
973
987
960
978
1023
1023
1023
1023
1023
971
1023
746
1023
1023
1023
1023
898
749
876
756
880
953
748
946
751
955
758
943
961
988
737
982
Module:2	 RCU:2	 branch:0	 card:8
991
1023
1023
983
946
928
963
996
1023
1023
1023
1000
1021
925
1016
926
1006
901
946
928
950
925
1004
1000
988
909
993
900
909
901
902
900
Module:2	 RCU:2	 branch:0	 card:9
988
885
991
959
1023
871
1023
949
1013
874
1008
947
941
896
878
946
928
923
926
933
926
937
931
841
951
843
843
841
842
841
869
858
Module:2	 RCU:2	 branch:0	 card:10
901
855
901
856
836
965
838
973
918
1023
890
1023
845
1011
889
978
989
935
960
955
956
971
961
968
963
1001
963
938
939
941
948
935
Module:2	 RCU:2	 branch:0	 card:11
1013
933
1023
1001
1023
985
1023
996
1018
1023
1023
1023
1023
963
1023
956
978
982
988
985
1000
985
995
984
993
981
994
976
998
840
970
856
Module:2	 RCU:2	 branch:0	 card:12
990
1013
999
941
997
925
1023
940
997
947
960
1023
1023
1019
1020
975
963
755
961
790
951
798
816
801
818
803
856
1011
850
1015
844
1018
Module:2	 RCU:2	 branch:0	 card:13
961
837
938
826
873
908
896
930
882
843
925
866
913
830
851
876
766
1003
1012
1006
1009
1017
1006
911
1007
908
1008
908
772
906
1003
910
Module:2	 RCU:2	 branch:0	 card:14
875
951
798
858
946
882
926
843
861
844
873
921
834
940
953
868
923
878
923
881
916
832
908
828
873
823
876
821
878
820
878
817
Module:2	 RCU:2	 branch:1	 card:1
854
883
931
771
782
780
783
901
989
961
986
749
926
758
930
838
935
860
978
738
976
748
930
748
988
756
963
750
918
776
708
1008
Module:2	 RCU:2	 branch:1	 card:2
921
902
926
856
933
915
928
959
961
874
943
865
891
847
899
878
815
932
901
911
870
842
856
808
921
866
911
906
850
839
773
821
Module:2	 RCU:2	 branch:1	 card:3
771
798
763
793
753
837
781
837
801
832
807
825
804
816
802
976
863
805
836
801
826
811
902
808
776
811
775
813
771
805
760
839
Module:2	 RCU:2	 branch:1	 card:4
744
1020
968
1023
966
1023
957
1017
908
1021
993
1023
999
902
1006
884
841
1023
841
1023
838
1023
840
1023
1023
1023
1023
1023
1023
1023
1023
1023
Module:2	 RCU:2	 branch:1	 card:5
901
945
980
948
756
953
914
918
900
928
916
939
936
938
942
925
1023
996
1023
1003
791
975
919
976
853
978
848
1003
858
972
725
1008
Module:2	 RCU:2	 branch:1	 card:6
908
921
908
1006
898
1010
886
1009
883
866
878
886
928
898
927
906
1009
866
1003
866
1005
954
867
951
867
1004
951
861
951
869
923
951
Module:2	 RCU:2	 branch:1	 card:7
963
971
965
981
993
983
996
983
988
975
988
966
993
956
1002
1023
1013
925
903
901
871
864
833
928
968
897
896
866
893
864
896
929
Module:2	 RCU:2	 branch:1	 card:8
1023
811
1023
794
1023
839
1023
843
942
853
957
863
823
867
823
865
899
774
741
806
733
793
761
775
753
813
790
823
786
830
806
805
Module:2	 RCU:2	 branch:1	 card:9
866
1019
753
1023
763
1023
775
1023
779
1023
774
1023
1023
1023
1023
1023
800
825
824
814
820
807
834
796
826
815
843
821
836
1013
845
828
Module:2	 RCU:2	 branch:1	 card:10
1023
997
1023
1013
1023
1023
1023
1023
1023
1023
1023
1019
1023
1015
941
1016
871
852
878
881
726
873
838
911
848
893
861
899
833
891
860
908
Module:2	 RCU:2	 branch:1	 card:11
1022
823
818
786
815
785
816
788
841
790
849
791
845
794
825
801
873
873
866
926
868
928
913
936
885
845
909
993
926
821
917
1021
Module:2	 RCU:2	 branch:1	 card:12
901
868
811
878
890
916
886
773
878
763
866
758
820
757
862
755
1018
807
761
753
748
866
1023
1023
856
810
803
743
818
738
1021
1008
Module:2	 RCU:2	 branch:1	 card:13
753
1003
773
995
806
1016
965
1009
972
1003
976
997
980
1002
996
1014
750
768
749
765
848
836
863
863
984
1000
1018
838
822
828
800
789
Module:2	 RCU:2	 branch:1	 card:14
829
955
888
948
896
945
914
935
918
910
919
888
923
842
968
834
820
768
846
788
787
1023
768
910
1023
1023
891
904
831
876
830
887
Module:2	 RCU:3	 branch:0	 card:1
904
883
902
1016
823
1007
836
1023
903
1023
890
1009
899
1001
792
1004
792
883
801
878
805
779
803
781
793
730
803
831
828
850
885
860
Module:2	 RCU:3	 branch:0	 card:2
1009
974
838
1023
1023
978
1023
970
988
966
998
976
996
957
967
1023
868
854
890
847
848
958
958
851
853
966
853
973
855
975
857
973
Module:2	 RCU:3	 branch:0	 card:3
1023
1007
993
1000
986
942
986
931
926
926
868
908
1023
1023
1015
828
956
927
943
923
960
926
971
928
979
918
981
941
982
943
973
943
Module:2	 RCU:3	 branch:0	 card:4
1020
984
961
975
953
955
946
876
938
924
1023
901
1023
887
1023
773
936
961
926
961
916
958
905
957
934
879
944
898
952
903
958
903
Module:2	 RCU:3	 branch:0	 card:5
796
852
924
846
923
894
798
903
956
848
816
883
950
880
913
883
904
886
907
896
783
906
969
916
886
925
876
904
866
909
850
792
Module:2	 RCU:3	 branch:0	 card:6
841
950
905
961
895
940
1023
981
1023
973
1008
926
1012
975
981
918
888
786
803
797
751
879
866
748
795
745
883
811
774
737
753
860
Module:2	 RCU:3	 branch:0	 card:7
985
927
933
934
1008
1023
1001
1021
910
913
910
854
861
858
871
958
821
861
826
782
923
901
833
851
821
973
773
1020
833
985
841
911
Module:2	 RCU:3	 branch:0	 card:8
886
803
958
823
958
883
1023
836
936
858
818
852
901
873
907
866
965
958
897
986
855
986
978
953
921
931
957
951
871
900
884
876
Module:2	 RCU:3	 branch:0	 card:9
844
1023
881
883
828
1023
775
1023
912
981
803
1023
1023
811
950
951
973
936
941
933
945
955
860
915
938
929
1013
1003
1002
1015
948
885
Module:2	 RCU:3	 branch:0	 card:10
1023
841
991
1006
950
923
851
913
935
891
891
833
908
843
1023
848
986
868
833
988
923
951
996
1023
958
957
976
925
848
928
911
1013
Module:2	 RCU:3	 branch:0	 card:11
826
851
843
802
835
881
746
872
806
795
861
883
826
779
861
764
1011
1012
1023
1023
1023
966
950
960
934
938
906
889
918
1023
1006
981
Module:2	 RCU:3	 branch:0	 card:12
753
876
917
886
779
928
771
920
893
793
748
1003
907
932
788
931
918
1023
898
931
987
965
991
943
950
859
945
1005
1023
944
1023
890
Module:2	 RCU:3	 branch:0	 card:13
788
841
973
752
970
753
927
771
931
720
933
1013
763
1000
836
990
876
917
921
1023
930
1023
1023
966
1023
971
972
928
875
921
810
908
Module:2	 RCU:3	 branch:0	 card:14
713
720
886
796
785
888
791
861
753
858
693
816
816
763
749
741
890
858
830
859
831
855
843
871
852
958
893
922
917
877
854
883
Module:2	 RCU:3	 branch:1	 card:1
844
837
768
872
800
861
809
851
811
762
838
797
846
799
838
804
1023
930
1023
1004
896
994
975
931
986
1001
911
915
981
796
1023
835
Module:2	 RCU:3	 branch:1	 card:2
903
871
908
873
908
824
901
876
886
875
830
797
843
765
859
753
826
853
838
916
828
876
821
829
848
890
865
968
904
923
866
913
Module:2	 RCU:3	 branch:1	 card:3
736
1011
746
1008
755
983
915
973
952
878
977
981
995
989
991
830
902
935
913
856
961
951
948
937
940
936
949
886
928
940
883
950
Module:2	 RCU:3	 branch:1	 card:4
858
970
870
954
881
918
902
908
928
895
936
810
905
819
940
818
920
900
933
1021
961
1008
983
983
923
1017
849
1018
1023
931
982
972
Module:2	 RCU:3	 branch:1	 card:5
818
906
820
911
820
918
846
788
733
882
733
866
779
858
779
857
953
988
986
1023
993
1010
966
1001
1023
1006
1002
1006
971
1023
999
1021
Module:2	 RCU:3	 branch:1	 card:6
900
894
898
958
893
947
871
928
991
931
853
928
856
958
889
954
1016
776
992
733
1001
846
855
853
841
779
815
783
824
786
783
731
Module:2	 RCU:3	 branch:1	 card:7
963
981
953
1003
935
942
927
936
936
991
963
980
956
1002
1003
1006
858
806
831
766
805
752
910
970
773
823
776
816
863
790
821
787
Module:2	 RCU:3	 branch:1	 card:8
926
986
976
995
978
1000
991
1023
1001
1023
1023
1023
1019
1023
965
1023
764
792
902
791
856
757
823
841
803
867
802
841
760
819
821
834
Module:2	 RCU:3	 branch:1	 card:9
1023
768
1023
773
1023
827
1023
749
1023
743
1023
750
1023
766
1023
736
777
901
881
846
872
901
889
886
878
733
884
761
907
766
888
756
Module:2	 RCU:3	 branch:1	 card:10
741
933
910
917
906
960
906
950
874
950
923
958
941
963
931
900
777
821
781
804
784
811
790
803
786
806
794
793
818
805
818
823
Module:2	 RCU:3	 branch:1	 card:11
880
802
901
797
891
796
881
797
881
800
891
806
901
817
919
824
828
864
848
857
833
730
858
848
843
852
881
866
873
840
871
875
Module:2	 RCU:3	 branch:1	 card:12
822
841
854
856
853
808
835
812
828
819
826
830
828
776
833
777
872
887
887
863
881
923
908
986
860
993
880
735
841
924
865
923
Module:2	 RCU:3	 branch:1	 card:13
777
789
765
781
807
777
808
871
841
873
861
875
889
875
778
874
909
906
965
1007
943
956
938
973
898
966
989
951
996
935
958
975
Module:2	 RCU:3	 branch:1	 card:14
931
771
782
780
783
901
989
961
986
749
926
758
930
838
935
860
978
738
976
748
930
748
988
756
963
750
918
776
708
1008
719
1012
