Module:2	RCU:3	branch:1	card:14
631
471
482
480
483
601
689
661
686
449
626
458
630
538
635
560
678
438
676
448
630
448
688
456
663
450
618
476
408
708
419
712
Module:2	RCU:3	branch:1	card:13
477
489
465
481
507
477
508
571
541
573
561
575
589
575
478
574
609
606
665
707
643
656
638
673
598
666
689
651
696
635
658
675
Module:2	RCU:3	branch:1	card:12
522
541
554
556
553
508
535
512
528
519
526
530
528
476
533
477
572
587
587
563
581
623
608
686
560
693
580
435
541
624
565
623
Module:2	RCU:3	branch:1	card:11
580
502
601
497
591
496
581
497
581
500
591
506
601
517
619
524
528
564
548
557
533
430
558
548
543
552
581
566
573
540
571
575
Module:2	RCU:3	branch:1	card:10
441
633
610
617
606
660
606
650
574
650
623
658
641
663
631
600
477
521
481
504
484
511
490
503
486
506
494
493
518
505
518
523
Module:2	RCU:3	branch:1	card:9
766
468
775
473
727
527
738
449
746
443
748
450
735
466
763
436
477
601
581
546
572
601
589
586
578
433
584
461
607
466
588
456
Module:2	RCU:3	branch:1	card:8
626
686
676
695
678
700
691
723
701
768
726
767
719
738
665
741
464
492
602
491
556
457
523
541
503
567
502
541
460
519
521
534
Module:2	RCU:3	branch:1	card:7
663
681
653
703
635
642
627
636
636
691
663
680
656
702
703
706
558
506
531
466
505
452
610
670
473
523
476
516
563
490
521
487
Module:2	RCU:3	branch:1	card:6
600
594
598
658
593
647
571
628
691
631
553
628
556
658
589
654
716
476
692
433
701
546
555
553
541
479
515
483
524
486
483
431
Module:2	RCU:3	branch:1	card:5
518
606
520
611
520
618
546
488
433
582
433
566
479
558
479
557
653
688
686
733
693
710
666
701
731
706
702
706
671
730
699
721
Module:2	RCU:3	branch:1	card:4
558
670
570
654
581
618
602
608
628
595
636
510
605
519
640
518
620
600
633
721
661
708
683
683
623
717
549
718
726
631
682
672
Module:2	RCU:3	branch:1	card:3
436
711
446
708
455
683
615
673
652
578
677
681
695
689
691
530
602
635
613
556
661
651
648
637
640
636
649
586
628
640
583
650
Module:2	RCU:3	branch:1	card:2
603
571
608
573
608
524
601
576
586
575
530
497
543
465
559
453
526
553
538
616
528
576
521
529
548
590
565
668
604
623
566
613
Module:2	RCU:3	branch:1	card:1
544
537
468
572
500
561
509
551
511
462
538
497
546
499
538
504
726
630
731
704
596
694
675
631
686
701
611
615
681
496
726
535
Module:2	RCU:3	branch:0	card:14
413
420
586
496
485
588
491
561
453
558
393
516
516
463
449
441
590
558
530
559
531
555
543
571
552
658
593
622
617
577
554
583
Module:2	RCU:3	branch:0	card:13
488
541
673
452
670
453
627
471
631
420
633
713
463
700
536
690
576
617
621
756
630
756
752
666
733
671
672
628
575
621
510
608
Module:2	RCU:3	branch:0	card:12
453
576
617
586
479
628
471
620
593
493
448
703
607
632
488
631
618
759
598
631
687
665
691
643
650
559
645
705
730
644
735
590
Module:2	RCU:3	branch:0	card:11
526
551
543
502
535
581
446
572
506
495
561
583
526
479
561
464
711
712
753
763
763
666
650
660
634
638
606
589
618
736
706
681
Module:2	RCU:3	branch:0	card:10
735
541
691
706
650
623
551
613
635
591
591
533
608
543
796
548
686
568
533
688
623
651
696
737
658
657
676
625
548
628
611
713
Module:2	RCU:3	branch:0	card:9
544
760
581
583
528
794
475
776
612
681
503
783
753
511
650
651
673
636
641
633
645
655
560
615
638
629
713
703
702
715
648
585
Module:2	RCU:3	branch:0	card:8
586
503
658
523
658
583
738
536
636
558
518
552
601
573
607
566
665
658
597
686
555
686
678
653
621
631
657
651
571
600
584
576
Module:2	RCU:3	branch:0	card:7
685
627
633
634
708
738
701
721
610
613
610
554
561
558
571
658
521
561
526
482
623
601
533
551
521
673
473
720
533
685
541
611
Module:2	RCU:3	branch:0	card:6
541
650
605
661
595
640
731
681
723
673
708
626
712
675
681
618
588
486
503
497
451
579
566
448
495
445
583
511
474
437
453
560
Module:2	RCU:3	branch:0	card:5
496
552
624
546
623
594
498
603
656
548
516
583
650
580
613
583
604
586
607
596
483
606
669
616
586
625
576
604
566
609
550
492
Module:2	RCU:3	branch:0	card:4
720
684
661
675
653
655
646
576
638
624
755
601
744
587
731
473
636
661
626
661
616
658
605
657
634
579
644
598
652
603
658
603
Module:2	RCU:3	branch:0	card:3
741
707
693
700
686
642
686
631
626
626
568
608
723
738
715
528
656
627
643
623
660
626
671
628
679
618
681
641
682
643
673
643
Module:2	RCU:3	branch:0	card:2
709
674
538
748
756
678
748
670
688
666
698
676
696
657
667
735
568
554
590
547
548
658
658
551
553
666
553
673
555
675
557
673
Module:2	RCU:3	branch:0	card:1
604
583
602
716
523
707
536
726
603
736
590
709
599
701
492
704
492
583
501
578
505
479
503
481
493
430
503
531
528
550
585
560
Module:2	RCU:2	branch:1	card:14
529
655
588
648
596
645
614
635
618
610
619
588
623
542
668
534
520
468
546
488
487
729
468
610
740
746
591
604
531
576
530
587
Module:2	RCU:2	branch:1	card:13
453
703
473
695
506
716
665
709
672
703
676
697
680
702
696
714
450
468
449
465
548
536
563
563
684
700
718
538
522
528
500
489
Module:2	RCU:2	branch:1	card:12
601
568
511
578
590
616
586
473
578
463
566
458
520
457
562
455
718
507
461
453
448
566
723
737
556
510
503
443
518
438
721
708
Module:2	RCU:2	branch:1	card:11
722
523
518
486
515
485
516
488
541
490
549
491
545
494
525
501
573
573
566
626
568
628
613
636
585
545
609
693
626
521
617
721
Module:2	RCU:2	branch:1	card:10
762
697
778
713
784
731
785
728
781
725
780
719
776
715
641
716
571
552
578
581
426
573
538
611
548
593
561
599
533
591
560
608
Module:2	RCU:2	branch:1	card:9
566
719
453
759
463
768
475
770
479
770
474
770
748
768
739
765
500
525
524
514
520
507
534
496
526
515
543
521
536
713
545
528
Module:2	RCU:2	branch:1	card:8
746
511
748
494
748
539
750
543
642
553
657
563
523
567
523
565
599
474
441
506
433
493
461
475
453
513
490
523
486
530
506
505
Module:2	RCU:2	branch:1	card:7
663
671
665
681
693
683
696
683
688
675
688
666
693
656
702
743
713
625
603
601
571
564
533
628
668
597
596
566
593
564
596
629
Module:2	RCU:2	branch:1	card:6
608
621
608
706
598
710
586
709
583
566
578
586
628
598
627
606
709
566
703
566
705
654
567
651
567
704
651
561
651
569
623
651
Module:2	RCU:2	branch:1	card:5
601
645
680
648
456
653
614
618
600
628
616
639
636
638
642
625
763
696
765
703
491
675
619
676
553
678
548
703
558
672
425
708
Module:2	RCU:2	branch:1	card:4
444
720
668
732
666
725
657
717
608
721
693
727
699
602
706
584
541
736
541
741
538
739
540
731
742
766
741
748
736
767
738
768
Module:2	RCU:2	branch:1	card:3
471
498
463
493
453
537
481
537
501
532
507
525
504
516
502
676
563
505
536
501
526
511
602
508
476
511
475
513
471
505
460
539
Module:2	RCU:2	branch:1	card:2
621
602
626
556
633
615
628
659
661
574
643
565
591
547
599
578
515
632
601
611
570
542
556
508
621
566
611
606
550
539
473
521
Module:2	RCU:2	branch:1	card:1
554
583
631
471
482
480
483
601
689
661
686
449
626
458
630
538
635
560
678
438
676
448
630
448
688
456
663
450
618
476
408
708
Module:2	RCU:2	branch:0	card:14
575
651
498
558
646
582
626
543
561
544
573
621
534
640
653
568
623
578
623
581
616
532
608
528
573
523
576
521
578
520
578
517
Module:2	RCU:2	branch:0	card:13
661
537
638
526
573
608
596
630
582
543
625
566
613
530
551
576
466
703
712
706
709
717
706
611
707
608
708
608
472
606
703
610
Module:2	RCU:2	branch:0	card:12
690
713
699
641
697
625
772
640
697
647
660
753
768
719
720
675
663
455
661
490
651
498
516
501
518
503
556
711
550
715
544
718
Module:2	RCU:2	branch:0	card:11
713
633
748
701
740
685
735
696
718
759
733
752
741
663
737
656
678
682
688
685
700
685
695
684
693
681
694
676
698
540
670
556
Module:2	RCU:2	branch:0	card:10
601
555
601
556
536
665
538
673
618
732
590
723
545
711
589
678
689
635
660
655
656
671
661
668
663
701
663
638
639
641
648
635
Module:2	RCU:2	branch:0	card:9
688
585
691
659
766
571
771
649
713
574
708
647
641
596
578
646
628
623
626
633
626
637
631
541
651
543
543
541
542
541
569
558
Module:2	RCU:2	branch:0	card:8
691
776
757
683
646
628
663
696
731
770
731
700
721
625
716
626
706
601
646
628
650
625
704
700
688
609
693
600
609
601
602
600
Module:2	RCU:2	branch:0	card:7
673
687
660
678
755
754
750
756
776
671
748
446
753
731
726
733
598
449
576
456
580
653
448
646
451
655
458
643
661
688
437
682
Module:2	RCU:2	branch:0	card:6
688
726
650
717
603
655
643
521
649
714
701
773
718
772
773
733
691
569
703
591
708
594
711
593
628
642
579
577
483
542
583
563
Module:2	RCU:2	branch:0	card:5
738
629
722
686
708
584
598
621
634
651
698
671
702
681
594
548
745
683
659
682
655
679
645
673
675
670
683
667
685
667
683
690
Module:2	RCU:2	branch:0	card:4
763
718
843
708
737
724
747
736
761
790
768
810
786
816
758
760
603
733
815
736
801
726
709
721
707
716
700
708
720
736
730
736
Module:2	RCU:2	branch:0	card:3
835
768
843
775
798
811
806
771
791
778
830
753
785
761
792
762
761
748
757
718
751
756
764
768
778
781
784
798
786
803
778
808
Module:2	RCU:2	branch:0	card:2
608
821
611
816
583
836
626
825
535
815
526
822
638
794
636
791
561
614
618
633
633
630
642
628
642
623
644
621
647
619
633
619
Module:2	RCU:2	branch:0	card:1
488
603
413
420
586
496
485
588
491
561
453
558
393
516
516
463
449
441
590
558
530
559
531
555
543
571
552
658
593
622
617
577
Module:2	RCU:1	branch:1	card:14
516
501
535
580
573
589
601
505
531
515
533
511
600
568
526
501
603
546
618
561
716
575
608
546
605
606
656
606
659
603
488
603
Module:2	RCU:1	branch:1	card:13
616
642
795
725
778
762
703
733
674
566
596
805
600
786
682
827
565
728
562
741
739
618
738
628
646
534
631
702
528
716
596
720
Module:2	RCU:1	branch:1	card:12
550
697
638
723
726
825
846
663
724
694
590
651
577
648
628
639
688
658
677
646
670
676
688
670
715
698
636
670
639
485
642
489
Module:2	RCU:1	branch:1	card:11
706
751
731
633
623
628
673
615
724
661
774
661
741
646
636
633
721
535
611
716
756
796
713
728
736
696
772
711
714
801
730
731
Module:2	RCU:1	branch:1	card:10
612
663
755
755
774
776
757
706
769
611
717
696
738
774
671
693
631
711
756
691
743
781
706
603
606
756
613
681
611
551
743
636
Module:2	RCU:1	branch:1	card:9
823
815
731
725
746
813
791
805
782
760
793
643
796
680
794
754
596
756
609
693
716
716
796
773
773
757
573
611
789
646
741
525
Module:2	RCU:1	branch:1	card:8
668
828
651
800
679
800
662
762
700
784
691
786
704
845
610
813
640
590
559
566
606
645
631
624
618
600
643
652
645
598
626
640
Module:2	RCU:1	branch:1	card:7
565
616
564
532
580
532
511
543
546
530
685
538
518
525
550
541
651
621
644
603
593
653
617
663
591
575
665
618
658
616
588
726
Module:2	RCU:1	branch:1	card:6
571
643
632
637
508
647
503
651
626
682
511
673
495
675
635
662
718
680
713
676
716
671
728
687
728
678
728
623
731
616
724
620
Module:2	RCU:1	branch:1	card:5
600
655
606
648
629
566
621
568
638
540
625
556
737
538
746
554
710
555
750
591
720
707
666
702
730
701
603
691
551
715
562
716
Module:2	RCU:1	branch:1	card:4
629
695
616
611
625
618
663
586
682
591
743
578
671
586
641
606
771
701
656
730
653
703
666
725
683
678
681
704
731
678
701
698
Module:2	RCU:1	branch:1	card:3
586
620
606
586
647
635
651
456
603
486
586
476
607
508
640
506
590
766
707
768
731
776
753
779
751
751
740
757
760
758
748
780
Module:2	RCU:1	branch:1	card:2
633
658
621
578
566
593
615
603
671
601
671
585
693
647
622
611
654
578
641
588
623
588
636
606
623
608
616
613
621
601
551
601
Module:2	RCU:1	branch:1	card:1
693
566
568
560
715
738
708
721
660
656
669
730
703
623
638
584
678
715
599
616
690
638
683
623
724
551
703
635
716
628
608
648
Module:2	RCU:1	branch:0	card:14
658
583
426
652
650
606
619
631
518
716
716
660
456
444
407
574
658
568
650
569
628
605
646
697
651
671
670
691
662
545
559
615
Module:2	RCU:1	branch:0	card:13
571
648
511
635
577
706
641
476
708
576
682
721
501
483
465
645
596
568
593
531
604
575
602
651
593
656
572
528
567
656
565
536
Module:2	RCU:1	branch:0	card:12
628
468
612
583
655
582
658
608
671
523
668
618
669
618
548
540
696
725
694
730
693
735
691
730
688
711
599
759
602
523
721
595
Module:2	RCU:1	branch:0	card:11
631
676
686
706
675
700
691
716
696
716
537
608
679
626
698
646
735
657
738
661
741
665
748
671
754
781
758
773
677
708
663
698
Module:2	RCU:1	branch:0	card:10
555
735
533
705
696
743
736
738
736
748
726
661
732
666
716
651
796
716
801
716
793
712
796
706
793
700
791
680
718
717
716
727
Module:2	RCU:1	branch:0	card:9
548
510
549
573
540
603
523
504
572
466
568
500
548
536
777
511
628
763
631
756
636
746
641
725
781
755
774
782
767
786
764
791
Module:2	RCU:1	branch:0	card:8
438
611
650
504
616
508
611
438
670
451
673
421
655
596
616
581
598
643
671
643
668
556
669
639
531
505
560
688
568
611
643
625
Module:2	RCU:1	branch:0	card:7
666
646
645
696
691
483
685
586
665
583
692
661
710
665
685
682
527
606
533
573
628
579
626
583
617
588
611
588
613
587
613
592
Module:2	RCU:1	branch:0	card:6
613
690
678
686
652
636
680
626
673
661
628
621
621
636
616
643
758
524
746
561
571
560
562
561
558
493
551
494
532
483
528
496
Module:2	RCU:1	branch:0	card:5
563
648
621
581
633
606
643
636
645
665
606
661
649
643
596
605
771
676
774
689
776
712
756
726
695
723
761
742
768
733
772
728
Module:2	RCU:1	branch:0	card:4
601
474
588
475
593
502
619
506
610
528
616
501
434
538
455
538
781
693
782
747
733
742
722
739
800
761
790
758
786
767
703
766
Module:2	RCU:1	branch:0	card:3
671
705
661
699
668
703
655
550
626
528
663
553
690
588
703
593
675
608
726
643
728
785
704
773
596
785
572
711
626
787
619
768
Module:2	RCU:1	branch:0	card:2
485
506
647
521
513
524
490
500
510
438
412
639
621
666
504
640
706
636
724
645
719
628
702
633
651
665
668
649
675
661
696
698
Module:2	RCU:1	branch:0	card:1
615
431
601
726
612
550
605
463
683
506
613
598
611
535
608
598
505
721
721
716
735
721
746
722
761
698
756
709
707
716
701
641
Module:2	RCU:0	branch:1	card:14
670
691
666
712
541
693
714
676
718
563
674
683
673
684
689
680
654
567
660
686
648
621
736
725
580
635
670
558
658
701
616
611
Module:2	RCU:0	branch:1	card:13
703
645
686
717
758
750
748
755
717
718
593
597
650
623
759
688
695
678
702
735
652
721
663
753
634
748
599
735
708
746
700
675
Module:2	RCU:0	branch:1	card:12
748
651
746
676
632
666
708
690
654
684
700
698
701
693
660
710
542
721
531
751
595
733
572
743
555
706
727
720
677
687
671
696
Module:2	RCU:0	branch:1	card:11
688
701
753
725
575
723
578
745
599
724
725
625
736
746
717
682
589
672
620
607
556
591
650
588
559
676
617
675
581
566
570
601
Module:2	RCU:0	branch:1	card:10
836
797
740
730
773
758
662
572
721
806
738
748
828
780
750
803
675
654
741
668
746
565
593
553
591
615
677
548
678
553
590
608
Module:2	RCU:0	branch:1	card:9
785
746
598
837
731
688
576
775
729
766
781
598
776
825
726
741
488
615
486
626
488
630
588
622
641
663
629
649
658
671
640
646
Module:2	RCU:0	branch:1	card:8
572
608
633
813
618
820
646
703
648
721
630
572
616
744
821
783
466
450
528
586
488
590
590
591
586
420
424
436
476
440
471
446
Module:2	RCU:0	branch:1	card:7
686
628
618
593
663
663
621
638
771
611
596
618
665
802
640
793
496
571
496
465
551
491
552
495
469
501
505
588
506
585
540
561
Module:2	RCU:0	branch:1	card:6
740
680
750
668
765
672
764
782
656
677
675
651
670
688
676
684
456
458
459
496
478
478
483
551
488
531
526
520
529
468
528
505
Module:2	RCU:0	branch:1	card:5
553
838
583
828
598
819
596
806
583
845
591
828
568
809
573
755
595
494
593
488
616
537
560
507
587
501
564
425
554
423
451
421
Module:2	RCU:0	branch:1	card:4
631
516
816
793
786
536
605
548
811
548
615
549
566
575
538
564
568
591
562
528
589
618
626
525
630
518
646
600
626
610
595
563
Module:2	RCU:0	branch:1	card:3
583
685
679
688
655
621
691
653
565
625
692
595
606
688
663
588
656
657
651
673
643
651
653
678
661
670
661
646
738
683
673
745
Module:2	RCU:0	branch:1	card:2
517
628
656
642
646
581
410
655
565
594
633
556
589
659
546
648
710
756
608
731
696
736
696
746
706
620
732
596
728
621
754
618
Module:2	RCU:0	branch:1	card:1
559
615
516
501
535
580
573
589
601
505
531
515
533
511
600
568
526
501
603
546
618
561
716
575
608
546
605
606
656
606
659
603
Module:2	RCU:0	branch:0	card:14
495
481
528
521
587
482
516
517
453
476
575
531
515
491
521
441
788
752
733
756
729
751
750
748
740
741
729
701
776
716
753
679
Module:2	RCU:0	branch:0	card:13
531
551
522
551
531
590
567
550
561
581
549
587
552
587
553
581
766
778
768
676
788
801
780
798
775
788
771
785
771
778
761
780
Module:2	RCU:0	branch:0	card:12
615
611
601
611
612
636
605
636
598
638
613
709
611
626
608
632
665
738
681
740
681
738
660
433
715
756
698
748
733
746
726
732
Module:2	RCU:0	branch:0	card:11
443
673
624
663
632
659
642
603
646
588
648
578
658
516
655
592
642
616
623
621
646
641
688
678
618
658
690
643
697
680
658
763
Module:2	RCU:0	branch:0	card:10
651
692
665
462
446
671
658
461
445
730
646
413
678
411
670
413
801
793
796
777
791
744
817
781
773
766
786
756
751
658
727
681
Module:2	RCU:0	branch:0	card:9
641
652
635
645
501
550
506
558
565
640
574
430
591
658
611
440
829
785
803
783
821
788
748
802
768
763
783
763
760
775
815
808
Module:2	RCU:0	branch:0	card:8
558
594
711
585
565
623
619
505
518
511
525
587
566
584
597
601
497
827
539
813
759
823
754
806
518
820
738
801
789
823
828
835
Module:2	RCU:0	branch:0	card:7
508
608
493
536
543
548
623
523
481
601
475
520
532
491
526
553
782
817
791
791
816
805
816
836
808
827
789
806
758
488
828
631
Module:2	RCU:0	branch:0	card:6
552
463
650
427
654
477
513
473
521
506
616
446
698
436
423
476
718
776
745
771
751
765
753
790
756
753
743
781
721
796
736
801
Module:2	RCU:0	branch:0	card:5
633
536
501
665
501
677
493
526
670
531
553
516
530
521
546
560
583
528
533
513
546
563
574
618
574
624
565
656
536
656
532
656
Module:2	RCU:0	branch:0	card:4
626
625
598
595
595
583
566
592
592
633
571
601
484
490
453
486
661
705
701
713
683
686
681
731
681
731
705
753
705
738
706
696
Module:2	RCU:0	branch:0	card:3
461
646
528
560
456
553
540
458
671
462
641
661
418
671
660
616
611
525
604
533
583
636
631
635
632
632
621
623
557
551
551
553
Module:2	RCU:0	branch:0	card:2
671
733
666
726
668
721
671
473
690
507
596
705
710
497
717
508
466
591
513
590
486
547
505
539
521
558
516
578
509
571
549
558
Module:2	RCU:0	branch:0	card:1
442
659
658
583
426
652
650
606
619
631
518
716
716
660
456
444
407
574
658
568
650
569
628
605
646
697
651
671
670
691
662
545
