Module:2	RCU:3	branch:1	card:14
606
446
457
455
458
576
664
636
661
424
601
433
605
513
610
535
653
413
651
423
605
423
663
431
638
425
593
451
383
683
394
687
Module:2	RCU:3	branch:1	card:13
452
464
440
456
482
452
483
546
516
548
536
550
564
550
453
549
584
581
640
682
618
631
613
648
573
641
664
626
671
610
633
650
Module:2	RCU:3	branch:1	card:12
497
516
529
531
528
483
510
487
503
494
501
505
503
451
508
452
547
562
562
538
556
598
583
661
535
668
555
410
516
599
540
598
Module:2	RCU:3	branch:1	card:11
555
477
576
472
566
471
556
472
556
475
566
481
576
492
594
499
503
539
523
532
508
405
533
523
518
527
556
541
548
515
546
550
Module:2	RCU:3	branch:1	card:10
416
608
585
592
581
635
581
625
549
625
598
633
616
638
606
575
452
496
456
479
459
486
465
478
461
481
469
468
493
480
493
498
Module:2	RCU:3	branch:1	card:9
741
443
750
448
702
502
713
424
721
418
723
425
710
441
738
411
452
576
556
521
547
576
564
561
553
408
559
436
582
441
563
431
Module:2	RCU:3	branch:1	card:8
601
661
651
670
653
675
666
698
676
743
701
742
694
713
640
716
439
467
577
466
531
432
498
516
478
542
477
516
435
494
496
509
Module:2	RCU:3	branch:1	card:7
638
656
628
678
610
617
602
611
611
666
638
655
631
677
678
681
533
481
506
441
480
427
585
645
448
498
451
491
538
465
496
462
Module:2	RCU:3	branch:1	card:6
575
569
573
633
568
622
546
603
666
606
528
603
531
633
564
629
691
451
667
408
676
521
530
528
516
454
490
458
499
461
458
406
Module:2	RCU:3	branch:1	card:5
493
581
495
586
495
593
521
463
408
557
408
541
454
533
454
532
628
663
661
708
668
685
641
676
706
681
677
681
646
705
674
696
Module:2	RCU:3	branch:1	card:4
533
645
545
629
556
593
577
583
603
570
611
485
580
494
615
493
595
575
608
696
636
683
658
658
598
692
524
693
701
606
657
647
Module:2	RCU:3	branch:1	card:3
411
686
421
683
430
658
590
648
627
553
652
656
670
664
666
505
577
610
588
531
636
626
623
612
615
611
624
561
603
615
558
625
Module:2	RCU:3	branch:1	card:2
578
546
583
548
583
499
576
551
561
550
505
472
518
440
534
428
501
528
513
591
503
551
496
504
523
565
540
643
579
598
541
588
Module:2	RCU:3	branch:1	card:1
519
512
443
547
475
536
484
526
486
437
513
472
521
474
513
479
701
605
706
679
571
669
650
606
661
676
586
590
656
471
701
510
Module:2	RCU:3	branch:0	card:14
388
395
561
471
460
563
466
536
428
533
368
491
491
438
424
416
565
533
505
534
506
530
518
546
527
633
568
597
592
552
529
558
Module:2	RCU:3	branch:0	card:13
463
516
648
427
645
428
602
446
606
395
608
688
438
675
511
665
551
592
596
731
605
731
727
641
708
646
647
603
550
596
485
583
Module:2	RCU:3	branch:0	card:12
428
551
592
561
454
603
446
595
568
468
423
678
582
607
463
606
593
734
573
606
662
640
666
618
625
534
620
680
705
619
710
565
Module:2	RCU:3	branch:0	card:11
501
526
518
477
510
556
421
547
481
470
536
558
501
454
536
439
686
687
728
738
738
641
625
635
609
613
581
564
593
711
681
656
Module:2	RCU:3	branch:0	card:10
710
516
666
681
625
598
526
588
610
566
566
508
583
518
771
523
661
543
508
663
598
626
671
712
633
632
651
600
523
603
586
688
Module:2	RCU:3	branch:0	card:9
519
735
556
558
503
769
450
751
587
656
478
758
728
486
625
626
648
611
616
608
620
630
535
590
613
604
688
678
677
690
623
560
Module:2	RCU:3	branch:0	card:8
561
478
633
498
633
558
713
511
611
533
493
527
576
548
582
541
640
633
572
661
530
661
653
628
596
606
632
626
546
575
559
551
Module:2	RCU:3	branch:0	card:7
660
602
608
609
683
713
676
696
585
588
585
529
536
533
546
633
496
536
501
457
598
576
508
526
496
648
448
695
508
660
516
586
Module:2	RCU:3	branch:0	card:6
516
625
580
636
570
615
706
656
698
648
683
601
687
650
656
593
563
461
478
472
426
554
541
423
470
420
558
486
449
412
428
535
Module:2	RCU:3	branch:0	card:5
471
527
599
521
598
569
473
578
631
523
491
558
625
555
588
558
579
561
582
571
458
581
644
591
561
600
551
579
541
584
525
467
Module:2	RCU:3	branch:0	card:4
695
659
636
650
628
630
621
551
613
599
730
576
719
562
706
448
611
636
601
636
591
633
580
632
609
554
619
573
627
578
633
578
Module:2	RCU:3	branch:0	card:3
716
682
668
675
661
617
661
606
601
601
543
583
698
713
690
503
631
602
618
598
635
601
646
603
654
593
656
616
657
618
648
618
Module:2	RCU:3	branch:0	card:2
684
649
513
723
731
653
723
645
663
641
673
651
671
632
642
710
543
529
565
522
523
633
633
526
528
641
528
648
530
650
532
648
Module:2	RCU:3	branch:0	card:1
579
558
577
691
498
682
511
701
578
711
565
684
574
676
467
679
467
558
476
553
480
454
478
456
468
405
478
506
503
525
560
535
Module:2	RCU:2	branch:1	card:14
504
630
563
623
571
620
589
610
593
585
594
563
598
517
643
509
495
443
521
463
462
704
443
585
715
721
566
579
506
551
505
562
Module:2	RCU:2	branch:1	card:13
428
678
448
670
481
691
640
684
647
678
651
672
655
677
671
689
425
443
424
440
523
511
538
538
659
675
693
513
497
503
475
464
Module:2	RCU:2	branch:1	card:12
576
543
486
553
565
591
561
448
553
438
541
433
495
432
537
430
693
482
436
428
423
541
698
712
531
485
478
418
493
413
696
683
Module:2	RCU:2	branch:1	card:11
697
498
493
461
490
460
491
463
516
465
524
466
520
469
500
476
548
548
541
601
543
603
588
611
560
520
584
668
601
496
592
696
Module:2	RCU:2	branch:1	card:10
737
672
753
688
759
706
760
703
756
700
755
694
751
690
616
691
546
527
553
556
401
548
513
586
523
568
536
574
508
566
535
583
Module:2	RCU:2	branch:1	card:9
541
694
428
734
438
743
450
745
454
745
449
745
723
743
714
740
475
500
499
489
495
482
509
471
501
490
518
496
511
688
520
503
Module:2	RCU:2	branch:1	card:8
721
486
723
469
723
514
725
518
617
528
632
538
498
542
498
540
574
449
416
481
408
468
436
450
428
488
465
498
461
505
481
480
Module:2	RCU:2	branch:1	card:7
638
646
640
656
668
658
671
658
663
650
663
641
668
631
677
718
688
600
578
576
546
539
508
603
643
572
571
541
568
539
571
604
Module:2	RCU:2	branch:1	card:6
583
596
583
681
573
685
561
684
558
541
553
561
603
573
602
581
684
541
678
541
680
629
542
626
542
679
626
536
626
544
598
626
Module:2	RCU:2	branch:1	card:5
576
620
655
623
431
628
589
593
575
603
591
614
611
613
617
600
738
671
740
678
466
650
594
651
528
653
523
678
533
647
400
683
Module:2	RCU:2	branch:1	card:4
419
695
643
707
641
700
632
692
583
696
668
702
674
577
681
559
516
711
516
716
513
714
515
706
717
741
716
723
711
742
713
743
Module:2	RCU:2	branch:1	card:3
446
473
438
468
428
512
456
512
476
507
482
500
479
491
477
651
538
480
511
476
501
486
577
483
451
486
450
488
446
480
435
514
Module:2	RCU:2	branch:1	card:2
596
577
601
531
608
590
603
634
636
549
618
540
566
522
574
553
490
607
576
586
545
517
531
483
596
541
586
581
525
514
448
496
Module:2	RCU:2	branch:1	card:1
529
558
606
446
457
455
458
576
664
636
661
424
601
433
605
513
610
535
653
413
651
423
605
423
663
431
638
425
593
451
383
683
Module:2	RCU:2	branch:0	card:14
550
626
473
533
621
557
601
518
536
519
548
596
509
615
628
543
598
553
598
556
591
507
583
503
548
498
551
496
553
495
553
492
Module:2	RCU:2	branch:0	card:13
636
512
613
501
548
583
571
605
557
518
600
541
588
505
526
551
441
678
687
681
684
692
681
586
682
583
683
583
447
581
678
585
Module:2	RCU:2	branch:0	card:12
665
688
674
616
672
600
747
615
672
622
635
728
743
694
695
650
638
430
636
465
626
473
491
476
493
478
531
686
525
690
519
693
Module:2	RCU:2	branch:0	card:11
688
608
723
676
715
660
710
671
693
734
708
727
716
638
712
631
653
657
663
660
675
660
670
659
668
656
669
651
673
515
645
531
Module:2	RCU:2	branch:0	card:10
576
530
576
531
511
640
513
648
593
707
565
698
520
686
564
653
664
610
635
630
631
646
636
643
638
676
638
613
614
616
623
610
Module:2	RCU:2	branch:0	card:9
663
560
666
634
741
546
746
624
688
549
683
622
616
571
553
621
603
598
601
608
601
612
606
516
626
518
518
516
517
516
544
533
Module:2	RCU:2	branch:0	card:8
666
751
732
658
621
603
638
671
706
745
706
675
696
600
691
601
681
576
621
603
625
600
679
675
663
584
668
575
584
576
577
575
Module:2	RCU:2	branch:0	card:7
648
662
635
653
730
729
725
731
751
646
723
421
728
706
701
708
573
424
551
431
555
628
423
621
426
630
433
618
636
663
412
657
Module:2	RCU:2	branch:0	card:6
663
701
625
692
578
630
618
496
624
689
676
748
693
747
748
708
666
544
678
566
683
569
686
568
603
617
554
552
458
517
558
538
Module:2	RCU:2	branch:0	card:5
713
604
697
661
683
559
573
596
609
626
673
646
677
656
569
523
720
658
634
657
630
654
620
648
650
645
658
642
660
642
658
665
Module:2	RCU:2	branch:0	card:4
738
693
818
683
712
699
722
711
736
765
743
785
761
791
733
735
578
708
790
711
776
701
684
696
682
691
675
683
695
711
705
711
Module:2	RCU:2	branch:0	card:3
810
743
818
750
773
786
781
746
766
753
805
728
760
736
767
737
736
723
732
693
726
731
739
743
753
756
759
773
761
778
753
783
Module:2	RCU:2	branch:0	card:2
583
796
586
791
558
811
601
800
510
790
501
797
613
769
611
766
536
589
593
608
608
605
617
603
617
598
619
596
622
594
608
594
Module:2	RCU:2	branch:0	card:1
463
578
388
395
561
471
460
563
466
536
428
533
368
491
491
438
424
416
565
533
505
534
506
530
518
546
527
633
568
597
592
552
Module:2	RCU:1	branch:1	card:14
491
476
510
555
548
564
576
480
506
490
508
486
575
543
501
476
578
521
593
536
691
550
583
521
580
581
631
581
634
578
463
578
Module:2	RCU:1	branch:1	card:13
591
617
770
700
753
737
678
708
649
541
571
780
575
761
657
802
540
703
537
716
714
593
713
603
621
509
606
677
503
691
571
695
Module:2	RCU:1	branch:1	card:12
525
672
613
698
701
800
821
638
699
669
565
626
552
623
603
614
663
633
652
621
645
651
663
645
690
673
611
645
614
460
617
464
Module:2	RCU:1	branch:1	card:11
681
726
706
608
598
603
648
590
699
636
749
636
716
621
611
608
696
510
586
691
731
771
688
703
711
671
747
686
689
776
705
706
Module:2	RCU:1	branch:1	card:10
587
638
730
730
749
751
732
681
744
586
692
671
713
749
646
668
606
686
731
666
718
756
681
578
581
731
588
656
586
526
718
611
Module:2	RCU:1	branch:1	card:9
798
790
706
700
721
788
766
780
757
735
768
618
771
655
769
729
571
731
584
668
691
691
771
748
748
732
548
586
764
621
716
500
Module:2	RCU:1	branch:1	card:8
643
803
626
775
654
775
637
737
675
759
666
761
679
820
585
788
615
565
534
541
581
620
606
599
593
575
618
627
620
573
601
615
Module:2	RCU:1	branch:1	card:7
540
591
539
507
555
507
486
518
521
505
660
513
493
500
525
516
626
596
619
578
568
628
592
638
566
550
640
593
633
591
563
701
Module:2	RCU:1	branch:1	card:6
546
618
607
612
483
622
478
626
601
657
486
648
470
650
610
637
693
655
688
651
691
646
703
662
703
653
703
598
706
591
699
595
Module:2	RCU:1	branch:1	card:5
575
630
581
623
604
541
596
543
613
515
600
531
712
513
721
529
685
530
725
566
695
682
641
677
705
676
578
666
526
690
537
691
Module:2	RCU:1	branch:1	card:4
604
670
591
586
600
593
638
561
657
566
718
553
646
561
616
581
746
676
631
705
628
678
641
700
658
653
656
679
706
653
676
673
Module:2	RCU:1	branch:1	card:3
561
595
581
561
622
610
626
431
578
461
561
451
582
483
615
481
565
741
682
743
706
751
728
754
726
726
715
732
735
733
723
755
Module:2	RCU:1	branch:1	card:2
608
633
596
553
541
568
590
578
646
576
646
560
668
622
597
586
629
553
616
563
598
563
611
581
598
583
591
588
596
576
526
576
Module:2	RCU:1	branch:1	card:1
668
541
543
535
690
713
683
696
635
631
644
705
678
598
613
559
653
690
574
591
665
613
658
598
699
526
678
610
691
603
583
623
Module:2	RCU:1	branch:0	card:14
633
558
401
627
625
581
594
606
493
691
691
635
431
419
382
549
633
543
625
544
603
580
621
672
626
646
645
666
637
520
534
590
Module:2	RCU:1	branch:0	card:13
546
623
486
610
552
681
616
451
683
551
657
696
476
458
440
620
571
543
568
506
579
550
577
626
568
631
547
503
542
631
540
511
Module:2	RCU:1	branch:0	card:12
603
443
587
558
630
557
633
583
646
498
643
593
644
593
523
515
671
700
669
705
668
710
666
705
663
686
574
734
577
498
696
570
Module:2	RCU:1	branch:0	card:11
606
651
661
681
650
675
666
691
671
691
512
583
654
601
673
621
710
632
713
636
716
640
723
646
729
756
733
748
652
683
638
673
Module:2	RCU:1	branch:0	card:10
530
710
508
680
671
718
711
713
711
723
701
636
707
641
691
626
771
691
776
691
768
687
771
681
768
675
766
655
693
692
691
702
Module:2	RCU:1	branch:0	card:9
523
485
524
548
515
578
498
479
547
441
543
475
523
511
752
486
603
738
606
731
611
721
616
700
756
730
749
757
742
761
739
766
Module:2	RCU:1	branch:0	card:8
413
586
625
479
591
483
586
413
645
426
648
396
630
571
591
556
573
618
646
618
643
531
644
614
506
480
535
663
543
586
618
600
Module:2	RCU:1	branch:0	card:7
641
621
620
671
666
458
660
561
640
558
667
636
685
640
660
657
502
581
508
548
603
554
601
558
592
563
586
563
588
562
588
567
Module:2	RCU:1	branch:0	card:6
588
665
653
661
627
611
655
601
648
636
603
596
596
611
591
618
733
499
721
536
546
535
537
536
533
468
526
469
507
458
503
471
Module:2	RCU:1	branch:0	card:5
538
623
596
556
608
581
618
611
620
640
581
636
624
618
571
580
746
651
749
664
751
687
731
701
670
698
736
717
743
708
747
703
Module:2	RCU:1	branch:0	card:4
576
449
563
450
568
477
594
481
585
503
591
476
409
513
430
513
756
668
757
722
708
717
697
714
775
736
765
733
761
742
678
741
Module:2	RCU:1	branch:0	card:3
646
680
636
674
643
678
630
525
601
503
638
528
665
563
678
568
650
583
701
618
703
760
679
748
571
760
547
686
601
762
594
743
Module:2	RCU:1	branch:0	card:2
460
481
622
496
488
499
465
475
485
413
387
614
596
641
479
615
681
611
699
620
694
603
677
608
626
640
643
624
650
636
671
673
Module:2	RCU:1	branch:0	card:1
590
406
576
701
587
525
580
438
658
481
588
573
586
510
583
573
480
696
696
691
710
696
721
697
736
673
731
684
682
691
676
616
Module:2	RCU:0	branch:1	card:14
645
666
641
687
516
668
689
651
693
538
649
658
648
659
664
655
629
542
635
661
623
596
711
700
555
610
645
533
633
676
591
586
Module:2	RCU:0	branch:1	card:13
678
620
661
692
733
725
723
730
692
693
568
572
625
598
734
663
670
653
677
710
627
696
638
728
609
723
574
710
683
721
675
650
Module:2	RCU:0	branch:1	card:12
723
626
721
651
607
641
683
665
629
659
675
673
676
668
635
685
517
696
506
726
570
708
547
718
530
681
702
695
652
662
646
671
Module:2	RCU:0	branch:1	card:11
663
676
728
700
550
698
553
720
574
699
700
600
711
721
692
657
564
647
595
582
531
566
625
563
534
651
592
650
556
541
545
576
Module:2	RCU:0	branch:1	card:10
811
772
715
705
748
733
637
547
696
781
713
723
803
755
725
778
650
629
716
643
721
540
568
528
566
590
652
523
653
528
565
583
Module:2	RCU:0	branch:1	card:9
760
721
573
812
706
663
551
750
704
741
756
573
751
800
701
716
463
590
461
601
463
605
563
597
616
638
604
624
633
646
615
621
Module:2	RCU:0	branch:1	card:8
547
583
608
788
593
795
621
678
623
696
605
547
591
719
796
758
441
425
503
561
463
565
565
566
561
395
399
411
451
415
446
421
Module:2	RCU:0	branch:1	card:7
661
603
593
568
638
638
596
613
746
586
571
593
640
777
615
768
471
546
471
440
526
466
527
470
444
476
480
563
481
560
515
536
Module:2	RCU:0	branch:1	card:6
715
655
725
643
740
647
739
757
631
652
650
626
645
663
651
659
431
433
434
471
453
453
458
526
463
506
501
495
504
443
503
480
Module:2	RCU:0	branch:1	card:5
528
813
558
803
573
794
571
781
558
820
566
803
543
784
548
730
570
469
568
463
591
512
535
482
562
476
539
400
529
398
426
396
Module:2	RCU:0	branch:1	card:4
606
491
791
768
761
511
580
523
786
523
590
524
541
550
513
539
543
566
537
503
564
593
601
500
605
493
621
575
601
585
570
538
Module:2	RCU:0	branch:1	card:3
558
660
654
663
630
596
666
628
540
600
667
570
581
663
638
563
631
632
626
648
618
626
628
653
636
645
636
621
713
658
648
720
Module:2	RCU:0	branch:1	card:2
492
603
631
617
621
556
385
630
540
569
608
531
564
634
521
623
685
731
583
706
671
711
671
721
681
595
707
571
703
596
729
593
Module:2	RCU:0	branch:1	card:1
534
590
491
476
510
555
548
564
576
480
506
490
508
486
575
543
501
476
578
521
593
536
691
550
583
521
580
581
631
581
634
578
Module:2	RCU:0	branch:0	card:14
470
456
503
496
562
457
491
492
428
451
550
506
490
466
496
416
763
727
708
731
704
726
725
723
715
716
704
676
751
691
728
654
Module:2	RCU:0	branch:0	card:13
506
526
497
526
506
565
542
525
536
556
524
562
527
562
528
556
741
753
743
651
763
776
755
773
750
763
746
760
746
753
736
755
Module:2	RCU:0	branch:0	card:12
590
586
576
586
587
611
580
611
573
613
588
684
586
601
583
607
640
713
656
715
656
713
635
408
690
731
673
723
708
721
701
707
Module:2	RCU:0	branch:0	card:11
418
648
599
638
607
634
617
578
621
563
623
553
633
491
630
567
617
591
598
596
621
616
663
653
593
633
665
618
672
655
633
738
Module:2	RCU:0	branch:0	card:10
626
667
640
437
421
646
633
436
420
705
621
388
653
386
645
388
776
768
771
752
766
719
792
756
748
741
761
731
726
633
702
656
Module:2	RCU:0	branch:0	card:9
616
627
610
620
476
525
481
533
540
615
549
405
566
633
586
415
804
760
778
758
796
763
723
777
743
738
758
738
735
750
790
783
Module:2	RCU:0	branch:0	card:8
533
569
686
560
540
598
594
480
493
486
500
562
541
559
572
576
472
802
514
788
734
798
729
781
493
795
713
776
764
798
803
810
Module:2	RCU:0	branch:0	card:7
483
583
468
511
518
523
598
498
456
576
450
495
507
466
501
528
757
792
766
766
791
780
791
811
783
802
764
781
733
463
803
606
Module:2	RCU:0	branch:0	card:6
527
438
625
402
629
452
488
448
496
481
591
421
673
411
398
451
693
751
720
746
726
740
728
765
731
728
718
756
696
771
711
776
Module:2	RCU:0	branch:0	card:5
608
511
476
640
476
652
468
501
645
506
528
491
505
496
521
535
558
503
508
488
521
538
549
593
549
599
540
631
511
631
507
631
Module:2	RCU:0	branch:0	card:4
601
600
573
570
570
558
541
567
567
608
546
576
459
465
428
461
636
680
676
688
658
661
656
706
656
706
680
728
680
713
681
671
Module:2	RCU:0	branch:0	card:3
436
621
503
535
431
528
515
433
646
437
616
636
393
646
635
591
586
500
579
508
558
611
606
610
607
607
596
598
532
526
526
528
Module:2	RCU:0	branch:0	card:2
646
708
641
701
643
696
646
448
665
482
571
680
685
472
692
483
441
566
488
565
461
522
480
514
496
533
491
553
484
546
524
533
Module:2	RCU:0	branch:0	card:1
417
634
633
558
401
627
625
581
594
606
493
691
691
635
431
419
382
549
633
543
625
544
603
580
621
672
626
646
645
666
637
520
