Module:1	RCU:0	branch:0	card:5
512
512
512
512
512
512
512
512
512
512
512
512
512
512
512
512
512
512
512
512
512
512
512
512
512
512
512
512
512
512
512
512
Module:1	RCU:0	branch:0	card:6
512
512
512
512
512
512
512
512
512
512
512
512
512
512
512
512
512
512
512
512
512
512
512
512
512
512
512
512
512
512
512
512
Module:1	RCU:0	branch:0	card:7
512
512
512
512
512
512
512
512
512
512
512
512
512
512
512
512
512
512
512
512
512
512
512
512
512
512
512
512
512
512
512
512
Module:1	RCU:0	branch:0	card:13
512
512
512
512
512
512
512
512
512
512
512
512
512
512
512
512
512
512
512
512
512
512
512
512
512
512
512
512
512
512
512
512
Module:1	RCU:0	branch:1	card:5
512
512
512
512
512
512
512
512
512
512
512
512
512
512
512
512
512
512
512
512
512
512
512
512
512
512
512
512
512
512
512
512
Module:1	RCU:1	branch:0	card:5
512
512
512
512
512
512
512
512
512
512
512
512
512
512
512
512
512
512
512
512
512
512
512
512
512
512
512
512
512
512
512
512
Module:1	RCU:1	branch:0	card:6
512
512
512
512
512
512
512
512
512
512
512
512
512
512
512
512
512
512
512
512
512
512
512
512
512
512
512
512
512
512
512
512
Module:1	RCU:1	branch:0	card:12
512
512
512
512
512
512
512
512
512
512
512
512
512
512
512
512
512
512
512
512
512
512
512
512
512
512
512
512
512
512
512
512
Module:1	RCU:1	branch:1	card:3
512
512
512
512
512
512
512
512
512
512
512
512
512
512
512
512
512
512
512
512
512
512
512
512
512
512
512
512
512
512
512
512
Module:1	RCU:1	branch:1	card:5
512
512
512
512
512
512
512
512
512
512
512
512
512
512
512
512
512
512
512
512
512
512
512
512
512
512
512
512
512
512
512
512
Module:2	RCU:0	branch:0	card:1
916
996
926
966
921
993
925
991
922
991
843
920
839
901
962
975
935
812
937
826
940
833
942
841
939
848
968
801
971
853
830
850
Module:2	RCU:0	branch:0	card:2
841
998
980
998
968
965
961
981
965
983
983
984
984
996
993
998
832
867
831
922
826
888
833
895
815
895
846
888
854
889
860
875
Module:2	RCU:0	branch:0	card:3
886
716
882
707
880
711
729
702
726
693
726
698
755
756
731
781
1002
678
916
947
939
946
907
945
923
948
937
949
948
931
952
939
Module:2	RCU:0	branch:0	card:4
851
905
915
910
912
895
897
867
879
889
897
895
902
894
902
893
880
927
871
923
883
920
912
925
928
907
932
909
934
905
932
910
Module:2	RCU:0	branch:0	card:5
794
801
805
794
818
775
827
747
832
770
827
852
817
833
808
791
853
889
873
891
884
886
891
801
897
873
897
926
894
908
893
896
Module:2	RCU:0	branch:0	card:6
865
863
865
822
868
849
875
863
879
870
880
871
879
864
874
857
848
761
853
907
914
895
857
876
857
865
854
855
849
834
772
843
Module:2	RCU:0	branch:0	card:7
833
832
838
811
846
796
860
814
860
821
853
836
849
843
840
867
810
861
806
847
766
832
774
810
873
801
874
812
874
823
867
837
Module:2	RCU:0	branch:0	card:8
755
842
771
832
781
822
781
814
775
814
761
804
754
781
749
792
963
820
959
808
952
797
832
783
837
781
834
793
830
802
827
808
Module:2	RCU:0	branch:0	card:9
713
806
695
806
703
795
754
781
776
769
783
767
789
737
801
746
638
971
647
967
638
967
705
958
855
946
979
958
969
957
974
958
Module:2	RCU:0	branch:0	card:10
873
701
881
717
884
731
879
744
727
739
717
746
691
732
736
724
703
633
707
707
728
679
665
650
694
632
830
662
675
673
677
676
Module:2	RCU:0	branch:0	card:11
893
892
904
881
911
873
911
863
899
837
905
851
902
853
900
861
785
843
791
845
800
843
805
845
772
843
845
835
836
776
843
703
Module:2	RCU:0	branch:0	card:12
869
801
869
810
869
808
857
813
841
827
831
848
830
855
828
854
811
766
805
744
803
760
797
767
795
768
797
769
796
774
786
780
Module:2	RCU:0	branch:0	card:13
840
768
840
765
815
774
796
792
786
893
791
883
788
871
768
875
682
630
649
641
698
631
696
623
658
822
663
632
662
629
656
754
Module:2	RCU:0	branch:0	card:14
797
718
790
851
767
851
748
849
739
811
742
826
713
830
721
834
679
823
633
823
658
690
667
825
643
826
687
829
728
832
819
819
Module:2	RCU:0	branch:1	card:1
879
891
754
892
827
915
936
752
878
900
980
933
924
890
861
763
724
623
730
793
729
806
726
818
725
821
725
702
651
817
625
805
Module:2	RCU:0	branch:1	card:2
360
360
360
360
360
360
360
360
360
360
360
360
360
360
360
360
800
792
790
783
761
775
774
774
779
769
789
764
712
722
797
758
Module:2	RCU:0	branch:1	card:3
861
899
946
813
749
783
714
670
819
928
783
885
723
914
918
693
669
758
671
764
670
764
722
758
738
750
740
743
748
709
750
720
Module:2	RCU:0	branch:1	card:4
960
873
870
960
720
751
814
707
799
782
816
782
755
703
741
962
707
698
793
698
763
697
848
697
821
690
677
661
692
664
698
666
Module:2	RCU:0	branch:1	card:5
771
969
933
844
905
732
742
748
714
716
761
740
810
821
781
739
728
667
760
809
771
761
872
832
801
831
787
779
847
855
912
901
Module:2	RCU:0	branch:1	card:6
767
833
792
910
902
890
875
704
824
749
890
714
755
663
935
808
813
719
713
775
741
763
792
854
938
811
808
808
865
875
701
893
Module:2	RCU:0	branch:1	card:7
773
786
938
940
839
850
888
871
863
852
718
783
912
910
886
885
938
947
846
932
942
826
930
895
924
713
895
722
922
804
889
854
Module:2	RCU:0	branch:1	card:8
702
731
891
896
795
838
954
886
670
832
854
867
870
726
841
888
938
928
837
805
911
885
686
675
820
764
737
748
820
879
844
937
Module:2	RCU:0	branch:1	card:9
838
844
747
757
915
918
857
874
801
779
903
918
816
867
823
845
924
849
898
930
831
934
948
931
873
910
894
906
905
915
920
865
Module:2	RCU:0	branch:1	card:10
711
730
771
775
729
666
683
828
632
811
826
797
761
818
800
844
885
921
869
867
877
922
933
862
870
884
826
888
848
911
875
746
Module:2	RCU:0	branch:1	card:11
779
808
832
827
794
766
746
768
773
733
719
632
638
743
769
814
977
908
958
891
959
789
886
854
900
849
915
829
785
834
923
859
Module:2	RCU:0	branch:1	card:12
734
768
691
823
808
802
839
799
778
739
786
745
756
723
708
691
929
974
921
954
933
958
920
954
921
915
962
962
905
920
901
907
Module:2	RCU:0	branch:1	card:13
872
729
931
693
931
790
917
839
899
785
667
810
720
698
755
761
961
926
970
927
981
926
983
914
972
951
886
890
942
936
935
940
Module:2	RCU:0	branch:1	card:14
905
884
880
931
913
933
926
912
874
886
869
876
861
855
854
884
935
952
931
967
927
976
947
987
947
974
968
961
957
959
957
943
Module:2	RCU:1	branch:0	card:1
690
802
678
795
740
792
724
778
666
743
664
761
822
782
811
793
749
783
741
782
738
768
734
760
728
875
696
728
704
716
718
758
Module:2	RCU:1	branch:0	card:2
736
698
718
713
702
707
700
674
698
741
678
685
761
694
685
698
708
718
714
697
731
670
735
700
744
704
651
663
646
672
642
676
Module:2	RCU:1	branch:0	card:3
899
723
891
692
890
703
889
714
891
729
891
739
730
887
764
769
939
946
928
934
912
921
884
856
905
894
920
912
930
926
924
931
Module:2	RCU:1	branch:0	card:4
883
912
872
912
873
729
873
888
869
867
868
883
863
885
911
891
865
936
847
949
830
823
837
833
854
845
868
863
878
874
881
925
Module:2	RCU:1	branch:0	card:5
837
784
837
803
839
813
843
818
840
823
837
899
830
891
808
889
829
867
807
857
802
774
780
779
775
817
820
904
907
898
890
884
Module:2	RCU:1	branch:0	card:6
795
756
799
878
800
868
792
855
785
859
775
854
751
922
743
838
628
819
654
803
685
797
703
755
738
869
858
851
848
853
839
844
Module:2	RCU:1	branch:0	card:7
742
827
701
834
723
841
705
838
687
817
899
820
818
1023
818
798
674
627
639
650
720
681
750
760
744
746
716
714
748
755
792
825
Module:2	RCU:1	branch:0	card:8
770
767
717
712
775
758
777
755
785
755
791
747
796
713
768
744
662
797
721
764
795
831
739
651
792
712
675
717
676
776
715
826
Module:2	RCU:1	branch:0	card:9
868
727
914
686
906
678
697
727
699
658
701
662
693
764
737
771
801
674
897
670
867
759
686
684
693
661
699
651
643
685
680
680
Module:2	RCU:1	branch:0	card:10
857
836
881
875
901
889
935
936
928
932
924
896
906
888
860
875
791
767
865
853
890
878
868
873
829
857
728
697
747
650
807
645
Module:2	RCU:1	branch:0	card:11
942
895
940
913
933
921
918
928
908
923
897
927
879
916
889
880
649
638
661
778
834
757
844
739
749
709
681
736
687
757
719
813
Module:2	RCU:1	branch:0	card:12
910
850
885
860
878
870
873
875
863
943
853
911
838
937
838
933
817
644
773
766
779
777
740
770
736
739
711
729
698
703
677
692
Module:2	RCU:1	branch:0	card:13
904
892
903
909
911
870
876
857
921
847
917
832
818
837
906
926
837
911
897
808
837
818
829
920
917
860
897
869
801
922
911
881
Module:2	RCU:1	branch:0	card:14
709
802
869
842
871
833
870
710
875
802
865
799
857
790
848
918
870
884
861
789
828
824
853
843
915
790
904
802
808
876
849
1023
Module:2	RCU:1	branch:1	card:1
910
904
896
860
889
925
910
922
913
928
883
879
848
840
834
873
983
885
961
829
913
959
876
916
841
852
968
984
999
962
758
957
Module:2	RCU:1	branch:1	card:2
863
863
845
906
893
892
887
901
925
925
936
846
867
852
834
844
815
788
911
1023
1018
1023
939
975
755
889
886
859
813
803
864
989
Module:2	RCU:1	branch:1	card:3
733
755
845
823
694
716
783
795
818
850
720
862
839
826
713
810
850
811
821
922
854
1009
938
951
1023
993
894
899
820
837
858
855
Module:2	RCU:1	branch:1	card:4
697
684
776
833
647
753
738
802
816
848
831
749
737
824
857
736
892
903
884
884
758
821
777
857
724
977
695
918
827
922
817
868
Module:2	RCU:1	branch:1	card:5
754
677
868
806
660
640
761
763
787
782
814
838
767
688
870
850
692
808
843
865
840
887
886
764
770
780
728
730
689
693
814
844
Module:2	RCU:1	branch:1	card:6
783
805
772
757
701
715
805
809
666
679
762
769
852
632
772
757
781
795
769
734
640
825
678
846
861
802
833
743
802
771
848
735
Module:2	RCU:1	branch:1	card:7
848
852
816
732
697
738
729
660
646
684
698
652
641
630
818
795
954
796
956
762
846
730
761
714
737
855
687
832
832
811
879
870
Module:2	RCU:1	branch:1	card:8
677
678
745
679
711
659
643
628
901
833
787
693
661
669
767
666
911
972
970
957
957
951
940
869
925
858
933
914
935
970
967
974
Module:2	RCU:1	branch:1	card:9
831
862
780
747
869
894
739
707
723
658
628
673
704
885
805
760
826
941
900
930
886
937
895
947
881
944
835
984
949
965
947
958
Module:2	RCU:1	branch:1	card:10
901
891
901
895
903
900
895
905
878
908
889
743
884
624
885
884
760
792
797
912
917
827
935
895
834
889
861
884
861
907
762
899
Module:2	RCU:1	branch:1	card:11
824
865
839
908
834
913
831
915
835
922
841
916
849
912
836
905
858
934
937
909
646
971
958
931
959
860
910
872
862
935
934
905
Module:2	RCU:1	branch:1	card:12
786
884
785
880
789
873
788
867
893
861
878
858
884
864
883
865
815
892
792
913
869
937
846
911
961
969
889
960
965
960
944
909
Module:2	RCU:1	branch:1	card:13
859
843
856
841
852
815
837
808
813
806
825
811
828
803
838
780
925
916
937
911
867
901
811
779
808
957
947
954
829
817
803
932
Module:2	RCU:1	branch:1	card:14
896
947
881
803
902
725
889
823
878
974
877
877
724
874
893
801
818
878
910
858
942
851
856
833
796
785
895
805
888
870
883
921
Module:2	RCU:2	branch:0	card:1
818
881
888
931
848
912
863
917
1019
997
1008
884
820
886
970
792
859
839
810
930
908
910
891
845
837
842
811
808
738
725
861
878
Module:2	RCU:2	branch:0	card:2
783
852
888
1015
847
781
867
830
889
915
863
968
810
974
820
997
995
938
957
806
982
881
937
905
722
905
711
837
696
763
996
880
Module:2	RCU:2	branch:0	card:3
717
751
780
773
857
790
828
853
712
752
815
722
755
682
858
822
961
945
984
757
783
730
740
928
724
969
739
910
930
786
975
703
Module:2	RCU:2	branch:0	card:4
805
785
819
756
783
725
725
677
811
818
794
851
780
884
880
722
873
823
914
757
925
960
966
788
845
749
909
686
821
932
875
954
Module:2	RCU:2	branch:0	card:5
828
837
900
824
921
785
902
878
780
779
760
753
723
803
685
681
910
821
793
864
870
890
893
922
905
921
939
878
883
886
899
912
Module:2	RCU:2	branch:0	card:6
873
834
855
914
847
875
892
893
922
871
890
838
876
939
937
844
907
911
930
918
851
860
852
876
967
910
884
932
948
944
883
902
Module:2	RCU:2	branch:0	card:7
936
952
942
920
929
935
929
844
912
895
917
928
947
907
913
884
964
955
870
869
913
915
841
772
864
869
889
892
929
966
925
905
Module:2	RCU:2	branch:0	card:8
702
813
810
768
768
873
870
945
771
955
737
892
697
942
842
926
942
937
845
848
819
820
797
805
772
737
742
741
984
932
965
925
Module:2	RCU:2	branch:0	card:9
740
700
697
701
659
843
810
806
797
792
870
873
776
771
739
731
801
978
771
944
972
845
939
828
842
794
826
774
801
958
953
958
Module:2	RCU:2	branch:0	card:10
738
735
739
733
701
661
658
657
810
799
785
790
864
878
772
774
958
935
949
959
840
822
821
821
796
805
775
773
797
820
982
811
Module:2	RCU:2	branch:0	card:11
730
753
728
729
698
696
657
654
837
844
797
806
756
758
760
776
969
905
874
879
974
949
915
922
905
897
963
973
936
938
970
894
Module:2	RCU:2	branch:0	card:12
852
910
840
896
903
887
890
931
942
920
911
913
818
863
849
764
962
969
957
922
901
902
854
360
930
939
895
895
981
986
943
932
Module:2	RCU:2	branch:0	card:13
922
931
892
878
843
828
837
896
893
874
884
929
814
928
918
908
918
994
958
963
942
965
926
930
912
912
856
841
948
952
891
914
Module:2	RCU:2	branch:0	card:14
917
923
920
934
848
858
818
930
902
905
915
870
896
895
933
933
888
869
855
948
808
920
779
927
739
958
1021
948
932
933
911
907
Module:2	RCU:2	branch:1	card:1
800
755
848
856
891
901
813
826
776
761
836
775
823
765
911
818
935
917
944
942
932
918
903
809
777
804
821
821
872
873
902
802
Module:2	RCU:2	branch:1	card:2
907
937
940
942
920
940
886
926
992
910
933
903
915
951
904
958
858
840
887
871
907
899
899
909
884
852
876
811
860
797
826
849
Module:2	RCU:2	branch:1	card:3
884
874
862
838
865
896
945
920
954
919
876
991
887
994
891
985
750
742
740
747
725
734
699
680
693
689
852
747
822
773
712
787
Module:2	RCU:2	branch:1	card:4
978
951
973
978
967
928
987
687
962
733
922
744
982
746
980
743
821
822
783
796
775
762
854
828
698
704
793
839
768
806
810
727
Module:2	RCU:2	branch:1	card:5
987
761
813
784
725
786
777
770
786
799
780
852
813
919
739
914
939
937
878
925
892
921
905
917
910
873
921
881
908
869
924
777
Module:2	RCU:2	branch:1	card:6
809
850
785
802
825
837
843
851
856
858
855
858
821
858
823
943
625
629
711
894
729
862
762
847
781
915
891
917
763
901
854
886
Module:2	RCU:2	branch:1	card:7
941
886
867
874
888
927
925
755
773
795
791
672
939
921
931
936
808
821
886
817
905
843
895
864
887
857
868
844
832
818
843
750
Module:2	RCU:2	branch:1	card:8
843
902
904
721
760
791
802
858
802
669
664
945
939
946
951
821
878
865
932
900
923
832
839
892
869
874
879
854
885
838
858
834
Module:2	RCU:2	branch:1	card:9
909
831
742
853
787
955
946
884
874
856
839
927
908
923
768
923
813
736
805
704
784
790
758
817
804
704
825
750
737
747
752
844
Module:2	RCU:2	branch:1	card:10
708
699
818
922
862
921
717
896
939
885
886
870
920
925
827
932
836
774
859
806
861
811
852
794
834
772
808
776
781
775
757
794
Module:2	RCU:2	branch:1	card:11
815
825
755
755
863
905
864
916
716
719
724
794
793
842
821
864
983
978
880
960
961
721
948
932
965
910
885
887
810
852
947
823
Module:2	RCU:2	branch:1	card:12
800
788
933
913
717
769
904
881
923
907
667
765
825
710
828
797
976
724
813
753
765
918
776
917
940
941
829
937
939
962
969
955
Module:2	RCU:2	branch:1	card:13
825
833
856
857
884
882
899
950
754
757
835
858
759
995
764
980
853
806
818
849
783
878
942
904
944
920
896
921
870
800
817
722
Module:2	RCU:2	branch:1	card:14
957
947
931
971
958
995
981
997
1019
981
1000
946
990
925
968
900
920
909
834
927
959
949
818
960
938
932
923
926
900
900
874
885
Module:2	RCU:3	branch:0	card:1
974
734
713
917
739
867
737
930
786
910
818
874
808
891
690
938
991
964
985
1015
887
888
832
858
832
786
822
978
743
983
1015
1005
Module:2	RCU:3	branch:0	card:2
978
692
990
768
916
803
915
926
769
746
788
784
819
756
747
815
1011
985
973
995
864
856
880
851
838
826
827
818
782
787
849
879
Module:2	RCU:3	branch:0	card:3
939
988
962
947
992
933
963
942
942
979
975
985
965
913
983
784
1023
999
974
975
1020
998
881
870
858
831
812
823
792
792
1023
822
Module:2	RCU:3	branch:0	card:4
911
858
852
865
863
885
840
867
877
951
1005
993
994
977
919
966
998
965
997
958
988
983
990
973
990
968
990
968
995
944
993
1015
Module:2	RCU:3	branch:0	card:5
974
903
988
901
860
848
878
850
840
804
805
896
801
1009
994
1000
941
923
939
928
938
915
939
916
954
915
958
895
951
999
900
995
Module:2	RCU:3	branch:0	card:6
861
886
874
871
878
850
855
839
873
886
890
887
821
829
842
847
889
864
891
858
893
845
900
833
900
816
876
914
843
917
865
933
Module:2	RCU:3	branch:0	card:7
796
837
920
879
814
866
881
854
863
817
827
759
780
712
723
842
832
797
804
688
696
784
795
875
805
850
806
827
805
863
800
876
Module:2	RCU:3	branch:0	card:8
787
891
691
825
804
768
892
803
886
792
764
686
714
840
787
795
838
802
837
785
836
763
834
797
751
671
677
717
828
733
814
714
Module:2	RCU:3	branch:0	card:9
752
832
826
744
732
734
739
821
798
878
885
925
854
813
733
778
687
730
768
711
734
766
685
766
687
768
771
743
758
714
728
733
Module:2	RCU:3	branch:0	card:10
908
942
933
891
910
979
978
952
942
657
973
996
981
932
949
841
1023
1011
934
1023
971
1023
981
958
999
1004
1003
989
1023
766
1023
765
Module:2	RCU:3	branch:0	card:11
993
965
938
935
910
909
978
975
847
956
1005
959
1009
1003
954
965
932
979
979
981
966
1020
942
1023
1023
1020
1023
1023
950
1023
951
1023
Module:2	RCU:3	branch:0	card:12
928
900
950
991
998
981
921
912
936
932
914
915
961
949
960
996
959
937
876
974
786
992
998
1001
869
1004
826
939
903
934
954
895
Module:2	RCU:3	branch:0	card:13
857
826
777
783
897
857
857
786
802
881
889
907
896
998
881
977
942
808
891
809
855
912
864
913
1023
896
963
861
843
833
776
794
Module:2	RCU:3	branch:0	card:14
875
915
927
868
829
817
809
884
708
838
852
832
827
934
926
918
863
906
746
817
709
886
730
876
836
858
908
707
825
717
915
735
Module:2	RCU:3	branch:1	card:1
839
834
918
894
1009
939
1010
961
947
970
948
855
936
854
912
854
765
752
735
779
833
811
862
847
916
873
922
873
846
874
782
890
Module:2	RCU:3	branch:1	card:2
982
975
1003
978
792
769
765
802
823
861
930
856
951
833
968
888
897
716
761
682
792
740
827
773
863
808
876
820
873
946
874
852
Module:2	RCU:3	branch:1	card:3
888
889
891
711
896
728
837
771
859
784
850
793
876
794
891
766
849
848
707
837
728
693
756
718
814
742
818
752
825
770
850
797
Module:2	RCU:3	branch:1	card:4
810
955
827
819
754
805
780
665
785
718
796
712
783
908
819
825
845
774
848
744
699
729
798
655
763
670
773
802
792
790
787
758
Module:2	RCU:3	branch:1	card:5
819
754
672
851
651
821
688
879
724
918
923
740
759
764
763
754
632
692
625
683
807
642
708
686
675
702
694
745
736
978
725
957
Module:2	RCU:3	branch:1	card:6
892
932
864
955
795
810
854
989
917
977
904
973
918
950
922
974
927
910
891
842
870
902
923
955
967
986
989
972
967
945
943
924
Module:2	RCU:3	branch:1	card:7
993
995
1000
1008
1016
1004
1000
991
980
979
975
928
968
925
987
855
886
906
847
871
807
834
862
845
979
900
960
934
954
959
941
984
Module:2	RCU:3	branch:1	card:8
892
937
948
957
1010
977
937
1003
934
1010
927
866
916
798
846
868
842
858
800
780
798
830
879
874
917
958
968
867
994
981
863
360
Module:2	RCU:3	branch:1	card:9
952
899
953
785
964
912
991
928
1009
961
875
990
840
969
826
670
965
795
818
949
854
744
895
956
947
768
854
787
974
927
987
790
Module:2	RCU:3	branch:1	card:10
802
951
870
891
862
902
893
911
862
946
848
970
824
983
793
713
954
904
933
800
928
879
813
831
921
868
746
780
904
881
749
817
Module:2	RCU:3	branch:1	card:11
704
812
839
827
854
857
865
895
877
879
903
852
854
829
851
808
872
858
834
877
865
892
881
899
899
864
799
897
841
844
914
852
Module:2	RCU:3	branch:1	card:12
819
927
779
946
768
926
813
885
849
880
861
738
868
775
887
920
947
759
841
939
822
828
796
842
828
867
802
880
927
874
784
848
Module:2	RCU:3	branch:1	card:13
803
951
814
889
822
890
718
861
760
754
795
769
774
743
942
787
799
360
840
850
844
865
834
911
876
901
880
812
862
800
820
841
Module:2	RCU:3	branch:1	card:14
968
882
806
819
924
935
945
951
956
959
958
948
957
757
977
968
938
952
867
951
850
975
864
843
903
872
926
917
922
930
891
567
