Module:2	 RCU:0	 branch:0	 card:1
742
959
958
883
0
0
950
906
919
931
0
0
1016
960
756
744
0
0
958
868
950
869
0
0
946
997
951
971
0
0
962
845
Module:2	 RCU:0	 branch:0	 card:2
971
1023
966
1023
0
0
971
773
990
807
0
0
1010
797
1017
808
0
0
813
890
786
847
0
0
821
858
816
878
0
0
849
858
Module:2	 RCU:0	 branch:0	 card:3
761
946
828
860
0
0
840
758
971
762
0
0
718
971
960
916
0
0
904
833
883
936
0
0
932
932
921
923
0
0
851
853
Module:2	 RCU:0	 branch:0	 card:4
926
925
898
895
0
0
866
892
892
933
0
0
784
790
753
786
0
0
1001
1013
983
986
0
0
981
1023
1005
1023
0
0
1006
996
Module:2	 RCU:0	 branch:0	 card:5
933
836
801
965
0
0
793
826
970
831
0
0
830
821
846
860
0
0
833
813
846
863
0
0
874
924
865
956
0
0
832
956
Module:2	 RCU:0	 branch:0	 card:6
852
763
950
727
0
0
813
773
821
806
0
0
998
736
723
776
0
0
1023
1023
1023
1023
0
0
1023
1023
1023
1023
0
0
1023
1023
Module:2	 RCU:0	 branch:0	 card:7
808
908
793
836
0
0
923
823
781
901
0
0
832
791
826
853
0
0
1023
1023
1023
1023
0
0
1023
1023
1023
1023
0
0
1023
931
Module:2	 RCU:0	 branch:0	 card:8
858
894
1011
885
0
0
919
805
818
811
0
0
866
884
897
901
0
0
839
1023
1023
1023
0
0
818
1023
1023
1023
0
0
1023
1023
Module:2	 RCU:0	 branch:0	 card:9
941
952
935
945
0
0
806
858
865
940
0
0
891
958
911
740
0
0
1023
1023
1023
1023
0
0
1023
1023
1023
1023
0
0
1023
1023
Module:2	 RCU:0	 branch:0	 card:10
951
992
965
762
0
0
958
761
745
1023
0
0
978
711
970
713
0
0
1023
1023
1023
1023
0
0
1023
1023
1023
1023
0
0
1023
981
Module:2	 RCU:0	 branch:0	 card:11
743
973
924
963
0
0
942
903
946
888
0
0
958
816
955
892
0
0
923
921
946
941
0
0
918
958
990
943
0
0
958
1023
Module:2	 RCU:0	 branch:0	 card:12
915
911
901
911
0
0
905
936
898
938
0
0
911
926
908
932
0
0
981
1023
981
1023
0
0
1015
1023
998
1023
0
0
1023
1023
Module:2	 RCU:0	 branch:0	 card:13
831
851
822
851
0
0
867
850
861
881
0
0
852
887
853
881
0
0
1023
976
1023
1023
0
0
1023
1023
1023
1023
0
0
1023
1023
Module:2	 RCU:0	 branch:0	 card:14
795
781
828
821
0
0
816
817
753
776
0
0
815
791
821
741
0
0
1023
1023
1023
1023
0
0
1023
1023
1023
1001
0
0
1023
979
Module:2	 RCU:0	 branch:1	 card:1
859
915
0
0
835
880
873
889
0
0
831
815
833
811
0
0
826
801
903
846
0
0
1016
875
908
846
0
0
956
906
959
903
Module:2	 RCU:0	 branch:1	 card:2
817
928
0
0
946
881
710
955
0
0
933
856
889
959
0
0
1010
1023
908
1023
0
0
996
1023
1006
920
0
0
1023
921
1023
918
Module:2	 RCU:0	 branch:1	 card:3
883
985
0
0
955
921
991
953
0
0
992
895
906
988
0
0
956
957
951
973
0
0
953
978
961
970
0
0
1023
983
973
1023
Module:2	 RCU:0	 branch:1	 card:4
931
816
0
0
1023
836
905
848
0
0
915
849
866
875
0
0
868
891
862
828
0
0
926
825
930
818
0
0
926
910
895
863
Module:2	 RCU:0	 branch:1	 card:5
853
1023
0
0
898
1023
896
1023
0
0
891
1023
868
1023
0
0
895
794
893
788
0
0
860
807
887
801
0
0
854
723
751
721
Module:2	 RCU:0	 branch:1	 card:6
1023
980
0
0
1023
972
1023
1023
0
0
975
951
970
988
0
0
756
758
759
796
0
0
783
851
788
831
0
0
829
768
828
805
Module:2	 RCU:0	 branch:1	 card:7
986
928
0
0
963
963
921
938
0
0
896
918
965
1023
0
0
796
871
796
765
0
0
852
795
769
801
0
0
806
885
840
861
Module:2	 RCU:0	 branch:1	 card:8
872
908
0
0
918
1023
946
1003
0
0
930
872
916
1023
0
0
766
750
828
886
0
0
890
891
886
720
0
0
776
740
771
746
Module:2	 RCU:0	 branch:1	 card:9
1023
1023
0
0
1023
988
876
1023
0
0
1023
898
1023
1023
0
0
788
915
786
926
0
0
888
922
941
963
0
0
958
971
940
946
Module:2	 RCU:0	 branch:1	 card:10
1023
1023
0
0
1023
1023
962
872
0
0
1023
1023
1023
1023
0
0
975
954
1023
968
0
0
893
853
891
915
0
0
978
853
890
908
Module:2	 RCU:0	 branch:1	 card:11
988
1001
0
0
875
1023
878
1023
0
0
1023
925
1023
1023
0
0
889
972
920
907
0
0
950
888
859
976
0
0
881
866
870
901
Module:2	 RCU:0	 branch:1	 card:12
1023
951
0
0
932
966
1008
990
0
0
1000
998
1001
993
0
0
842
1021
831
1023
0
0
872
1023
855
1006
0
0
977
987
971
996
Module:2	 RCU:0	 branch:1	 card:13
1003
945
0
0
1023
1023
1023
1023
0
0
893
897
950
923
0
0
995
978
1002
1023
0
0
963
1023
934
1023
0
0
1008
1023
1000
975
Module:2	 RCU:0	 branch:1	 card:14
970
991
0
0
841
993
1014
976
0
0
974
983
973
984
0
0
954
867
960
986
0
0
1023
1023
880
935
0
0
958
1001
916
911
Module:2	 RCU:1	 branch:0	 card:1
915
731
901
1023
0
0
905
763
983
806
0
0
911
835
908
898
0
0
1021
1016
1023
1021
0
0
1023
998
1023
1009
0
0
1001
941
Module:2	 RCU:1	 branch:0	 card:2
785
806
947
821
0
0
790
800
810
738
0
0
921
966
804
940
0
0
1023
945
1019
928
0
0
951
965
968
949
0
0
996
998
Module:2	 RCU:1	 branch:0	 card:3
971
1005
961
999
0
0
955
850
926
828
0
0
990
888
1003
893
0
0
1023
943
1023
1023
0
0
896
1023
872
1011
0
0
919
1023
Module:2	 RCU:1	 branch:0	 card:4
901
774
888
775
0
0
919
806
910
828
0
0
734
838
755
838
0
0
1023
1023
1023
1023
0
0
1023
1023
1023
1023
0
0
1003
1023
Module:2	 RCU:1	 branch:0	 card:5
863
948
921
881
0
0
943
936
945
965
0
0
949
943
896
905
0
0
1023
989
1023
1012
0
0
995
1023
1023
1023
0
0
1023
1023
Module:2	 RCU:1	 branch:0	 card:6
913
990
978
986
0
0
980
926
973
961
0
0
921
936
916
943
0
0
1023
861
871
860
0
0
858
793
851
794
0
0
828
796
Module:2	 RCU:1	 branch:0	 card:7
966
946
945
996
0
0
985
886
965
883
0
0
1010
965
985
982
0
0
833
873
928
879
0
0
917
888
911
888
0
0
913
892
Module:2	 RCU:1	 branch:0	 card:8
738
911
950
804
0
0
911
738
970
751
0
0
955
896
916
881
0
0
971
943
968
856
0
0
831
805
860
988
0
0
943
925
Module:2	 RCU:1	 branch:0	 card:9
848
810
849
873
0
0
823
804
872
766
0
0
848
836
1023
811
0
0
931
1023
936
1023
0
0
1023
1023
1023
1023
0
0
1023
1023
Module:2	 RCU:1	 branch:0	 card:10
855
1023
833
1005
0
0
1023
1023
1023
1023
0
0
1023
966
1016
951
0
0
1023
1016
1023
1012
0
0
1023
1000
1023
980
0
0
1016
1023
Module:2	 RCU:1	 branch:0	 card:11
931
976
986
1006
0
0
991
1016
996
1016
0
0
979
926
998
946
0
0
1023
961
1023
965
0
0
1023
1023
1023
1023
0
0
963
998
Module:2	 RCU:1	 branch:0	 card:12
928
768
912
883
0
0
958
908
971
823
0
0
969
918
848
840
0
0
994
1023
993
1023
0
0
988
1011
899
1023
0
0
1021
895
Module:2	 RCU:1	 branch:0	 card:13
871
948
811
935
0
0
941
776
1008
876
0
0
801
783
765
945
0
0
893
831
904
875
0
0
893
956
872
828
0
0
865
836
Module:2	 RCU:1	 branch:0	 card:14
958
883
726
952
0
0
919
931
818
1016
0
0
756
744
707
874
0
0
950
869
928
905
0
0
951
971
970
991
0
0
859
915
Module:2	 RCU:1	 branch:1	 card:1
993
866
0
0
1015
1023
1008
1021
0
0
969
1023
1003
923
0
0
978
1015
899
916
0
0
983
923
1023
851
0
0
1016
928
908
948
Module:2	 RCU:1	 branch:1	 card:2
933
958
0
0
866
893
915
903
0
0
971
885
993
947
0
0
954
878
941
888
0
0
936
906
923
908
0
0
921
901
851
901
Module:2	 RCU:1	 branch:1	 card:3
886
920
0
0
947
935
951
756
0
0
886
776
907
808
0
0
890
1023
1007
1023
0
0
1023
1023
1023
1023
0
0
1023
1023
1023
1023
Module:2	 RCU:1	 branch:1	 card:4
929
995
0
0
925
918
963
886
0
0
1023
878
971
886
0
0
1023
1001
956
1023
0
0
966
1023
983
978
0
0
1023
978
1001
998
Module:2	 RCU:1	 branch:1	 card:5
900
955
0
0
929
866
921
868
0
0
925
856
1023
838
0
0
1010
855
1023
891
0
0
966
1002
1023
1001
0
0
851
1015
862
1016
Module:2	 RCU:1	 branch:1	 card:6
871
943
0
0
808
947
803
951
0
0
811
973
795
975
0
0
1018
980
1013
976
0
0
1023
987
1023
978
0
0
1023
916
1023
920
Module:2	 RCU:1	 branch:1	 card:7
865
916
0
0
880
832
811
843
0
0
985
838
818
825
0
0
951
921
944
903
0
0
917
963
891
875
0
0
958
916
888
1023
Module:2	 RCU:1	 branch:1	 card:8
968
1023
0
0
979
1023
962
1023
0
0
991
1023
1004
1023
0
0
940
890
859
866
0
0
931
924
918
900
0
0
945
898
926
940
Module:2	 RCU:1	 branch:1	 card:9
1023
1023
0
0
1023
1023
1023
1023
0
0
1023
943
1023
980
0
0
896
1023
909
993
0
0
1023
1023
1023
1023
0
0
1023
946
1023
825
Module:2	 RCU:1	 branch:1	 card:10
912
963
0
0
1023
1023
1023
1006
0
0
1017
996
1023
1023
0
0
931
1011
1023
991
0
0
1006
903
906
1023
0
0
911
851
1023
936
Module:2	 RCU:1	 branch:1	 card:11
1006
1023
0
0
923
928
973
915
0
0
1023
961
1023
946
0
0
1021
835
911
1016
0
0
1013
1023
1023
996
0
0
1014
1023
1023
1023
Module:2	 RCU:1	 branch:1	 card:12
850
997
0
0
1023
1023
1023
963
0
0
890
951
877
948
0
0
988
958
977
946
0
0
988
970
1015
998
0
0
939
785
942
789
Module:2	 RCU:1	 branch:1	 card:13
916
942
0
0
1023
1023
1003
1023
0
0
896
1023
900
1023
0
0
865
1023
862
1023
0
0
1023
928
946
834
0
0
828
1016
896
1020
Module:2	 RCU:1	 branch:1	 card:14
816
801
0
0
873
889
901
805
0
0
833
811
900
868
0
0
903
846
918
861
0
0
908
846
905
906
0
0
959
903
788
903
Module:2	 RCU:2	 branch:0	 card:1
0
0
713
720
886
796
0
0
791
861
753
858
0
0
816
763
749
741
0
0
830
859
831
855
0
0
852
958
893
922
0
0
Module:2	 RCU:2	 branch:0	 card:2
0
0
911
1023
883
1023
0
0
835
1023
826
1023
0
0
936
1023
861
914
0
0
933
930
942
928
0
0
944
921
947
919
0
0
Module:2	 RCU:2	 branch:0	 card:3
0
0
1023
1023
1023
1023
0
0
1023
1023
1023
1023
0
0
1023
1023
1023
1023
0
0
1023
1023
1023
1023
0
0
1023
1023
1023
1023
0
0
Module:2	 RCU:2	 branch:0	 card:4
0
0
1023
1008
1023
1023
0
0
1023
1023
1023
1023
0
0
1023
1023
903
1023
0
0
1023
1023
1009
1021
0
0
1000
1008
1020
1023
0
0
Module:2	 RCU:2	 branch:0	 card:5
0
0
1022
986
1008
884
0
0
934
951
998
971
0
0
894
848
1023
983
0
0
955
979
945
973
0
0
983
967
985
967
0
0
Module:2	 RCU:2	 branch:0	 card:6
0
0
950
1017
903
955
0
0
949
1014
1001
1023
0
0
1023
1023
991
869
0
0
1008
894
1011
893
0
0
879
877
783
842
0
0
Module:2	 RCU:2	 branch:0	 card:7
0
0
960
978
1023
1023
0
0
1023
971
1023
746
0
0
1023
1023
898
749
0
0
880
953
748
946
0
0
758
943
961
988
0
0
Module:2	 RCU:2	 branch:0	 card:8
0
0
1023
983
946
928
0
0
1023
1023
1023
1000
0
0
1016
926
1006
901
0
0
950
925
1004
1000
0
0
993
900
909
901
0
0
Module:2	 RCU:2	 branch:0	 card:9
0
0
991
959
1023
871
0
0
1013
874
1008
947
0
0
878
946
928
923
0
0
926
937
931
841
0
0
843
841
842
841
0
0
Module:2	 RCU:2	 branch:0	 card:10
0
0
901
856
836
965
0
0
918
1023
890
1023
0
0
889
978
989
935
0
0
956
971
961
968
0
0
963
938
939
941
0
0
Module:2	 RCU:2	 branch:0	 card:11
0
0
1023
1001
1023
985
0
0
1018
1023
1023
1023
0
0
1023
956
978
982
0
0
1000
985
995
984
0
0
994
976
998
840
0
0
Module:2	 RCU:2	 branch:0	 card:12
0
0
999
941
997
925
0
0
997
947
960
1023
0
0
1020
975
963
755
0
0
951
798
816
801
0
0
856
1011
850
1015
0
0
Module:2	 RCU:2	 branch:0	 card:13
0
0
938
826
873
908
0
0
882
843
925
866
0
0
851
876
766
1003
0
0
1009
1017
1006
911
0
0
1008
908
772
906
0
0
Module:2	 RCU:2	 branch:0	 card:14
0
0
798
858
946
882
0
0
861
844
873
921
0
0
953
868
923
878
0
0
916
832
908
828
0
0
876
821
878
820
0
0
Module:2	 RCU:2	 branch:1	 card:1
854
883
931
771
0
0
783
901
989
961
0
0
926
758
930
838
0
0
978
738
976
748
0
0
988
756
963
750
0
0
708
1008
Module:2	 RCU:2	 branch:1	 card:2
921
902
926
856
0
0
928
959
961
874
0
0
891
847
899
878
0
0
901
911
870
842
0
0
921
866
911
906
0
0
773
821
Module:2	 RCU:2	 branch:1	 card:3
771
798
763
793
0
0
781
837
801
832
0
0
804
816
802
976
0
0
836
801
826
811
0
0
776
811
775
813
0
0
760
839
Module:2	 RCU:2	 branch:1	 card:4
744
1020
968
1023
0
0
957
1017
908
1021
0
0
999
902
1006
884
0
0
841
1023
838
1023
0
0
1023
1023
1023
1023
0
0
1023
1023
Module:2	 RCU:2	 branch:1	 card:5
901
945
980
948
0
0
914
918
900
928
0
0
936
938
942
925
0
0
1023
1003
791
975
0
0
853
978
848
1003
0
0
725
1008
Module:2	 RCU:2	 branch:1	 card:6
908
921
908
1006
0
0
886
1009
883
866
0
0
928
898
927
906
0
0
1003
866
1005
954
0
0
867
1004
951
861
0
0
923
951
Module:2	 RCU:2	 branch:1	 card:7
963
971
965
981
0
0
996
983
988
975
0
0
993
956
1002
1023
0
0
903
901
871
864
0
0
968
897
896
866
0
0
896
929
Module:2	 RCU:2	 branch:1	 card:8
1023
811
1023
794
0
0
1023
843
942
853
0
0
823
867
823
865
0
0
741
806
733
793
0
0
753
813
790
823
0
0
806
805
Module:2	 RCU:2	 branch:1	 card:9
866
1019
753
1023
0
0
775
1023
779
1023
0
0
1023
1023
1023
1023
0
0
824
814
820
807
0
0
826
815
843
821
0
0
845
828
Module:2	 RCU:2	 branch:1	 card:10
1023
997
1023
1013
0
0
1023
1023
1023
1023
0
0
1023
1015
941
1016
0
0
878
881
726
873
0
0
848
893
861
899
0
0
860
908
Module:2	 RCU:2	 branch:1	 card:11
1022
823
818
786
0
0
816
788
841
790
0
0
845
794
825
801
0
0
866
926
868
928
0
0
885
845
909
993
0
0
917
1021
Module:2	 RCU:2	 branch:1	 card:12
901
868
811
878
0
0
886
773
878
763
0
0
820
757
862
755
0
0
761
753
748
866
0
0
856
810
803
743
0
0
1021
1008
Module:2	 RCU:2	 branch:1	 card:13
753
1003
773
995
0
0
965
1009
972
1003
0
0
980
1002
996
1014
0
0
749
765
848
836
0
0
984
1000
1018
838
0
0
800
789
Module:2	 RCU:2	 branch:1	 card:14
829
955
888
948
0
0
914
935
918
910
0
0
923
842
968
834
0
0
846
788
787
1023
0
0
1023
1023
891
904
0
0
830
887
Module:2	 RCU:3	 branch:0	 card:1
0
0
902
1016
823
1007
0
0
903
1023
890
1009
0
0
792
1004
792
883
0
0
805
779
803
781
0
0
803
831
828
850
0
0
Module:2	 RCU:3	 branch:0	 card:2
0
0
838
1023
1023
978
0
0
988
966
998
976
0
0
967
1023
868
854
0
0
848
958
958
851
0
0
853
973
855
975
0
0
Module:2	 RCU:3	 branch:0	 card:3
0
0
993
1000
986
942
0
0
926
926
868
908
0
0
1015
828
956
927
0
0
960
926
971
928
0
0
981
941
982
943
0
0
Module:2	 RCU:3	 branch:0	 card:4
0
0
961
975
953
955
0
0
938
924
1023
901
0
0
1023
773
936
961
0
0
916
958
905
957
0
0
944
898
952
903
0
0
Module:2	 RCU:3	 branch:0	 card:5
0
0
924
846
923
894
0
0
956
848
816
883
0
0
913
883
904
886
0
0
783
906
969
916
0
0
876
904
866
909
0
0
Module:2	 RCU:3	 branch:0	 card:6
0
0
905
961
895
940
0
0
1023
973
1008
926
0
0
981
918
888
786
0
0
751
879
866
748
0
0
883
811
774
737
0
0
Module:2	 RCU:3	 branch:0	 card:7
0
0
933
934
1008
1023
0
0
910
913
910
854
0
0
871
958
821
861
0
0
923
901
833
851
0
0
773
1020
833
985
0
0
Module:2	 RCU:3	 branch:0	 card:8
0
0
958
823
958
883
0
0
936
858
818
852
0
0
907
866
965
958
0
0
855
986
978
953
0
0
957
951
871
900
0
0
Module:2	 RCU:3	 branch:0	 card:9
0
0
881
883
828
1023
0
0
912
981
803
1023
0
0
950
951
973
936
0
0
945
955
860
915
0
0
1013
1003
1002
1015
0
0
Module:2	 RCU:3	 branch:0	 card:10
0
0
991
1006
950
923
0
0
935
891
891
833
0
0
1023
848
986
868
0
0
923
951
996
1023
0
0
976
925
848
928
0
0
Module:2	 RCU:3	 branch:0	 card:11
0
0
843
802
835
881
0
0
806
795
861
883
0
0
861
764
1011
1012
0
0
1023
966
950
960
0
0
906
889
918
1023
0
0
Module:2	 RCU:3	 branch:0	 card:12
0
0
917
886
779
928
0
0
893
793
748
1003
0
0
788
931
918
1023
0
0
987
965
991
943
0
0
945
1005
1023
944
0
0
Module:2	 RCU:3	 branch:0	 card:13
0
0
973
752
970
753
0
0
931
720
933
1013
0
0
836
990
876
917
0
0
930
1023
1023
966
0
0
972
928
875
921
0
0
Module:2	 RCU:3	 branch:0	 card:14
0
0
886
796
785
888
0
0
753
858
693
816
0
0
749
741
890
858
0
0
831
855
843
871
0
0
893
922
917
877
0
0
Module:2	 RCU:3	 branch:1	 card:1
844
837
768
872
0
0
809
851
811
762
0
0
846
799
838
804
0
0
1023
1004
896
994
0
0
986
1001
911
915
0
0
1023
835
Module:2	 RCU:3	 branch:1	 card:2
903
871
908
873
0
0
901
876
886
875
0
0
843
765
859
753
0
0
838
916
828
876
0
0
848
890
865
968
0
0
866
913
Module:2	 RCU:3	 branch:1	 card:3
736
1011
746
1008
0
0
915
973
952
878
0
0
995
989
991
830
0
0
913
856
961
951
0
0
940
936
949
886
0
0
883
950
Module:2	 RCU:3	 branch:1	 card:4
858
970
870
954
0
0
902
908
928
895
0
0
905
819
940
818
0
0
933
1021
961
1008
0
0
923
1017
849
1018
0
0
982
972
Module:2	 RCU:3	 branch:1	 card:5
818
906
820
911
0
0
846
788
733
882
0
0
779
858
779
857
0
0
986
1023
993
1010
0
0
1023
1006
1002
1006
0
0
999
1021
Module:2	 RCU:3	 branch:1	 card:6
900
894
898
958
0
0
871
928
991
931
0
0
856
958
889
954
0
0
992
733
1001
846
0
0
841
779
815
783
0
0
783
731
Module:2	 RCU:3	 branch:1	 card:7
963
981
953
1003
0
0
927
936
936
991
0
0
956
1002
1003
1006
0
0
831
766
805
752
0
0
773
823
776
816
0
0
821
787
Module:2	 RCU:3	 branch:1	 card:8
926
986
976
995
0
0
991
1023
1001
1023
0
0
1019
1023
965
1023
0
0
902
791
856
757
0
0
803
867
802
841
0
0
821
834
Module:2	 RCU:3	 branch:1	 card:9
1023
768
1023
773
0
0
1023
749
1023
743
0
0
1023
766
1023
736
0
0
881
846
872
901
0
0
878
733
884
761
0
0
888
756
Module:2	 RCU:3	 branch:1	 card:10
741
933
910
917
0
0
906
950
874
950
0
0
941
963
931
900
0
0
781
804
784
811
0
0
786
806
794
793
0
0
818
823
Module:2	 RCU:3	 branch:1	 card:11
880
802
901
797
0
0
881
797
881
800
0
0
901
817
919
824
0
0
848
857
833
730
0
0
843
852
881
866
0
0
871
875
Module:2	 RCU:3	 branch:1	 card:12
822
841
854
856
0
0
835
812
828
819
0
0
828
776
833
777
0
0
887
863
881
923
0
0
860
993
880
735
0
0
865
923
Module:2	 RCU:3	 branch:1	 card:13
777
789
765
781
0
0
808
871
841
873
0
0
889
875
778
874
0
0
965
1007
943
956
0
0
898
966
989
951
0
0
958
975
Module:2	 RCU:3	 branch:1	 card:14
931
771
782
780
0
0
989
961
986
749
0
0
930
838
935
860
0
0
976
748
930
748
0
0
963
750
918
776
0
0
719
1012
