Module:2	RCU:0	branch:0	card:1
640
640
640
640
640
640
640
640
640
640
640
640
640
640
640
640
640
640
640
640
640
640
640
640
640
640
640
640
640
640
640
640
Module:2	RCU:0	branch:0	card:2
640
640
640
640
640
640
640
640
640
640
640
640
640
640
640
640
640
640
640
640
640
640
640
640
640
640
640
640
640
640
640
640
Module:2	RCU:0	branch:0	card:3
640
640
640
640
640
640
640
640
640
640
640
640
640
640
640
640
640
640
640
640
640
640
640
640
640
640
640
640
640
640
640
640
Module:2	RCU:0	branch:0	card:4
640
640
640
640
640
640
640
640
640
640
640
640
640
640
640
640
640
640
640
640
640
640
640
640
640
640
640
640
640
640
640
640
Module:2	RCU:0	branch:0	card:5
640
640
640
640
640
640
640
640
640
640
640
640
640
640
640
640
640
640
640
640
640
640
640
640
640
640
640
640
640
640
640
640
Module:2	RCU:0	branch:0	card:6
640
640
640
640
640
640
640
640
640
640
640
640
640
640
640
640
640
640
640
640
640
640
640
640
640
640
640
640
640
640
640
640
Module:2	RCU:0	branch:0	card:7
640
640
640
640
640
640
640
640
640
640
640
640
640
640
640
640
640
640
640
640
640
640
640
640
640
640
640
640
640
640
640
640
Module:2	RCU:0	branch:0	card:8
640
640
640
640
640
640
640
640
640
640
640
640
640
640
640
640
640
640
640
640
640
640
640
640
640
640
640
640
640
640
640
640
Module:2	RCU:0	branch:0	card:9
640
640
640
640
640
640
640
640
640
640
640
640
640
640
640
640
640
640
640
640
640
640
640
640
640
640
640
640
640
640
640
640
Module:2	RCU:0	branch:0	card:10
640
640
640
640
640
640
640
640
640
640
640
640
640
640
640
640
640
640
640
640
640
640
640
640
640
640
640
640
640
640
640
640
Module:2	RCU:0	branch:0	card:11
640
640
640
640
640
640
640
640
640
640
640
640
640
640
640
640
640
640
640
640
640
640
640
640
640
640
640
640
640
640
640
640
Module:2	RCU:0	branch:0	card:12
640
640
640
640
640
640
640
640
640
640
640
640
640
640
640
640
640
640
640
640
640
640
640
640
640
640
640
640
640
640
640
640
Module:2	RCU:0	branch:0	card:13
640
640
640
640
640
640
640
640
640
640
640
640
640
640
640
640
640
640
640
640
640
640
640
640
640
640
640
640
640
640
640
640
Module:2	RCU:0	branch:0	card:14
640
640
640
640
640
640
640
640
640
640
640
640
640
640
640
640
640
640
640
640
640
640
640
640
640
640
640
640
640
640
640
640
Module:2	RCU:0	branch:1	card:1
640
640
640
640
640
640
640
640
640
640
640
640
640
640
640
640
640
640
640
640
640
640
640
640
640
640
640
640
640
640
640
640
Module:2	RCU:0	branch:1	card:2
640
640
640
640
640
640
640
640
640
640
640
640
640
640
640
640
640
640
640
640
640
640
640
640
640
640
640
640
640
640
640
640
Module:2	RCU:0	branch:1	card:3
640
640
640
640
640
640
640
640
640
640
640
640
640
640
640
640
640
640
640
640
640
640
640
640
640
640
640
640
640
640
640
640
Module:2	RCU:0	branch:1	card:4
640
640
640
640
640
640
640
640
640
640
640
640
640
640
640
640
640
640
640
640
640
640
640
640
640
640
640
640
640
640
640
640
Module:2	RCU:0	branch:1	card:5
640
640
640
640
640
640
640
640
640
640
640
640
640
640
640
640
640
640
640
640
640
640
640
640
640
640
640
640
640
640
640
640
Module:2	RCU:0	branch:1	card:6
640
640
640
640
640
640
640
640
640
640
640
640
640
640
640
640
640
640
640
640
640
640
640
640
640
640
640
640
640
640
640
640
Module:2	RCU:0	branch:1	card:7
640
640
640
640
640
640
640
640
640
640
640
640
640
640
640
640
640
640
640
640
640
640
640
640
640
640
640
640
640
640
640
640
Module:2	RCU:0	branch:1	card:8
640
640
640
640
640
640
640
640
640
640
640
640
640
640
640
640
640
640
640
640
640
640
640
640
640
640
640
640
640
640
640
640
Module:2	RCU:0	branch:1	card:9
640
640
640
640
640
640
640
640
640
640
640
640
640
640
640
640
640
640
640
640
640
640
640
640
640
640
640
640
640
640
640
640
Module:2	RCU:0	branch:1	card:10
640
640
640
640
640
640
640
640
640
640
640
640
640
640
640
640
640
640
640
640
640
640
640
640
640
640
640
640
640
640
640
640
Module:2	RCU:0	branch:1	card:11
640
640
640
640
640
640
640
640
640
640
640
640
640
640
640
640
640
640
640
640
640
640
640
640
640
640
640
640
640
640
640
640
Module:2	RCU:0	branch:1	card:12
640
640
640
640
640
640
640
640
640
640
640
640
640
640
640
640
640
640
640
640
640
640
640
640
640
640
640
640
640
640
640
640
Module:2	RCU:0	branch:1	card:13
640
640
640
640
640
640
640
640
640
640
640
640
640
640
640
640
640
640
640
640
640
640
640
640
640
640
640
640
640
640
640
640
Module:2	RCU:0	branch:1	card:14
640
640
640
640
640
640
640
640
640
640
640
640
640
640
640
640
640
640
640
640
640
640
640
640
640
640
640
640
640
640
640
640
Module:2	RCU:1	branch:0	card:1
640
640
640
640
640
640
640
640
640
640
640
640
640
640
640
640
640
640
640
640
640
640
640
640
640
640
640
640
640
640
640
640
Module:2	RCU:1	branch:0	card:2
640
640
640
640
640
640
640
640
640
640
640
640
640
640
640
640
640
640
640
640
640
640
640
640
640
640
640
640
640
640
640
640
Module:2	RCU:1	branch:0	card:3
640
640
640
640
640
640
640
640
640
640
640
640
640
640
640
640
640
640
640
640
640
640
640
640
640
640
640
640
640
640
640
640
Module:2	RCU:1	branch:0	card:4
640
640
640
640
640
640
640
640
640
640
640
640
640
640
640
640
640
640
640
640
640
640
640
640
640
640
640
640
640
640
640
640
Module:2	RCU:1	branch:0	card:5
640
640
640
640
640
640
640
640
640
640
640
640
640
640
640
640
640
640
640
640
640
640
640
640
640
640
640
640
640
640
640
640
Module:2	RCU:1	branch:0	card:6
640
640
640
640
640
640
640
640
640
640
640
640
640
640
640
640
640
640
640
640
640
640
640
640
640
640
640
640
640
640
640
640
Module:2	RCU:1	branch:0	card:7
640
640
640
640
640
640
640
640
640
640
640
640
640
640
640
640
640
640
640
640
640
640
640
640
640
640
640
640
640
640
640
640
Module:2	RCU:1	branch:0	card:8
640
640
640
640
640
640
640
640
640
640
640
640
640
640
640
640
640
640
640
640
640
640
640
640
640
640
640
640
640
640
640
640
Module:2	RCU:1	branch:0	card:9
640
640
640
640
640
640
640
640
640
640
640
640
640
640
640
640
640
640
640
640
640
640
640
640
640
640
640
640
640
640
640
640
Module:2	RCU:1	branch:0	card:10
640
640
640
640
640
640
640
640
640
640
640
640
640
640
640
640
640
640
640
640
640
640
640
640
640
640
640
640
640
640
640
640
Module:2	RCU:1	branch:0	card:11
640
640
640
640
640
640
640
640
640
640
640
640
640
640
640
640
640
640
640
640
640
640
640
640
640
640
640
640
640
640
640
640
Module:2	RCU:1	branch:0	card:12
640
640
640
640
640
640
640
640
640
640
640
640
640
640
640
640
640
640
640
640
640
640
640
640
640
640
640
640
640
640
640
640
Module:2	RCU:1	branch:0	card:13
640
640
640
640
640
640
640
640
640
640
640
640
640
640
640
640
640
640
640
640
640
640
640
640
640
640
640
640
640
640
640
640
Module:2	RCU:1	branch:0	card:14
640
640
640
640
640
640
640
640
640
640
640
640
640
640
640
640
640
640
640
640
640
640
640
640
640
640
640
640
640
640
640
640
Module:2	RCU:1	branch:1	card:1
640
640
640
640
640
640
640
640
640
640
640
640
640
640
640
640
640
640
640
640
640
640
640
640
640
640
640
640
640
640
640
640
Module:2	RCU:1	branch:1	card:2
640
640
640
640
640
640
640
640
640
640
640
640
640
640
640
640
640
640
640
640
640
640
640
640
640
640
640
640
640
640
640
640
Module:2	RCU:1	branch:1	card:3
640
640
640
640
640
640
640
640
640
640
640
640
640
640
640
640
640
640
640
640
640
640
640
640
640
640
640
640
640
640
640
640
Module:2	RCU:1	branch:1	card:4
640
640
640
640
640
640
640
640
640
640
640
640
640
640
640
640
640
640
640
640
640
640
640
640
640
640
640
640
640
640
640
640
Module:2	RCU:1	branch:1	card:5
640
640
640
640
640
640
640
640
640
640
640
640
640
640
640
640
640
640
640
640
640
640
640
640
640
640
640
640
640
640
640
640
Module:2	RCU:1	branch:1	card:6
640
640
640
640
640
640
640
640
640
640
640
640
640
640
640
640
640
640
640
640
640
640
640
640
640
640
640
640
640
640
640
640
Module:2	RCU:1	branch:1	card:7
640
640
640
640
640
640
640
640
640
640
640
640
640
640
640
640
640
640
640
640
640
640
640
640
640
640
640
640
640
640
640
640
Module:2	RCU:1	branch:1	card:8
640
640
640
640
640
640
640
640
640
640
640
640
640
640
640
640
640
640
640
640
640
640
640
640
640
640
640
640
640
640
640
640
Module:2	RCU:1	branch:1	card:9
640
640
640
640
640
640
640
640
640
640
640
640
640
640
640
640
640
640
640
640
640
640
640
640
640
640
640
640
640
640
640
640
Module:2	RCU:1	branch:1	card:10
640
640
640
640
640
640
640
640
640
640
640
640
640
640
640
640
640
640
640
640
640
640
640
640
640
640
640
640
640
640
640
640
Module:2	RCU:1	branch:1	card:11
640
640
640
640
640
640
640
640
640
640
640
640
640
640
640
640
640
640
640
640
640
640
640
640
640
640
640
640
640
640
640
640
Module:2	RCU:1	branch:1	card:12
640
640
640
640
640
640
640
640
640
640
640
640
640
640
640
640
640
640
640
640
640
640
640
640
640
640
640
640
640
640
640
640
Module:2	RCU:1	branch:1	card:13
640
640
640
640
640
640
640
640
640
640
640
640
640
640
640
640
640
640
640
640
640
640
640
640
640
640
640
640
640
640
640
640
Module:2	RCU:1	branch:1	card:14
640
640
640
640
640
640
640
640
640
640
640
640
640
640
640
640
640
640
640
640
640
640
640
640
640
640
640
640
640
640
640
640
Module:2	RCU:2	branch:0	card:1
640
640
640
640
640
640
640
640
640
640
640
640
640
640
640
640
640
640
640
640
640
640
640
640
640
640
640
640
640
640
640
640
Module:2	RCU:2	branch:0	card:2
640
640
640
640
640
640
640
640
640
640
640
640
640
640
640
640
640
640
640
640
640
640
640
640
640
640
640
640
640
640
640
640
Module:2	RCU:2	branch:0	card:3
640
640
640
640
640
640
640
640
640
640
640
640
640
640
640
640
640
640
640
640
640
640
640
640
640
640
640
640
640
640
640
640
Module:2	RCU:2	branch:0	card:4
640
640
640
640
640
640
640
640
640
640
640
640
640
640
640
640
640
640
640
640
640
640
640
640
640
640
640
640
640
640
640
640
Module:2	RCU:2	branch:0	card:5
640
640
640
640
640
640
640
640
640
640
640
640
640
640
640
640
640
640
640
640
640
640
640
640
640
640
640
640
640
640
640
640
Module:2	RCU:2	branch:0	card:6
640
640
640
640
640
640
640
640
640
640
640
640
640
640
640
640
640
640
640
640
640
640
640
640
640
640
640
640
640
640
640
640
Module:2	RCU:2	branch:0	card:7
640
640
640
640
640
640
640
640
640
640
640
640
640
640
640
640
640
640
640
640
640
640
640
640
640
640
640
640
640
640
640
640
Module:2	RCU:2	branch:0	card:8
640
640
640
640
640
640
640
640
640
640
640
640
640
640
640
640
640
640
640
640
640
640
640
640
640
640
640
640
640
640
640
640
Module:2	RCU:2	branch:0	card:9
640
640
640
640
640
640
640
640
640
640
640
640
640
640
640
640
640
640
640
640
640
640
640
640
640
640
640
640
640
640
640
640
Module:2	RCU:2	branch:0	card:10
640
640
640
640
640
640
640
640
640
640
640
640
640
640
640
640
640
640
640
640
640
640
640
640
640
640
640
640
640
640
640
640
Module:2	RCU:2	branch:0	card:11
640
640
640
640
640
640
640
640
640
640
640
640
640
640
640
640
640
640
640
640
640
640
640
640
640
640
640
640
640
640
640
640
Module:2	RCU:2	branch:0	card:12
640
640
640
640
640
640
640
640
640
640
640
640
640
640
640
640
640
640
640
640
640
640
640
640
640
640
640
640
640
640
640
640
Module:2	RCU:2	branch:0	card:13
640
640
640
640
640
640
640
640
640
640
640
640
640
640
640
640
640
640
640
640
640
640
640
640
640
640
640
640
640
640
640
640
Module:2	RCU:2	branch:0	card:14
640
640
640
640
640
640
640
640
640
640
640
640
640
640
640
640
640
640
640
640
640
640
640
640
640
640
640
640
640
640
640
640
Module:2	RCU:2	branch:1	card:1
640
640
640
640
640
640
640
640
640
640
640
640
640
640
640
640
640
640
640
640
640
640
640
640
640
640
640
640
640
640
640
640
Module:2	RCU:2	branch:1	card:2
640
640
640
640
640
640
640
640
640
640
640
640
640
640
640
640
640
640
640
640
640
640
640
640
640
640
640
640
640
640
640
640
Module:2	RCU:2	branch:1	card:3
640
640
640
640
640
640
640
640
640
640
640
640
640
640
640
640
640
640
640
640
640
640
640
640
640
640
640
640
640
640
640
640
Module:2	RCU:2	branch:1	card:4
640
640
640
640
640
640
640
640
640
640
640
640
640
640
640
640
640
640
640
640
640
640
640
640
640
640
640
640
640
640
640
640
Module:2	RCU:2	branch:1	card:5
640
640
640
640
640
640
640
640
640
640
640
640
640
640
640
640
640
640
640
640
640
640
640
640
640
640
640
640
640
640
640
640
Module:2	RCU:2	branch:1	card:6
640
640
640
640
640
640
640
640
640
640
640
640
640
640
640
640
640
640
640
640
640
640
640
640
640
640
640
640
640
640
640
640
Module:2	RCU:2	branch:1	card:7
640
640
640
640
640
640
640
640
640
640
640
640
640
640
640
640
640
640
640
640
640
640
640
640
640
640
640
640
640
640
640
640
Module:2	RCU:2	branch:1	card:8
640
640
640
640
640
640
640
640
640
640
640
640
640
640
640
640
640
640
640
640
640
640
640
640
640
640
640
640
640
640
640
640
Module:2	RCU:2	branch:1	card:9
640
640
640
640
640
640
640
640
640
640
640
640
640
640
640
640
640
640
640
640
640
640
640
640
640
640
640
640
640
640
640
640
Module:2	RCU:2	branch:1	card:10
640
640
640
640
640
640
640
640
640
640
640
640
640
640
640
640
640
640
640
640
640
640
640
640
640
640
640
640
640
640
640
640
Module:2	RCU:2	branch:1	card:11
640
640
640
640
640
640
640
640
640
640
640
640
640
640
640
640
640
640
640
640
640
640
640
640
640
640
640
640
640
640
640
640
Module:2	RCU:2	branch:1	card:12
640
640
640
640
640
640
640
640
640
640
640
640
640
640
640
640
640
640
640
640
640
640
640
640
640
640
640
640
640
640
640
640
Module:2	RCU:2	branch:1	card:13
640
640
640
640
640
640
640
640
640
640
640
640
640
640
640
640
640
640
640
640
640
640
640
640
640
640
640
640
640
640
640
640
Module:2	RCU:2	branch:1	card:14
640
640
640
640
640
640
640
640
640
640
640
640
640
640
640
640
640
640
640
640
640
640
640
640
640
640
640
640
640
640
640
640
Module:2	RCU:3	branch:0	card:1
640
640
640
640
640
640
640
640
640
640
640
640
640
640
640
640
640
640
640
640
640
640
640
640
640
640
640
640
640
640
640
640
Module:2	RCU:3	branch:0	card:2
640
640
640
640
640
640
640
640
640
640
640
640
640
640
640
640
640
640
640
640
640
640
640
640
640
640
640
640
640
640
640
640
Module:2	RCU:3	branch:0	card:3
640
640
640
640
640
640
640
640
640
640
640
640
640
640
640
640
640
640
640
640
640
640
640
640
640
640
640
640
640
640
640
640
Module:2	RCU:3	branch:0	card:4
640
640
640
640
640
640
640
640
640
640
640
640
640
640
640
640
640
640
640
640
640
640
640
640
640
640
640
640
640
640
640
640
Module:2	RCU:3	branch:0	card:5
640
640
640
640
640
640
640
640
640
640
640
640
640
640
640
640
640
640
640
640
640
640
640
640
640
640
640
640
640
640
640
640
Module:2	RCU:3	branch:0	card:6
640
640
640
640
640
640
640
640
640
640
640
640
640
640
640
640
640
640
640
640
640
640
640
640
640
640
640
640
640
640
640
640
Module:2	RCU:3	branch:0	card:7
640
640
640
640
640
640
640
640
640
640
640
640
640
640
640
640
640
640
640
640
640
640
640
640
640
640
640
640
640
640
640
640
Module:2	RCU:3	branch:0	card:8
640
640
640
640
640
640
640
640
640
640
640
640
640
640
640
640
640
640
640
640
640
640
640
640
640
640
640
640
640
640
640
640
Module:2	RCU:3	branch:0	card:9
640
640
640
640
640
640
640
640
640
640
640
640
640
640
640
640
640
640
640
640
640
640
640
640
640
640
640
640
640
640
640
640
Module:2	RCU:3	branch:0	card:10
640
640
640
640
640
640
640
640
640
640
640
640
640
640
640
640
640
640
640
640
640
640
640
640
640
640
640
640
640
640
640
640
Module:2	RCU:3	branch:0	card:11
640
640
640
640
640
640
640
640
640
640
640
640
640
640
640
640
640
640
640
640
640
640
640
640
640
640
640
640
640
640
640
640
Module:2	RCU:3	branch:0	card:12
640
640
640
640
640
640
640
640
640
640
640
640
640
640
640
640
640
640
640
640
640
640
640
640
640
640
640
640
640
640
640
640
Module:2	RCU:3	branch:0	card:13
640
640
640
640
640
640
640
640
640
640
640
640
640
640
640
640
640
640
640
640
640
640
640
640
640
640
640
640
640
640
640
640
Module:2	RCU:3	branch:0	card:14
640
640
640
640
640
640
640
640
640
640
640
640
640
640
640
640
640
640
640
640
640
640
640
640
640
640
640
640
640
640
640
640
Module:2	RCU:3	branch:1	card:1
640
640
640
640
640
640
640
640
640
640
640
640
640
640
640
640
640
640
640
640
640
640
640
640
640
640
640
640
640
640
640
640
Module:2	RCU:3	branch:1	card:2
640
640
640
640
640
640
640
640
640
640
640
640
640
640
640
640
640
640
640
640
640
640
640
640
640
640
640
640
640
640
640
640
Module:2	RCU:3	branch:1	card:3
640
640
640
640
640
640
640
640
640
640
640
640
640
640
640
640
640
640
640
640
640
640
640
640
640
640
640
640
640
640
640
640
Module:2	RCU:3	branch:1	card:4
640
640
640
640
640
640
640
640
640
640
640
640
640
640
640
640
640
640
640
640
640
640
640
640
640
640
640
640
640
640
640
640
Module:2	RCU:3	branch:1	card:5
640
640
640
640
640
640
640
640
640
640
640
640
640
640
640
640
640
640
640
640
640
640
640
640
640
640
640
640
640
640
640
640
Module:2	RCU:3	branch:1	card:6
640
640
640
640
640
640
640
640
640
640
640
640
640
640
640
640
640
640
640
640
640
640
640
640
640
640
640
640
640
640
640
640
Module:2	RCU:3	branch:1	card:7
640
640
640
640
640
640
640
640
640
640
640
640
640
640
640
640
640
640
640
640
640
640
640
640
640
640
640
640
640
640
640
640
Module:2	RCU:3	branch:1	card:8
640
640
640
640
640
640
640
640
640
640
640
640
640
640
640
640
640
640
640
640
640
640
640
640
640
640
640
640
640
640
640
640
Module:2	RCU:3	branch:1	card:9
640
640
640
640
640
640
640
640
640
640
640
640
640
640
640
640
640
640
640
640
640
640
640
640
640
640
640
640
640
640
640
640
Module:2	RCU:3	branch:1	card:10
640
640
640
640
640
640
640
640
640
640
640
640
640
640
640
640
640
640
640
640
640
640
640
640
640
640
640
640
640
640
640
640
Module:2	RCU:3	branch:1	card:11
640
640
640
640
640
640
640
640
640
640
640
640
640
640
640
640
640
640
640
640
640
640
640
640
640
640
640
640
640
640
640
640
Module:2	RCU:3	branch:1	card:12
640
640
640
640
640
640
640
640
640
640
640
640
640
640
640
640
640
640
640
640
640
640
640
640
640
640
640
640
640
640
640
640
Module:2	RCU:3	branch:1	card:13
640
640
640
640
640
640
640
640
640
640
640
640
640
640
640
640
640
640
640
640
640
640
640
640
640
640
640
640
640
640
640
640
Module:2	RCU:3	branch:1	card:14
640
640
640
640
640
640
640
640
640
640
640
640
640
640
640
640
640
640
640
640
640
640
640
640
640
640
640
640
640
640
640
640
