Module:2	RCU:0	branch:0	card:1
938
1019
948
988
943
1015
947
1013
944
1014
864
942
860
923
985
998
957
833
959
847
963
854
964
862
961
869
991
822
993
874
851
871
Module:2	RCU:0	branch:0	card:2
862
1021
1003
1021
991
987
983
1003
987
1005
1005
1006
1006
1019
1015
1021
853
889
852
944
847
910
854
916
836
916
868
910
876
910
881
897
Module:2	RCU:0	branch:0	card:3
907
736
904
726
902
731
749
721
746
713
746
718
775
776
751
802
1023
698
938
969
961
968
929
967
945
971
959
972
971
953
975
961
Module:2	RCU:0	branch:0	card:4
872
927
937
932
934
916
918
888
901
910
918
917
924
916
924
915
901
949
892
945
905
942
934
947
950
929
954
931
956
927
954
931
Module:2	RCU:0	branch:0	card:5
815
822
825
814
839
796
848
767
853
790
848
873
838
854
829
811
874
910
894
913
906
907
913
822
919
895
919
948
916
929
915
918
Module:2	RCU:0	branch:0	card:6
887
884
886
843
890
870
897
884
901
892
902
892
901
886
895
878
869
782
874
928
936
916
878
897
878
887
876
876
870
855
792
864
Module:2	RCU:0	branch:0	card:7
854
853
859
832
868
816
881
834
881
842
874
857
870
864
861
888
831
882
826
868
786
853
795
831
894
822
896
833
896
844
889
858
Module:2	RCU:0	branch:0	card:8
775
863
791
853
802
843
802
835
796
834
782
824
774
802
769
812
985
841
982
829
975
818
853
803
858
801
856
814
851
822
848
829
Module:2	RCU:0	branch:0	card:9
733
827
715
826
723
816
774
801
796
790
804
787
810
757
822
766
657
993
666
990
657
989
725
980
877
968
1001
980
991
979
996
980
Module:2	RCU:0	branch:0	card:10
894
720
903
737
905
751
901
764
747
759
737
766
711
752
756
744
723
652
726
727
748
699
685
669
714
651
851
681
695
692
696
696
Module:2	RCU:0	branch:0	card:11
915
914
926
903
933
894
933
884
921
858
927
872
924
874
922
882
805
864
811
866
821
864
826
866
792
864
866
856
857
797
864
723
Module:2	RCU:0	branch:0	card:12
891
822
891
831
891
829
879
833
862
848
852
869
851
877
849
875
832
786
826
764
823
780
818
787
816
788
818
790
817
795
806
801
Module:2	RCU:0	branch:0	card:13
861
788
861
785
835
794
817
813
807
915
811
905
809
892
788
896
701
649
668
660
717
650
715
642
677
843
682
651
681
648
675
774
Module:2	RCU:0	branch:0	card:14
818
738
810
872
787
872
768
870
759
832
762
847
733
851
740
856
698
844
652
844
678
710
687
845
662
847
706
850
748
853
840
840
Module:2	RCU:0	branch:1	card:1
900
912
774
914
848
937
958
773
900
922
1003
955
946
912
882
783
744
642
750
813
749
827
746
839
745
842
745
721
670
838
644
826
Module:2	RCU:0	branch:1	card:2
376
376
376
376
376
376
376
376
376
376
376
376
376
376
376
376
821
813
811
803
782
795
794
794
799
790
810
784
732
742
818
778
Module:2	RCU:0	branch:1	card:3
882
921
968
833
769
804
734
689
840
950
803
907
743
936
940
713
688
778
690
785
689
784
742
778
758
770
761
763
768
729
771
739
Module:2	RCU:0	branch:1	card:4
983
894
892
983
739
772
834
727
820
803
837
803
775
723
761
984
727
718
814
717
783
717
869
716
842
709
696
680
712
683
718
685
Module:2	RCU:0	branch:1	card:5
792
991
955
865
927
752
762
768
734
736
782
761
831
842
801
759
748
687
780
830
791
782
893
853
821
852
807
799
868
876
934
923
Module:2	RCU:0	branch:1	card:6
787
854
813
931
924
912
897
724
845
769
911
734
775
682
957
829
834
738
733
796
762
783
812
875
961
832
829
829
887
897
720
915
Module:2	RCU:0	branch:1	card:7
794
807
961
963
860
871
910
892
884
873
738
803
934
932
908
907
961
969
867
954
964
847
952
917
946
733
916
742
944
825
911
876
Module:2	RCU:0	branch:1	card:8
721
751
913
918
816
859
976
907
690
853
875
889
891
746
862
910
961
950
858
826
933
907
706
694
841
785
757
768
841
901
865
959
Module:2	RCU:0	branch:1	card:9
859
865
767
777
937
939
878
896
822
800
925
940
837
889
844
867
946
870
920
952
852
956
971
953
895
932
916
928
927
937
942
887
Module:2	RCU:0	branch:1	card:10
730
750
791
795
749
686
702
849
651
832
847
818
781
839
821
866
907
943
890
889
898
944
955
883
891
905
847
910
869
933
897
766
Module:2	RCU:0	branch:1	card:11
799
829
853
848
815
786
766
788
794
753
738
651
657
763
790
835
1000
929
981
912
982
809
907
875
922
870
937
850
805
856
945
880
Module:2	RCU:0	branch:1	card:12
754
788
711
844
829
822
860
820
799
759
806
765
776
743
728
710
951
997
943
976
955
980
942
976
943
937
985
985
927
942
923
928
Module:2	RCU:0	branch:1	card:13
893
749
953
713
953
811
939
860
921
805
686
831
740
717
775
782
984
948
992
949
1004
948
1005
936
994
973
908
912
964
958
957
962
Module:2	RCU:0	branch:1	card:14
927
906
901
953
935
955
948
934
895
907
890
897
882
877
876
906
957
975
953
989
949
998
969
1010
969
996
990
984
979
981
980
965
Module:2	RCU:1	branch:0	card:1
709
823
698
816
760
812
744
799
685
763
683
781
843
802
832
814
769
803
761
802
758
788
754
781
748
897
715
748
724
736
738
778
Module:2	RCU:1	branch:0	card:2
756
718
738
733
722
727
720
694
717
761
697
705
782
714
705
717
727
738
734
716
751
690
755
720
764
724
670
682
665
691
661
695
Module:2	RCU:1	branch:0	card:3
920
743
912
711
911
723
911
734
913
749
913
759
750
908
785
789
961
968
950
956
934
943
906
877
927
916
942
934
952
948
946
953
Module:2	RCU:1	branch:0	card:4
905
934
893
934
895
749
894
910
890
889
890
905
884
907
933
912
886
958
868
972
851
844
858
854
876
866
890
884
900
896
903
947
Module:2	RCU:1	branch:0	card:5
858
805
858
824
860
833
864
839
861
844
858
921
851
913
829
910
850
889
828
879
822
794
801
800
795
838
841
926
928
919
912
906
Module:2	RCU:1	branch:0	card:6
816
776
820
899
821
889
812
877
806
880
795
876
771
944
763
859
647
840
673
824
705
818
723
775
758
891
879
872
869
874
860
865
Module:2	RCU:1	branch:0	card:7
762
848
721
856
743
862
725
859
707
838
921
841
839
1023
839
819
694
646
658
669
740
701
770
780
764
766
736
734
768
775
812
846
Module:2	RCU:1	branch:0	card:8
791
787
737
732
795
778
797
775
805
775
812
767
817
733
788
764
681
818
741
785
815
852
759
670
812
732
695
737
696
797
735
847
Module:2	RCU:1	branch:0	card:9
889
747
936
705
928
698
716
747
719
678
721
681
713
784
757
791
822
694
919
689
889
780
705
703
713
680
718
670
662
704
700
700
Module:2	RCU:1	branch:0	card:10
878
857
903
896
923
910
957
958
950
954
946
917
928
910
881
896
812
787
886
874
912
899
889
895
850
878
748
716
767
669
828
664
Module:2	RCU:1	branch:0	card:11
964
917
962
935
955
943
939
950
929
945
918
949
901
938
911
902
668
657
680
798
855
777
866
759
769
728
701
756
706
777
739
833
Module:2	RCU:1	branch:0	card:12
932
871
907
881
900
891
894
897
884
965
874
933
859
959
859
955
838
663
794
786
800
797
760
791
756
759
731
749
717
723
697
711
Module:2	RCU:1	branch:0	card:13
926
914
925
930
933
892
898
878
943
868
939
853
839
858
928
948
858
933
918
829
858
839
850
942
939
881
918
890
822
944
933
903
Module:2	RCU:1	branch:0	card:14
728
823
890
863
892
854
892
730
896
823
887
820
878
810
869
940
891
906
882
809
849
845
874
864
937
811
926
823
829
897
870
1023
Module:2	RCU:1	branch:1	card:1
931
926
918
881
910
947
932
944
935
950
904
900
869
861
855
895
1006
907
984
850
935
982
897
938
862
873
990
1007
1022
985
778
979
Module:2	RCU:1	branch:1	card:2
884
885
866
928
915
914
909
923
947
947
958
868
888
873
856
866
835
809
933
1023
1023
1023
961
997
775
910
908
880
834
823
885
1011
Module:2	RCU:1	branch:1	card:3
753
775
866
844
714
736
804
816
839
871
740
883
860
847
733
831
871
832
842
944
875
1023
961
973
1023
1016
916
920
841
858
879
876
Module:2	RCU:1	branch:1	card:4
716
703
796
854
667
773
758
822
837
869
852
769
757
845
879
756
914
925
905
905
778
842
797
879
744
1000
715
940
848
944
838
890
Module:2	RCU:1	branch:1	card:5
774
696
890
827
679
659
781
783
807
802
834
859
787
707
891
871
711
829
864
886
861
909
908
784
791
800
748
750
709
713
835
865
Module:2	RCU:1	branch:1	card:6
803
826
793
777
721
735
825
830
685
698
783
790
873
651
792
777
801
815
790
754
659
846
697
868
882
823
854
763
823
791
869
755
Module:2	RCU:1	branch:1	card:7
869
873
837
752
716
758
749
679
665
704
717
671
660
649
839
816
976
816
978
782
867
750
782
734
757
877
707
853
853
832
900
891
Module:2	RCU:1	branch:1	card:8
697
697
765
699
731
678
662
647
923
854
807
713
680
688
787
686
933
995
992
979
980
973
962
891
947
880
955
936
957
992
989
996
Module:2	RCU:1	branch:1	card:9
852
883
801
767
890
916
759
726
743
678
647
692
724
907
825
781
847
963
921
952
908
959
916
969
903
966
856
1007
972
987
969
980
Module:2	RCU:1	branch:1	card:10
923
912
923
917
925
921
916
927
899
929
910
763
905
643
906
906
780
813
818
934
939
848
957
916
855
910
882
906
882
928
782
920
Module:2	RCU:1	branch:1	card:11
845
887
860
929
855
935
852
937
856
944
862
938
870
934
857
927
879
956
959
931
665
993
981
953
981
881
932
893
883
957
956
927
Module:2	RCU:1	branch:1	card:12
807
906
805
902
809
894
809
889
915
882
900
880
905
885
905
887
836
914
812
935
891
959
868
933
984
991
910
982
987
982
966
931
Module:2	RCU:1	branch:1	card:13
880
864
877
862
873
835
858
829
834
826
845
832
849
823
859
800
947
938
959
933
889
923
832
800
829
979
969
976
850
838
823
954
Module:2	RCU:1	branch:1	card:14
918
969
903
823
924
745
910
844
899
996
898
899
744
896
915
821
839
899
931
879
964
872
877
854
817
806
916
825
909
892
904
943
Module:2	RCU:2	branch:0	card:1
839
903
909
953
869
934
884
939
1023
1020
1023
905
841
908
992
812
880
860
831
952
929
932
912
866
858
863
832
829
758
745
882
899
Module:2	RCU:2	branch:0	card:2
804
873
910
1023
868
801
888
851
910
937
884
991
831
997
841
1020
1017
960
979
826
1005
903
959
927
742
927
731
858
715
783
1019
901
Module:2	RCU:2	branch:0	card:3
737
771
801
794
879
811
849
874
732
773
836
742
775
701
880
843
983
967
1006
777
803
750
760
950
744
992
759
931
952
807
998
723
Module:2	RCU:2	branch:0	card:4
826
805
840
776
803
745
745
697
832
839
814
872
801
905
901
742
894
844
936
777
947
982
988
809
866
769
931
705
842
954
896
976
Module:2	RCU:2	branch:0	card:5
849
858
922
845
943
805
924
899
801
800
781
773
743
823
704
701
932
842
813
885
892
911
915
944
927
943
961
900
905
907
920
934
Module:2	RCU:2	branch:0	card:6
894
855
877
936
868
896
914
915
944
892
912
859
897
962
959
865
928
933
952
939
872
881
873
898
989
931
906
954
970
966
904
924
Module:2	RCU:2	branch:0	card:7
958
974
964
942
951
957
951
865
934
917
939
950
969
928
935
906
986
977
891
890
935
937
862
793
885
890
910
914
951
988
947
927
Module:2	RCU:2	branch:0	card:8
722
833
831
788
788
894
892
967
792
977
757
914
716
964
863
948
964
959
867
869
840
841
818
826
793
757
762
761
1007
954
987
947
Module:2	RCU:2	branch:0	card:9
761
719
716
721
678
864
831
827
818
813
891
895
797
791
759
751
821
1000
791
966
994
866
962
849
863
815
847
795
821
981
975
980
Module:2	RCU:2	branch:0	card:10
758
755
759
753
721
680
678
677
831
820
806
810
886
899
792
794
981
957
971
981
861
843
842
842
816
825
796
794
818
841
1004
832
Module:2	RCU:2	branch:0	card:11
750
773
748
749
718
716
677
673
858
866
818
827
776
778
780
796
991
927
895
900
996
972
937
944
927
919
985
996
958
960
993
916
Module:2	RCU:2	branch:0	card:12
873
931
861
918
925
908
911
953
964
942
933
935
839
884
870
784
985
992
979
944
923
924
876
376
952
962
916
917
1004
1009
965
954
Module:2	RCU:2	branch:0	card:13
944
953
914
900
864
849
858
918
915
896
906
951
835
950
939
929
939
1016
980
986
964
987
948
952
934
934
877
862
971
975
912
936
Module:2	RCU:2	branch:0	card:14
939
945
942
956
869
880
839
952
924
927
937
892
917
916
955
955
909
890
877
971
829
942
800
949
759
980
1023
970
954
955
933
928
Module:2	RCU:2	branch:1	card:1
821
775
869
877
913
923
834
847
797
781
857
796
844
785
933
839
957
939
966
964
954
940
925
830
797
824
842
842
893
894
924
822
Module:2	RCU:2	branch:1	card:2
929
959
963
964
942
963
907
948
1015
932
955
925
937
974
926
981
880
861
908
892
928
921
920
930
906
873
898
832
881
818
847
870
Module:2	RCU:2	branch:1	card:3
906
895
883
859
887
917
967
942
976
940
898
1013
908
1016
912
1008
771
762
761
767
745
754
718
700
713
709
873
767
843
793
732
807
Module:2	RCU:2	branch:1	card:4
1000
973
995
1001
989
950
1010
706
984
753
944
764
1005
766
1002
763
842
843
804
816
796
783
876
849
717
724
814
860
788
826
831
747
Module:2	RCU:2	branch:1	card:5
1010
781
833
805
745
806
797
790
807
820
801
873
834
940
759
936
961
959
900
947
914
943
927
939
931
895
943
902
929
890
946
797
Module:2	RCU:2	branch:1	card:6
830
871
805
822
845
858
864
872
878
879
877
880
842
880
844
965
643
648
730
916
749
883
783
868
801
937
912
939
783
923
875
907
Module:2	RCU:2	branch:1	card:7
963
908
888
895
909
949
947
775
794
816
812
691
961
943
953
958
829
842
907
838
927
864
917
886
908
878
889
866
853
839
864
770
Module:2	RCU:2	branch:1	card:8
864
924
926
741
781
812
822
880
823
689
683
967
962
968
974
842
900
887
954
922
945
853
860
914
891
896
901
876
907
859
879
855
Module:2	RCU:2	branch:1	card:9
931
852
762
874
807
977
968
906
896
878
860
949
929
945
788
945
833
756
826
724
804
810
778
838
825
724
845
770
757
767
773
865
Module:2	RCU:2	branch:1	card:10
728
719
839
944
883
943
737
917
962
907
908
891
942
947
848
954
857
794
880
826
882
832
873
814
855
792
829
796
801
796
777
815
Module:2	RCU:2	branch:1	card:11
836
845
775
775
884
927
886
938
736
739
744
815
814
863
842
885
1005
1000
902
982
984
741
971
954
987
931
907
908
831
873
969
844
Module:2	RCU:2	branch:1	card:12
821
809
955
935
737
790
926
902
945
928
686
785
846
729
849
818
998
744
833
773
785
939
796
939
963
963
850
959
961
985
991
977
Module:2	RCU:2	branch:1	card:13
846
854
877
879
906
904
921
973
774
777
856
880
779
1018
784
1002
874
826
839
870
803
900
964
926
966
942
918
943
892
821
838
742
Module:2	RCU:2	branch:1	card:14
979
969
953
994
980
1018
1003
1020
1023
1004
1023
968
1012
947
990
922
942
930
856
949
981
971
839
983
961
954
945
948
921
922
895
906
Module:2	RCU:3	branch:0	card:1
996
754
733
939
759
888
757
952
806
931
839
896
829
913
709
960
1013
986
1007
1023
909
909
853
879
853
806
843
1000
763
1005
1023
1023
Module:2	RCU:3	branch:0	card:2
1001
711
1012
788
938
823
937
948
790
766
809
804
840
776
767
836
1023
1007
995
1018
886
878
901
872
859
847
848
839
802
807
870
900
Module:2	RCU:3	branch:0	card:3
961
1011
984
969
1015
955
985
964
964
1002
997
1007
987
935
1006
804
1023
1022
997
998
1023
1021
903
891
879
852
833
844
813
812
1023
843
Module:2	RCU:3	branch:0	card:4
933
879
873
886
885
906
861
888
899
974
1023
1015
1016
999
941
988
1021
987
1020
981
1011
1005
1013
995
1013
990
1012
990
1017
966
1016
1023
Module:2	RCU:3	branch:0	card:5
996
925
1011
923
881
869
900
871
861
824
826
918
821
1023
1017
1023
963
945
962
950
961
937
961
938
976
937
980
917
974
1022
921
1017
Module:2	RCU:3	branch:0	card:6
882
907
895
892
899
871
877
860
894
908
911
908
842
850
863
868
911
886
912
880
915
866
922
854
922
837
898
936
864
939
887
955
Module:2	RCU:3	branch:0	card:7
816
858
942
901
835
887
902
876
885
838
848
780
800
732
743
863
853
818
825
707
715
805
816
896
826
871
826
848
826
884
821
898
Module:2	RCU:3	branch:0	card:8
807
912
710
845
824
788
914
823
907
812
785
706
734
861
807
816
859
823
858
805
857
784
855
818
772
690
696
737
849
753
834
734
Module:2	RCU:3	branch:0	card:9
772
853
847
764
752
754
759
842
819
899
906
947
876
834
753
798
706
750
788
731
754
786
704
786
707
788
792
763
778
734
748
753
Module:2	RCU:3	branch:0	card:10
930
964
955
913
931
1002
1000
975
964
676
995
1019
1003
954
971
862
1023
1023
956
1023
993
1023
1004
981
1022
1023
1023
1011
1023
786
1023
785
Module:2	RCU:3	branch:0	card:11
1015
987
961
957
931
930
1001
997
868
978
1023
982
1023
1023
976
987
954
1001
1001
1004
988
1023
964
1023
1023
1023
1023
1023
973
1023
974
1023
Module:2	RCU:3	branch:0	card:12
950
921
973
1014
1021
1003
943
934
958
954
936
937
983
971
982
1019
982
959
897
996
807
1014
1021
1023
890
1023
847
961
925
956
976
917
Module:2	RCU:3	branch:0	card:13
879
847
797
803
918
878
878
806
823
902
911
929
917
1021
903
1000
964
829
913
830
876
934
886
935
1023
918
985
882
864
854
796
815
Module:2	RCU:3	branch:0	card:14
896
937
949
889
850
838
830
905
727
859
873
853
848
956
948
940
885
928
766
838
729
908
750
897
857
880
930
727
845
737
937
755
Module:2	RCU:3	branch:1	card:1
860
855
939
916
1023
962
1023
983
969
993
971
876
958
875
934
875
785
773
755
800
854
832
883
868
938
895
944
895
868
895
803
912
Module:2	RCU:3	branch:1	card:2
1005
998
1023
1000
813
789
785
822
844
882
952
878
974
854
990
910
919
736
782
701
812
760
848
794
885
829
898
841
895
968
896
873
Module:2	RCU:3	branch:1	card:3
910
910
913
730
917
748
858
792
880
804
871
813
898
814
912
786
870
869
726
858
748
713
776
738
835
762
839
773
845
791
871
818
Module:2	RCU:3	branch:1	card:4
831
977
848
840
774
826
800
684
806
738
816
732
803
930
840
846
866
795
869
764
718
749
819
675
783
689
794
823
813
811
808
778
Module:2	RCU:3	branch:1	card:5
840
774
691
872
670
842
707
901
744
940
945
760
779
785
783
774
651
711
644
702
828
661
728
705
695
721
714
765
756
1001
745
979
Module:2	RCU:3	branch:1	card:6
914
954
886
977
816
831
876
1011
939
999
926
995
939
973
944
997
949
932
912
863
892
924
945
977
990
1009
1012
994
989
967
965
946
Module:2	RCU:3	branch:1	card:7
1016
1017
1023
1023
1023
1023
1023
1013
1002
1001
997
950
990
947
1010
877
908
928
868
892
828
855
883
866
1001
921
982
956
976
982
963
1007
Module:2	RCU:3	branch:1	card:8
914
959
971
980
1023
1000
959
1023
956
1023
949
887
938
819
868
890
863
880
821
801
819
851
900
895
939
981
991
889
1017
1004
885
376
Module:2	RCU:3	branch:1	card:9
974
920
975
805
986
934
1014
950
1023
984
896
1012
861
992
847
689
987
815
839
971
875
764
917
978
969
788
876
807
997
949
1010
811
Module:2	RCU:3	branch:1	card:10
822
974
892
913
883
924
915
933
883
968
869
992
845
1006
813
733
976
926
955
821
950
900
833
852
943
889
766
800
926
902
769
838
Module:2	RCU:3	branch:1	card:11
724
833
860
848
875
879
886
916
899
901
925
873
875
850
872
829
893
880
855
898
886
914
902
921
921
885
820
919
862
865
936
873
Module:2	RCU:3	branch:1	card:12
840
949
800
968
788
948
834
906
870
901
882
758
889
796
909
942
969
780
862
961
843
849
816
863
849
889
822
901
949
895
804
869
Module:2	RCU:3	branch:1	card:13
823
974
834
911
843
911
738
882
781
774
815
789
794
763
964
807
820
376
861
871
866
887
855
933
897
923
902
833
883
821
841
862
Module:2	RCU:3	branch:1	card:14
991
904
826
840
946
957
967
974
978
981
981
970
980
777
1000
991
961
975
889
973
871
998
886
864
925
893
948
939
944
952
912
585
