Module:2	RCU:0	branch:0	card:1
704
704
704
704
704
704
704
704
704
704
704
704
704
704
704
704
704
704
704
704
704
704
704
704
704
704
704
704
704
704
704
704
Module:2	RCU:0	branch:0	card:2
704
704
704
704
704
704
704
704
704
704
704
704
704
704
704
704
704
704
704
704
704
704
704
704
704
704
704
704
704
704
704
704
Module:2	RCU:0	branch:0	card:3
704
704
704
704
704
704
704
704
704
704
704
704
704
704
704
704
704
704
704
704
704
704
704
704
704
704
704
704
704
704
704
704
Module:2	RCU:0	branch:0	card:4
704
704
704
704
704
704
704
704
704
704
704
704
704
704
704
704
704
704
704
704
704
704
704
704
704
704
704
704
704
704
704
704
Module:2	RCU:0	branch:0	card:5
704
704
704
704
704
704
704
704
704
704
704
704
704
704
704
704
704
704
704
704
704
704
704
704
704
704
704
704
704
704
704
704
Module:2	RCU:0	branch:0	card:6
704
704
704
704
704
704
704
704
704
704
704
704
704
704
704
704
704
704
704
704
704
704
704
704
704
704
704
704
704
704
704
704
Module:2	RCU:0	branch:0	card:7
704
704
704
704
704
704
704
704
704
704
704
704
704
704
704
704
704
704
704
704
704
704
704
704
704
704
704
704
704
704
704
704
Module:2	RCU:0	branch:0	card:8
704
704
704
704
704
704
704
704
704
704
704
704
704
704
704
704
704
704
704
704
704
704
704
704
704
704
704
704
704
704
704
704
Module:2	RCU:0	branch:0	card:9
704
704
704
704
704
704
704
704
704
704
704
704
704
704
704
704
704
704
704
704
704
704
704
704
704
704
704
704
704
704
704
704
Module:2	RCU:0	branch:0	card:10
704
704
704
704
704
704
704
704
704
704
704
704
704
704
704
704
704
704
704
704
704
704
704
704
704
704
704
704
704
704
704
704
Module:2	RCU:0	branch:0	card:11
704
704
704
704
704
704
704
704
704
704
704
704
704
704
704
704
704
704
704
704
704
704
704
704
704
704
704
704
704
704
704
704
Module:2	RCU:0	branch:0	card:12
704
704
704
704
704
704
704
704
704
704
704
704
704
704
704
704
704
704
704
704
704
704
704
704
704
704
704
704
704
704
704
704
Module:2	RCU:0	branch:0	card:13
704
704
704
704
704
704
704
704
704
704
704
704
704
704
704
704
704
704
704
704
704
704
704
704
704
704
704
704
704
704
704
704
Module:2	RCU:0	branch:0	card:14
704
704
704
704
704
704
704
704
704
704
704
704
704
704
704
704
704
704
704
704
704
704
704
704
704
704
704
704
704
704
704
704
Module:2	RCU:0	branch:1	card:1
704
704
704
704
704
704
704
704
704
704
704
704
704
704
704
704
704
704
704
704
704
704
704
704
704
704
704
704
704
704
704
704
Module:2	RCU:0	branch:1	card:2
704
704
704
704
704
704
704
704
704
704
704
704
704
704
704
704
704
704
704
704
704
704
704
704
704
704
704
704
704
704
704
704
Module:2	RCU:0	branch:1	card:3
704
704
704
704
704
704
704
704
704
704
704
704
704
704
704
704
704
704
704
704
704
704
704
704
704
704
704
704
704
704
704
704
Module:2	RCU:0	branch:1	card:4
704
704
704
704
704
704
704
704
704
704
704
704
704
704
704
704
704
704
704
704
704
704
704
704
704
704
704
704
704
704
704
704
Module:2	RCU:0	branch:1	card:5
704
704
704
704
704
704
704
704
704
704
704
704
704
704
704
704
704
704
704
704
704
704
704
704
704
704
704
704
704
704
704
704
Module:2	RCU:0	branch:1	card:6
704
704
704
704
704
704
704
704
704
704
704
704
704
704
704
704
704
704
704
704
704
704
704
704
704
704
704
704
704
704
704
704
Module:2	RCU:0	branch:1	card:7
704
704
704
704
704
704
704
704
704
704
704
704
704
704
704
704
704
704
704
704
704
704
704
704
704
704
704
704
704
704
704
704
Module:2	RCU:0	branch:1	card:8
704
704
704
704
704
704
704
704
704
704
704
704
704
704
704
704
704
704
704
704
704
704
704
704
704
704
704
704
704
704
704
704
Module:2	RCU:0	branch:1	card:9
704
704
704
704
704
704
704
704
704
704
704
704
704
704
704
704
704
704
704
704
704
704
704
704
704
704
704
704
704
704
704
704
Module:2	RCU:0	branch:1	card:10
704
704
704
704
704
704
704
704
704
704
704
704
704
704
704
704
704
704
704
704
704
704
704
704
704
704
704
704
704
704
704
704
Module:2	RCU:0	branch:1	card:11
704
704
704
704
704
704
704
704
704
704
704
704
704
704
704
704
704
704
704
704
704
704
704
704
704
704
704
704
704
704
704
704
Module:2	RCU:0	branch:1	card:12
704
704
704
704
704
704
704
704
704
704
704
704
704
704
704
704
704
704
704
704
704
704
704
704
704
704
704
704
704
704
704
704
Module:2	RCU:0	branch:1	card:13
704
704
704
704
704
704
704
704
704
704
704
704
704
704
704
704
704
704
704
704
704
704
704
704
704
704
704
704
704
704
704
704
Module:2	RCU:0	branch:1	card:14
704
704
704
704
704
704
704
704
704
704
704
704
704
704
704
704
704
704
704
704
704
704
704
704
704
704
704
704
704
704
704
704
Module:2	RCU:1	branch:0	card:1
704
704
704
704
704
704
704
704
704
704
704
704
704
704
704
704
704
704
704
704
704
704
704
704
704
704
704
704
704
704
704
704
Module:2	RCU:1	branch:0	card:2
704
704
704
704
704
704
704
704
704
704
704
704
704
704
704
704
704
704
704
704
704
704
704
704
704
704
704
704
704
704
704
704
Module:2	RCU:1	branch:0	card:3
704
704
704
704
704
704
704
704
704
704
704
704
704
704
704
704
704
704
704
704
704
704
704
704
704
704
704
704
704
704
704
704
Module:2	RCU:1	branch:0	card:4
704
704
704
704
704
704
704
704
704
704
704
704
704
704
704
704
704
704
704
704
704
704
704
704
704
704
704
704
704
704
704
704
Module:2	RCU:1	branch:0	card:5
704
704
704
704
704
704
704
704
704
704
704
704
704
704
704
704
704
704
704
704
704
704
704
704
704
704
704
704
704
704
704
704
Module:2	RCU:1	branch:0	card:6
704
704
704
704
704
704
704
704
704
704
704
704
704
704
704
704
704
704
704
704
704
704
704
704
704
704
704
704
704
704
704
704
Module:2	RCU:1	branch:0	card:7
704
704
704
704
704
704
704
704
704
704
704
704
704
704
704
704
704
704
704
704
704
704
704
704
704
704
704
704
704
704
704
704
Module:2	RCU:1	branch:0	card:8
704
704
704
704
704
704
704
704
704
704
704
704
704
704
704
704
704
704
704
704
704
704
704
704
704
704
704
704
704
704
704
704
Module:2	RCU:1	branch:0	card:9
704
704
704
704
704
704
704
704
704
704
704
704
704
704
704
704
704
704
704
704
704
704
704
704
704
704
704
704
704
704
704
704
Module:2	RCU:1	branch:0	card:10
704
704
704
704
704
704
704
704
704
704
704
704
704
704
704
704
704
704
704
704
704
704
704
704
704
704
704
704
704
704
704
704
Module:2	RCU:1	branch:0	card:11
704
704
704
704
704
704
704
704
704
704
704
704
704
704
704
704
704
704
704
704
704
704
704
704
704
704
704
704
704
704
704
704
Module:2	RCU:1	branch:0	card:12
704
704
704
704
704
704
704
704
704
704
704
704
704
704
704
704
704
704
704
704
704
704
704
704
704
704
704
704
704
704
704
704
Module:2	RCU:1	branch:0	card:13
704
704
704
704
704
704
704
704
704
704
704
704
704
704
704
704
704
704
704
704
704
704
704
704
704
704
704
704
704
704
704
704
Module:2	RCU:1	branch:0	card:14
704
704
704
704
704
704
704
704
704
704
704
704
704
704
704
704
704
704
704
704
704
704
704
704
704
704
704
704
704
704
704
704
Module:2	RCU:1	branch:1	card:1
704
704
704
704
704
704
704
704
704
704
704
704
704
704
704
704
704
704
704
704
704
704
704
704
704
704
704
704
704
704
704
704
Module:2	RCU:1	branch:1	card:2
704
704
704
704
704
704
704
704
704
704
704
704
704
704
704
704
704
704
704
704
704
704
704
704
704
704
704
704
704
704
704
704
Module:2	RCU:1	branch:1	card:3
704
704
704
704
704
704
704
704
704
704
704
704
704
704
704
704
704
704
704
704
704
704
704
704
704
704
704
704
704
704
704
704
Module:2	RCU:1	branch:1	card:4
704
704
704
704
704
704
704
704
704
704
704
704
704
704
704
704
704
704
704
704
704
704
704
704
704
704
704
704
704
704
704
704
Module:2	RCU:1	branch:1	card:5
704
704
704
704
704
704
704
704
704
704
704
704
704
704
704
704
704
704
704
704
704
704
704
704
704
704
704
704
704
704
704
704
Module:2	RCU:1	branch:1	card:6
704
704
704
704
704
704
704
704
704
704
704
704
704
704
704
704
704
704
704
704
704
704
704
704
704
704
704
704
704
704
704
704
Module:2	RCU:1	branch:1	card:7
704
704
704
704
704
704
704
704
704
704
704
704
704
704
704
704
704
704
704
704
704
704
704
704
704
704
704
704
704
704
704
704
Module:2	RCU:1	branch:1	card:8
704
704
704
704
704
704
704
704
704
704
704
704
704
704
704
704
704
704
704
704
704
704
704
704
704
704
704
704
704
704
704
704
Module:2	RCU:1	branch:1	card:9
704
704
704
704
704
704
704
704
704
704
704
704
704
704
704
704
704
704
704
704
704
704
704
704
704
704
704
704
704
704
704
704
Module:2	RCU:1	branch:1	card:10
704
704
704
704
704
704
704
704
704
704
704
704
704
704
704
704
704
704
704
704
704
704
704
704
704
704
704
704
704
704
704
704
Module:2	RCU:1	branch:1	card:11
704
704
704
704
704
704
704
704
704
704
704
704
704
704
704
704
704
704
704
704
704
704
704
704
704
704
704
704
704
704
704
704
Module:2	RCU:1	branch:1	card:12
704
704
704
704
704
704
704
704
704
704
704
704
704
704
704
704
704
704
704
704
704
704
704
704
704
704
704
704
704
704
704
704
Module:2	RCU:1	branch:1	card:13
704
704
704
704
704
704
704
704
704
704
704
704
704
704
704
704
704
704
704
704
704
704
704
704
704
704
704
704
704
704
704
704
Module:2	RCU:1	branch:1	card:14
704
704
704
704
704
704
704
704
704
704
704
704
704
704
704
704
704
704
704
704
704
704
704
704
704
704
704
704
704
704
704
704
Module:2	RCU:2	branch:0	card:1
704
704
704
704
704
704
704
704
704
704
704
704
704
704
704
704
704
704
704
704
704
704
704
704
704
704
704
704
704
704
704
704
Module:2	RCU:2	branch:0	card:2
704
704
704
704
704
704
704
704
704
704
704
704
704
704
704
704
704
704
704
704
704
704
704
704
704
704
704
704
704
704
704
704
Module:2	RCU:2	branch:0	card:3
704
704
704
704
704
704
704
704
704
704
704
704
704
704
704
704
704
704
704
704
704
704
704
704
704
704
704
704
704
704
704
704
Module:2	RCU:2	branch:0	card:4
704
704
704
704
704
704
704
704
704
704
704
704
704
704
704
704
704
704
704
704
704
704
704
704
704
704
704
704
704
704
704
704
Module:2	RCU:2	branch:0	card:5
704
704
704
704
704
704
704
704
704
704
704
704
704
704
704
704
704
704
704
704
704
704
704
704
704
704
704
704
704
704
704
704
Module:2	RCU:2	branch:0	card:6
704
704
704
704
704
704
704
704
704
704
704
704
704
704
704
704
704
704
704
704
704
704
704
704
704
704
704
704
704
704
704
704
Module:2	RCU:2	branch:0	card:7
704
704
704
704
704
704
704
704
704
704
704
704
704
704
704
704
704
704
704
704
704
704
704
704
704
704
704
704
704
704
704
704
Module:2	RCU:2	branch:0	card:8
704
704
704
704
704
704
704
704
704
704
704
704
704
704
704
704
704
704
704
704
704
704
704
704
704
704
704
704
704
704
704
704
Module:2	RCU:2	branch:0	card:9
704
704
704
704
704
704
704
704
704
704
704
704
704
704
704
704
704
704
704
704
704
704
704
704
704
704
704
704
704
704
704
704
Module:2	RCU:2	branch:0	card:10
704
704
704
704
704
704
704
704
704
704
704
704
704
704
704
704
704
704
704
704
704
704
704
704
704
704
704
704
704
704
704
704
Module:2	RCU:2	branch:0	card:11
704
704
704
704
704
704
704
704
704
704
704
704
704
704
704
704
704
704
704
704
704
704
704
704
704
704
704
704
704
704
704
704
Module:2	RCU:2	branch:0	card:12
704
704
704
704
704
704
704
704
704
704
704
704
704
704
704
704
704
704
704
704
704
704
704
704
704
704
704
704
704
704
704
704
Module:2	RCU:2	branch:0	card:13
704
704
704
704
704
704
704
704
704
704
704
704
704
704
704
704
704
704
704
704
704
704
704
704
704
704
704
704
704
704
704
704
Module:2	RCU:2	branch:0	card:14
704
704
704
704
704
704
704
704
704
704
704
704
704
704
704
704
704
704
704
704
704
704
704
704
704
704
704
704
704
704
704
704
Module:2	RCU:2	branch:1	card:1
704
704
704
704
704
704
704
704
704
704
704
704
704
704
704
704
704
704
704
704
704
704
704
704
704
704
704
704
704
704
704
704
Module:2	RCU:2	branch:1	card:2
704
704
704
704
704
704
704
704
704
704
704
704
704
704
704
704
704
704
704
704
704
704
704
704
704
704
704
704
704
704
704
704
Module:2	RCU:2	branch:1	card:3
704
704
704
704
704
704
704
704
704
704
704
704
704
704
704
704
704
704
704
704
704
704
704
704
704
704
704
704
704
704
704
704
Module:2	RCU:2	branch:1	card:4
704
704
704
704
704
704
704
704
704
704
704
704
704
704
704
704
704
704
704
704
704
704
704
704
704
704
704
704
704
704
704
704
Module:2	RCU:2	branch:1	card:5
704
704
704
704
704
704
704
704
704
704
704
704
704
704
704
704
704
704
704
704
704
704
704
704
704
704
704
704
704
704
704
704
Module:2	RCU:2	branch:1	card:6
704
704
704
704
704
704
704
704
704
704
704
704
704
704
704
704
704
704
704
704
704
704
704
704
704
704
704
704
704
704
704
704
Module:2	RCU:2	branch:1	card:7
704
704
704
704
704
704
704
704
704
704
704
704
704
704
704
704
704
704
704
704
704
704
704
704
704
704
704
704
704
704
704
704
Module:2	RCU:2	branch:1	card:8
704
704
704
704
704
704
704
704
704
704
704
704
704
704
704
704
704
704
704
704
704
704
704
704
704
704
704
704
704
704
704
704
Module:2	RCU:2	branch:1	card:9
704
704
704
704
704
704
704
704
704
704
704
704
704
704
704
704
704
704
704
704
704
704
704
704
704
704
704
704
704
704
704
704
Module:2	RCU:2	branch:1	card:10
704
704
704
704
704
704
704
704
704
704
704
704
704
704
704
704
704
704
704
704
704
704
704
704
704
704
704
704
704
704
704
704
Module:2	RCU:2	branch:1	card:11
704
704
704
704
704
704
704
704
704
704
704
704
704
704
704
704
704
704
704
704
704
704
704
704
704
704
704
704
704
704
704
704
Module:2	RCU:2	branch:1	card:12
704
704
704
704
704
704
704
704
704
704
704
704
704
704
704
704
704
704
704
704
704
704
704
704
704
704
704
704
704
704
704
704
Module:2	RCU:2	branch:1	card:13
704
704
704
704
704
704
704
704
704
704
704
704
704
704
704
704
704
704
704
704
704
704
704
704
704
704
704
704
704
704
704
704
Module:2	RCU:2	branch:1	card:14
704
704
704
704
704
704
704
704
704
704
704
704
704
704
704
704
704
704
704
704
704
704
704
704
704
704
704
704
704
704
704
704
Module:2	RCU:3	branch:0	card:1
704
704
704
704
704
704
704
704
704
704
704
704
704
704
704
704
704
704
704
704
704
704
704
704
704
704
704
704
704
704
704
704
Module:2	RCU:3	branch:0	card:2
704
704
704
704
704
704
704
704
704
704
704
704
704
704
704
704
704
704
704
704
704
704
704
704
704
704
704
704
704
704
704
704
Module:2	RCU:3	branch:0	card:3
704
704
704
704
704
704
704
704
704
704
704
704
704
704
704
704
704
704
704
704
704
704
704
704
704
704
704
704
704
704
704
704
Module:2	RCU:3	branch:0	card:4
704
704
704
704
704
704
704
704
704
704
704
704
704
704
704
704
704
704
704
704
704
704
704
704
704
704
704
704
704
704
704
704
Module:2	RCU:3	branch:0	card:5
704
704
704
704
704
704
704
704
704
704
704
704
704
704
704
704
704
704
704
704
704
704
704
704
704
704
704
704
704
704
704
704
Module:2	RCU:3	branch:0	card:6
704
704
704
704
704
704
704
704
704
704
704
704
704
704
704
704
704
704
704
704
704
704
704
704
704
704
704
704
704
704
704
704
Module:2	RCU:3	branch:0	card:7
704
704
704
704
704
704
704
704
704
704
704
704
704
704
704
704
704
704
704
704
704
704
704
704
704
704
704
704
704
704
704
704
Module:2	RCU:3	branch:0	card:8
704
704
704
704
704
704
704
704
704
704
704
704
704
704
704
704
704
704
704
704
704
704
704
704
704
704
704
704
704
704
704
704
Module:2	RCU:3	branch:0	card:9
704
704
704
704
704
704
704
704
704
704
704
704
704
704
704
704
704
704
704
704
704
704
704
704
704
704
704
704
704
704
704
704
Module:2	RCU:3	branch:0	card:10
704
704
704
704
704
704
704
704
704
704
704
704
704
704
704
704
704
704
704
704
704
704
704
704
704
704
704
704
704
704
704
704
Module:2	RCU:3	branch:0	card:11
704
704
704
704
704
704
704
704
704
704
704
704
704
704
704
704
704
704
704
704
704
704
704
704
704
704
704
704
704
704
704
704
Module:2	RCU:3	branch:0	card:12
704
704
704
704
704
704
704
704
704
704
704
704
704
704
704
704
704
704
704
704
704
704
704
704
704
704
704
704
704
704
704
704
Module:2	RCU:3	branch:0	card:13
704
704
704
704
704
704
704
704
704
704
704
704
704
704
704
704
704
704
704
704
704
704
704
704
704
704
704
704
704
704
704
704
Module:2	RCU:3	branch:0	card:14
704
704
704
704
704
704
704
704
704
704
704
704
704
704
704
704
704
704
704
704
704
704
704
704
704
704
704
704
704
704
704
704
Module:2	RCU:3	branch:1	card:1
704
704
704
704
704
704
704
704
704
704
704
704
704
704
704
704
704
704
704
704
704
704
704
704
704
704
704
704
704
704
704
704
Module:2	RCU:3	branch:1	card:2
704
704
704
704
704
704
704
704
704
704
704
704
704
704
704
704
704
704
704
704
704
704
704
704
704
704
704
704
704
704
704
704
Module:2	RCU:3	branch:1	card:3
704
704
704
704
704
704
704
704
704
704
704
704
704
704
704
704
704
704
704
704
704
704
704
704
704
704
704
704
704
704
704
704
Module:2	RCU:3	branch:1	card:4
704
704
704
704
704
704
704
704
704
704
704
704
704
704
704
704
704
704
704
704
704
704
704
704
704
704
704
704
704
704
704
704
Module:2	RCU:3	branch:1	card:5
704
704
704
704
704
704
704
704
704
704
704
704
704
704
704
704
704
704
704
704
704
704
704
704
704
704
704
704
704
704
704
704
Module:2	RCU:3	branch:1	card:6
704
704
704
704
704
704
704
704
704
704
704
704
704
704
704
704
704
704
704
704
704
704
704
704
704
704
704
704
704
704
704
704
Module:2	RCU:3	branch:1	card:7
704
704
704
704
704
704
704
704
704
704
704
704
704
704
704
704
704
704
704
704
704
704
704
704
704
704
704
704
704
704
704
704
Module:2	RCU:3	branch:1	card:8
704
704
704
704
704
704
704
704
704
704
704
704
704
704
704
704
704
704
704
704
704
704
704
704
704
704
704
704
704
704
704
704
Module:2	RCU:3	branch:1	card:9
704
704
704
704
704
704
704
704
704
704
704
704
704
704
704
704
704
704
704
704
704
704
704
704
704
704
704
704
704
704
704
704
Module:2	RCU:3	branch:1	card:10
704
704
704
704
704
704
704
704
704
704
704
704
704
704
704
704
704
704
704
704
704
704
704
704
704
704
704
704
704
704
704
704
Module:2	RCU:3	branch:1	card:11
704
704
704
704
704
704
704
704
704
704
704
704
704
704
704
704
704
704
704
704
704
704
704
704
704
704
704
704
704
704
704
704
Module:2	RCU:3	branch:1	card:12
704
704
704
704
704
704
704
704
704
704
704
704
704
704
704
704
704
704
704
704
704
704
704
704
704
704
704
704
704
704
704
704
Module:2	RCU:3	branch:1	card:13
704
704
704
704
704
704
704
704
704
704
704
704
704
704
704
704
704
704
704
704
704
704
704
704
704
704
704
704
704
704
704
704
Module:2	RCU:3	branch:1	card:14
704
704
704
704
704
704
704
704
704
704
704
704
704
704
704
704
704
704
704
704
704
704
704
704
704
704
704
704
704
704
704
704
