Module:1	RCU:0	branch:0	card:5
512
512
512
512
512
512
512
512
512
512
512
512
512
512
512
512
512
512
512
512
512
512
512
512
512
512
512
512
512
512
512
512
Module:1	RCU:0	branch:0	card:6
512
512
512
512
512
512
512
512
512
512
512
512
512
512
512
512
512
512
512
512
512
512
512
512
512
512
512
512
512
512
512
512
Module:1	RCU:0	branch:0	card:7
512
512
512
512
512
512
512
512
512
512
512
512
512
512
512
512
512
512
512
512
512
512
512
512
512
512
512
512
512
512
512
512
Module:1	RCU:0	branch:0	card:13
512
512
512
512
512
512
512
512
512
512
512
512
512
512
512
512
512
512
512
512
512
512
512
512
512
512
512
512
512
512
512
512
Module:1	RCU:0	branch:1	card:5
512
512
512
512
512
512
512
512
512
512
512
512
512
512
512
512
512
512
512
512
512
512
512
512
512
512
512
512
512
512
512
512
Module:1	RCU:1	branch:0	card:5
512
512
512
512
512
512
512
512
512
512
512
512
512
512
512
512
512
512
512
512
512
512
512
512
512
512
512
512
512
512
512
512
Module:1	RCU:1	branch:0	card:6
512
512
512
512
512
512
512
512
512
512
512
512
512
512
512
512
512
512
512
512
512
512
512
512
512
512
512
512
512
512
512
512
Module:1	RCU:1	branch:0	card:12
512
512
512
512
512
512
512
512
512
512
512
512
512
512
512
512
512
512
512
512
512
512
512
512
512
512
512
512
512
512
512
512
Module:1	RCU:1	branch:1	card:3
512
512
512
512
512
512
512
512
512
512
512
512
512
512
512
512
512
512
512
512
512
512
512
512
512
512
512
512
512
512
512
512
Module:1	RCU:1	branch:1	card:5
512
512
512
512
512
512
512
512
512
512
512
512
512
512
512
512
512
512
512
512
512
512
512
512
512
512
512
512
512
512
512
512
Module:2	RCU:0	branch:0	card:1
915
1023
1023
1023
1023
1023
1023
1019
977
1001
940
1023
939
1023
945
774
812
824
1023
1023
1023
888
1004
991
977
1023
1023
793
955
1023
1023
810
Module:2	RCU:0	branch:0	card:2
929
920
942
879
950
886
928
891
909
874
918
855
961
883
963
835
877
1023
866
1023
1023
967
877
1023
842
1023
1023
1023
1023
1023
1023
1023
Module:2	RCU:0	branch:0	card:3
924
921
921
928
995
994
1005
1005
1008
1003
1008
954
903
976
895
983
988
1023
1023
786
1023
1013
831
1023
827
910
923
824
931
899
1019
829
Module:2	RCU:0	branch:0	card:4
1023
1023
1023
1023
1023
1023
1023
1023
1023
1023
1023
1023
1023
1023
1023
1023
855
821
859
853
973
942
1006
964
964
938
954
966
966
969
997
998
Module:2	RCU:0	branch:0	card:5
1023
902
1023
906
1023
936
996
945
990
945
934
917
883
903
898
954
930
917
892
900
886
924
901
1023
896
863
1023
870
1023
871
907
1005
Module:2	RCU:0	branch:0	card:6
1023
1023
1023
1023
1023
1023
1023
1023
1023
1023
1023
1023
1023
1023
1023
1023
846
790
804
1023
815
989
875
891
842
882
846
1023
795
1023
832
923
Module:2	RCU:0	branch:0	card:7
1004
1023
857
1023
1023
1023
1023
1023
1023
1023
1023
1023
1023
1023
1023
1023
924
896
860
902
890
844
973
851
893
995
919
914
906
862
980
878
Module:2	RCU:0	branch:0	card:8
1023
1023
1023
1023
1023
1023
1023
888
1023
1023
1023
1023
1023
909
1023
866
973
969
955
938
959
895
880
888
875
991
995
936
956
1023
966
929
Module:2	RCU:0	branch:0	card:9
1023
1023
1023
1023
1023
1023
1023
1023
1023
1023
1023
1023
1023
1023
1023
1023
808
984
1023
963
797
945
1013
936
929
875
921
870
1018
1008
1023
1014
Module:2	RCU:0	branch:0	card:10
1023
1023
1023
1023
1023
1023
1023
1023
1023
1023
1023
1023
1023
1023
1023
1023
781
1023
779
1023
781
1018
1023
813
830
1023
1023
814
831
1023
1023
1023
Module:2	RCU:0	branch:0	card:11
1023
1023
1023
1023
1015
1023
1023
990
1023
1023
1013
1018
994
996
988
1015
964
1023
886
1023
949
1020
960
1019
974
1015
1023
1005
1023
996
1023
812
Module:2	RCU:0	branch:0	card:12
1023
1023
1023
1023
1023
1023
1023
1023
801
1023
1023
1023
1023
1023
1023
1023
1005
980
999
983
1023
985
1010
969
1009
977
1008
984
984
972
984
987
Module:2	RCU:0	branch:0	card:13
1023
1023
1023
1023
1023
1023
1023
1023
1023
1023
1023
1023
1023
1023
1023
1023
953
923
959
923
959
920
952
932
921
938
962
901
921
892
921
901
Module:2	RCU:0	branch:0	card:14
1023
1023
1023
1023
1023
1023
1023
1023
1023
1023
1023
1023
1023
1023
1023
1023
809
892
861
885
901
946
844
822
887
885
851
959
891
899
851
864
Module:2	RCU:0	branch:1	card:1
975
1023
979
1023
979
976
916
981
946
1023
931
991
916
975
871
896
940
972
881
904
884
902
875
973
961
945
951
905
871
886
987
930
Module:2	RCU:0	branch:1	card:2
990
1023
993
1023
968
1023
992
1023
1023
1023
1023
1023
1023
981
1023
1023
1020
916
1023
961
927
1006
966
936
1023
777
953
1019
1015
1023
1001
887
Module:2	RCU:0	branch:1	card:3
1023
1023
1023
1023
1019
1023
1023
1023
1023
1023
1023
1015
1023
1023
1023
1023
960
1023
1023
978
966
1023
997
936
1023
1023
993
1023
1023
1023
1023
954
Module:2	RCU:0	branch:1	card:4
934
966
982
998
972
1019
887
1003
895
999
990
961
899
933
963
939
935
908
946
938
920
987
919
1023
919
977
907
1023
1023
1023
885
1004
Module:2	RCU:0	branch:1	card:5
789
820
791
925
792
935
870
959
877
931
907
988
858
965
863
967
1023
944
1023
940
1023
963
1023
954
1023
968
1023
970
1023
954
1023
923
Module:2	RCU:0	branch:1	card:6
875
899
837
899
890
896
901
857
922
853
847
847
866
828
826
824
1023
1023
1023
1023
1023
1023
1023
1023
1023
1023
1023
1023
1023
1023
1023
1023
Module:2	RCU:0	branch:1	card:7
931
910
957
875
959
875
870
838
864
923
861
921
834
866
943
865
1023
1013
1023
1023
991
968
983
1023
1010
994
1023
1023
965
990
1000
1023
Module:2	RCU:0	branch:1	card:8
814
840
808
845
804
792
787
957
962
961
962
857
958
898
818
835
1023
1023
1023
988
943
1002
1023
1021
1023
1018
1023
990
1023
1006
980
943
Module:2	RCU:0	branch:1	card:9
1019
1012
1023
1023
1022
1002
1023
1013
994
960
1002
857
998
856
987
857
1023
1023
1023
1023
969
1023
1023
1023
1023
947
1023
1023
1023
970
1023
1023
Module:2	RCU:0	branch:1	card:10
981
962
924
1023
919
1023
987
962
924
964
936
1023
1023
1023
1023
1023
1023
1023
1023
1023
1023
1023
1023
1023
943
1023
1023
1023
1023
1023
1023
1023
Module:2	RCU:0	branch:1	card:11
973
941
938
952
1023
989
1023
930
960
1023
962
926
979
992
1023
961
1023
1023
1023
1023
997
1023
1023
971
1023
949
1023
946
1023
1023
1023
1023
Module:2	RCU:0	branch:1	card:12
1023
1023
1023
1023
1023
1023
1023
926
1023
943
1023
966
1023
901
1023
913
1023
1023
1023
1023
1023
1023
1023
1023
1023
1023
1023
1005
1023
1023
1023
1023
Module:2	RCU:0	branch:1	card:13
1023
1023
1023
1023
1023
971
1023
1007
1023
1023
1023
1023
1023
1023
1023
1023
1023
1023
995
1023
969
965
1023
1023
1023
1023
1023
1023
1023
1023
1018
1023
Module:2	RCU:0	branch:1	card:14
983
988
1023
1023
928
1023
1007
951
1023
1023
993
1020
1023
1023
938
1023
1023
1023
1023
1023
1023
1023
934
1023
1023
1023
1023
912
1023
1023
1023
1023
Module:2	RCU:1	branch:0	card:1
1013
1023
1023
1023
1023
1023
1023
1023
1023
1023
1023
1023
1023
1023
1023
875
970
980
905
983
970
985
876
1023
831
977
921
984
1023
972
798
987
Module:2	RCU:1	branch:0	card:2
1023
1023
1023
1023
1022
1023
1023
1023
1006
1023
1001
1023
1017
1023
1009
1023
1013
874
1023
994
1012
780
807
880
869
859
894
883
891
1020
876
854
Module:2	RCU:1	branch:0	card:3
1023
991
1023
998
1023
943
1023
968
1023
1023
1023
1023
1015
1023
980
1023
965
1023
959
1023
924
1023
898
999
920
1023
1023
1023
1023
1023
1023
1023
Module:2	RCU:1	branch:0	card:4
1023
1023
1023
1023
1023
1023
1023
1023
1023
1023
1023
1023
1023
1023
1023
1023
908
824
908
802
870
988
899
982
875
991
872
964
843
959
843
972
Module:2	RCU:1	branch:0	card:5
1023
1023
1023
1023
1023
1023
1023
1023
1023
1023
1023
1023
1023
1023
1023
1023
976
967
1015
1022
1023
978
1023
1018
1008
1015
979
1005
952
994
1020
934
Module:2	RCU:1	branch:0	card:6
866
898
852
902
863
921
862
929
931
933
931
942
932
1023
894
1023
1016
989
1009
994
993
1001
1023
1023
999
1023
1009
1023
1023
1023
1023
986
Module:2	RCU:1	branch:0	card:7
964
986
959
986
960
983
960
989
955
998
950
1000
944
903
978
897
1023
1023
1023
1023
1023
1023
954
1023
957
1023
853
1023
1023
1017
1019
1023
Module:2	RCU:1	branch:0	card:8
997
1016
983
939
1023
930
875
901
1012
1023
927
1023
1015
1023
1015
969
953
988
967
1023
789
1023
819
1023
806
983
877
989
874
1023
983
807
Module:2	RCU:1	branch:0	card:9
1023
1023
1023
1023
1023
1023
1023
1023
1023
1013
1023
1009
1023
1004
1023
1001
881
1023
907
919
870
940
834
943
874
894
975
910
944
920
880
918
Module:2	RCU:1	branch:0	card:10
1023
1023
1023
1023
1023
1023
1023
1023
1023
1023
1023
1023
1023
1023
1023
1023
1023
1023
1023
1023
1023
1023
1023
1023
1023
1023
1023
1023
1023
903
1023
926
Module:2	RCU:1	branch:0	card:11
1023
1023
1023
1023
1023
1023
1023
1023
1023
1023
1023
1023
1023
1023
1023
1023
1018
1023
999
1023
980
907
1023
1023
1023
1023
1023
1023
1023
1023
1023
1004
Module:2	RCU:1	branch:0	card:12
967
1023
893
974
1023
971
1023
1023
1023
1023
1023
1023
1023
1023
1023
1023
910
918
991
1023
990
1023
893
1023
980
1023
953
1023
955
984
836
1000
Module:2	RCU:1	branch:0	card:13
906
936
1023
938
899
943
1023
964
1023
974
946
976
902
965
939
967
1017
834
852
870
1023
1023
947
1023
846
1014
1023
948
1007
880
1021
942
Module:2	RCU:1	branch:0	card:14
987
930
915
1023
1023
1023
1023
1023
1023
1019
977
1001
940
1023
939
1023
945
774
812
824
1023
1023
1023
888
1004
991
977
1023
1023
793
955
1023
Module:2	RCU:1	branch:1	card:1
1021
980
1001
1023
1007
1023
922
1023
995
1023
1011
1023
988
971
1023
1023
955
1011
995
1023
1023
1023
1023
1023
1023
1023
1023
1023
931
940
937
1023
Module:2	RCU:1	branch:1	card:2
973
922
972
993
985
989
981
996
979
1008
959
995
960
1014
949
1023
983
994
1020
1023
956
1023
973
1023
974
987
965
938
950
993
1023
1006
Module:2	RCU:1	branch:1	card:3
1023
1023
1023
1023
1023
1023
1023
1023
1023
1023
1023
1023
1023
1023
1023
961
876
1012
878
979
846
958
855
975
824
1023
1008
1020
958
979
992
958
Module:2	RCU:1	branch:1	card:4
1023
1023
1023
1023
1023
1023
1023
1023
1023
1023
1023
1023
1023
1023
1023
1023
977
1014
958
1023
950
1023
963
1023
958
1023
990
997
983
989
1023
1002
Module:2	RCU:1	branch:1	card:5
1023
933
1023
922
1023
975
1023
1023
1023
1023
1023
1023
963
1023
925
1023
925
1023
909
1023
927
997
910
1010
940
993
937
1002
1020
979
1023
971
Module:2	RCU:1	branch:1	card:6
992
1023
988
1023
995
1023
1023
1023
1023
1023
1023
1023
1023
1023
1023
1023
1023
1007
1023
864
1023
881
1023
998
1023
872
1020
877
1010
1005
1015
942
Module:2	RCU:1	branch:1	card:7
1023
959
988
1023
990
1023
946
963
1023
989
1023
964
975
1017
993
1023
912
921
895
888
908
1023
900
917
913
881
902
951
902
935
989
936
Module:2	RCU:1	branch:1	card:8
1013
998
970
1017
1023
1015
971
991
996
1004
1018
979
938
930
961
1013
1023
982
1023
1023
1023
1023
1023
1023
1023
1023
1023
1023
1023
1023
1023
1023
Module:2	RCU:1	branch:1	card:9
895
1023
1019
1023
983
944
1023
1023
1023
1023
1023
1023
1023
981
1023
968
1023
1023
1023
1023
1016
1023
1023
1023
1023
1023
1023
1023
1023
1023
1023
1023
Module:2	RCU:1	branch:1	card:10
1009
1023
921
983
1023
985
1023
978
974
1023
1023
1023
1023
1023
1023
1003
1023
1023
1023
1023
1023
1023
984
1023
1023
1023
1023
1023
1023
1023
1023
984
Module:2	RCU:1	branch:1	card:11
1023
1023
1023
1023
1023
1023
1023
1023
1023
1023
1023
1023
1023
983
905
1023
1006
1008
1019
1023
1023
1023
1023
1023
987
1023
1000
996
1006
1023
1023
1023
Module:2	RCU:1	branch:1	card:12
858
1015
854
1012
1023
1008
1023
1023
1023
1023
1023
1023
1018
1023
1023
1023
1012
1001
1021
948
1023
962
1023
1023
1023
1023
1023
1023
1023
1011
1023
921
Module:2	RCU:1	branch:1	card:13
1023
967
1023
898
1023
1004
904
1018
1001
1023
990
1023
1023
933
1023
936
1023
1023
1023
971
1023
967
937
1023
1023
1023
1023
1023
1023
1023
1015
988
Module:2	RCU:1	branch:1	card:14
975
858
975
1023
979
1023
979
976
916
981
946
1023
931
991
916
975
871
896
940
972
881
904
884
902
875
973
961
945
951
905
871
886
Module:2	RCU:2	branch:0	card:1
948
989
994
965
1023
923
942
914
925
901
930
900
929
962
809
817
832
886
885
761
928
821
932
861
960
854
865
958
788
781
975
858
Module:2	RCU:2	branch:0	card:2
991
1006
991
1020
993
1017
996
1015
1001
1015
1003
1005
1005
990
986
931
1023
1008
1023
1011
1023
897
1023
905
1023
998
1023
954
1023
984
1023
980
Module:2	RCU:2	branch:0	card:3
1023
1023
1023
1023
1023
1023
1023
1023
1023
1023
1023
1023
1023
1023
1023
1023
1023
1023
1023
1023
1023
1023
1023
1023
1023
1023
1023
1023
1023
1023
1023
1023
Module:2	RCU:2	branch:0	card:4
1023
1023
1023
1023
1023
1023
1023
1023
1023
1023
1023
1023
1023
1023
1023
975
1023
1023
1023
1023
1023
1023
1023
1023
1023
1023
1023
1023
1023
1023
1023
1023
Module:2	RCU:2	branch:0	card:5
1023
1023
1023
1023
1023
1023
1023
1023
1023
1018
1023
1023
1023
1023
1023
1023
919
966
1023
1023
1023
1023
1023
1007
994
969
955
1023
1023
1023
1002
1023
Module:2	RCU:2	branch:0	card:6
934
955
913
853
948
950
1015
1000
965
1023
966
1023
963
1023
940
1023
1023
1023
1023
1023
1023
1023
1023
1022
891
1016
1023
975
1023
1023
1023
1023
Module:2	RCU:2	branch:0	card:7
1023
805
1023
1023
1015
826
1023
820
1019
817
1023
951
825
947
817
969
1023
1023
1023
1023
814
1023
1023
1023
1023
1023
1023
1023
1023
1023
1023
1023
Module:2	RCU:2	branch:0	card:8
971
974
972
981
971
1023
981
1023
1023
1023
997
1023
1001
1018
973
1023
998
1023
997
1023
1023
1023
1023
1023
1023
1023
1001
1019
1023
1023
1023
1023
Module:2	RCU:2	branch:0	card:9
928
940
911
913
912
913
913
1023
912
1003
1010
999
1006
998
996
1001
1019
949
968
1014
1020
1023
945
1023
1022
1023
943
1023
1023
1023
957
1023
Module:2	RCU:2	branch:0	card:10
1008
1021
1013
1012
1010
1023
1023
1023
1023
1023
1023
1023
1023
1023
1008
1023
1023
961
1023
915
1023
961
1023
990
1023
908
1023
907
927
972
926
973
Module:2	RCU:2	branch:0	card:11
926
1023
910
1023
1023
1023
1023
1023
1023
1023
1023
1023
1023
1023
1023
1023
1023
1023
1023
1023
1023
1023
1023
1023
1023
1023
1023
1023
1023
1023
1005
1023
Module:2	RCU:2	branch:0	card:12
1023
915
1023
921
1023
927
873
888
871
885
868
1023
859
1023
824
1023
1023
1023
1023
1023
1023
1023
1020
1023
1012
1023
997
1023
1014
1023
1023
1023
Module:2	RCU:2	branch:0	card:13
982
1023
978
841
980
1023
980
1023
983
1023
1023
1023
1023
1023
1023
835
948
922
900
985
937
997
913
953
1002
968
980
944
896
1011
907
1023
Module:2	RCU:2	branch:0	card:14
887
949
890
949
891
947
894
945
898
980
902
989
952
995
949
995
939
1023
1012
904
993
944
915
932
914
998
953
1019
929
868
1023
946
Module:2	RCU:2	branch:1	card:1
1023
776
846
990
818
1023
825
1023
816
1002
817
1023
807
1023
930
1008
909
1003
826
998
817
1023
1023
1023
973
852
849
851
840
1004
955
925
Module:2	RCU:2	branch:1	card:2
891
842
909
920
977
983
938
994
877
926
913
941
984
973
1005
885
949
971
918
963
936
1016
945
1023
1023
1001
987
1006
927
998
974
993
Module:2	RCU:2	branch:1	card:3
909
828
875
839
883
844
881
846
878
974
881
897
871
906
875
935
1023
872
885
874
895
877
902
871
907
851
907
821
862
832
868
839
Module:2	RCU:2	branch:1	card:4
1023
1023
1023
1023
1023
1023
1023
1023
1023
910
1023
909
1023
912
1023
912
955
1023
974
1023
1023
1023
1023
980
1023
1023
1023
1023
1023
1023
1023
812
Module:2	RCU:2	branch:1	card:5
1023
793
1023
929
1023
919
1023
924
1023
991
1023
860
1023
1023
1023
1023
997
1015
1011
1008
1012
988
1001
971
991
986
1023
824
1020
1023
1018
973
Module:2	RCU:2	branch:1	card:6
1023
996
940
1023
932
1023
1023
938
1023
938
1023
1023
937
1023
938
1023
977
999
970
1001
957
950
937
954
1023
958
1023
970
1023
980
993
980
Module:2	RCU:2	branch:1	card:7
1002
968
935
965
937
968
969
1023
1001
904
935
942
972
974
997
1023
1023
1023
1023
1023
1023
1023
1023
1023
1023
1023
1023
1023
1023
1023
1023
1023
Module:2	RCU:2	branch:1	card:8
875
876
900
855
893
859
882
822
843
830
862
801
875
809
843
971
936
893
938
893
935
1023
923
1015
914
1023
909
1023
863
1023
881
1023
Module:2	RCU:2	branch:1	card:9
898
916
1023
907
891
914
885
896
866
904
877
890
884
894
895
869
1023
1023
1023
1023
1023
843
1023
848
1023
844
1023
832
1023
822
1023
937
Module:2	RCU:2	branch:1	card:10
980
930
963
903
971
932
964
919
984
908
944
794
952
949
923
942
1023
1014
1023
1023
1023
1023
1023
1023
1023
1023
1023
1023
1023
1023
1023
1023
Module:2	RCU:2	branch:1	card:11
1023
989
891
998
1023
981
916
957
1009
985
1001
939
999
938
945
944
871
895
863
916
860
920
859
911
858
885
854
885
856
888
894
1023
Module:2	RCU:2	branch:1	card:12
1023
1023
806
887
812
873
880
926
1023
1023
937
817
822
830
877
1023
823
933
826
890
827
937
831
949
842
958
989
962
949
880
940
973
Module:2	RCU:2	branch:1	card:13
858
869
898
892
908
1023
1023
1023
934
934
907
918
833
817
837
818
1023
1023
1023
1023
1023
1023
1023
1023
1023
1023
1023
875
1023
842
1023
821
Module:2	RCU:2	branch:1	card:14
959
900
947
901
976
963
1023
1023
982
837
1023
856
857
917
837
890
904
1023
913
996
959
991
982
990
1008
986
1018
968
1020
960
1023
899
Module:2	RCU:3	branch:0	card:1
931
957
920
898
901
872
798
862
851
873
848
875
950
871
954
861
1023
861
1023
971
1023
961
1023
975
1023
907
1023
893
1023
974
955
976
Module:2	RCU:3	branch:0	card:2
1023
928
1023
926
1023
924
1023
923
921
1023
1023
919
918
962
925
939
1023
1023
1023
1023
1023
1023
1023
1023
1023
1023
1023
1023
1023
908
1023
1023
Module:2	RCU:3	branch:0	card:3
1015
1023
1016
1023
1014
1023
990
1023
1000
1023
998
1023
996
1016
999
1023
898
1023
1023
1023
980
939
999
999
1004
1023
1015
1023
1023
1023
1023
1023
Module:2	RCU:3	branch:0	card:4
974
1023
975
1023
970
1017
950
1007
1023
977
1023
989
1023
999
1023
1008
842
1023
959
1023
972
1023
996
1011
947
1018
1023
1023
1023
1023
1023
1023
Module:2	RCU:3	branch:0	card:5
861
921
981
937
976
947
997
957
989
1023
979
852
968
979
957
976
954
986
951
1023
954
886
919
1023
975
868
966
995
917
996
923
865
Module:2	RCU:3	branch:0	card:6
931
821
805
843
880
954
813
864
816
938
950
819
866
873
855
960
990
1023
1023
1023
999
1023
1023
1023
1023
1023
1012
966
1023
977
1023
912
Module:2	RCU:3	branch:0	card:7
983
912
1023
903
1023
842
1023
891
922
903
972
995
851
897
932
891
1023
942
929
932
925
982
985
982
1023
1023
1023
1023
1007
1005
999
1023
Module:2	RCU:3	branch:0	card:8
947
955
972
943
1023
1023
1004
993
1023
1023
1023
926
1023
969
1023
1023
937
979
945
972
923
887
928
1008
907
1023
954
1023
893
1023
872
958
Module:2	RCU:3	branch:0	card:9
957
1021
1023
1023
1023
1023
1002
1011
987
930
1023
1018
1006
1013
1009
1023
1023
1023
880
1023
1023
872
1023
984
1023
844
1023
898
955
952
1023
915
Module:2	RCU:3	branch:0	card:10
1023
983
1001
919
997
1023
1023
1023
1023
1023
1023
995
1023
903
940
1023
918
1023
913
980
903
963
963
1007
985
922
995
1023
1023
1023
912
1023
Module:2	RCU:3	branch:0	card:11
1023
1023
1023
990
961
977
1011
1007
1023
1023
1023
1023
1023
1023
1023
1023
833
932
848
897
954
932
864
876
943
815
952
905
872
913
922
896
Module:2	RCU:3	branch:0	card:12
961
1023
1017
1023
1023
1017
930
1023
1016
1023
1023
1023
1004
970
1023
990
1004
857
1005
979
1023
816
863
965
992
839
1000
848
957
989
947
821
Module:2	RCU:3	branch:0	card:13
981
880
993
946
1000
1023
1023
1023
1023
1023
1023
1003
1023
993
989
948
1023
906
1023
831
1023
1005
787
1004
839
999
821
1023
820
1023
911
857
Module:2	RCU:3	branch:0	card:14
955
925
948
989
994
965
1023
923
942
914
925
901
930
900
929
962
809
817
832
886
885
761
928
821
932
861
960
854
865
958
788
781
Module:2	RCU:3	branch:1	card:1
905
1023
865
1023
987
983
1023
1023
1004
1023
1023
967
1023
1023
1003
1023
874
908
869
917
866
908
831
881
922
879
931
870
943
837
907
915
Module:2	RCU:3	branch:1	card:2
985
937
995
976
1023
936
961
919
899
891
948
898
988
909
924
896
821
930
834
914
866
900
946
958
947
973
894
980
944
980
942
975
Module:2	RCU:3	branch:1	card:3
1023
955
1013
1001
957
1022
1008
1013
1010
1020
1023
1023
926
985
1007
974
900
1023
1023
1023
1023
1023
950
1023
1023
987
1023
823
1023
814
1023
804
Module:2	RCU:3	branch:1	card:4
1023
1023
1004
1023
1023
920
1023
995
1023
1023
1023
1023
1023
1005
971
992
888
1012
889
977
880
1009
967
1001
981
974
990
953
1023
941
1023
928
Module:2	RCU:3	branch:1	card:5
1023
1023
1023
1023
1023
1023
1023
1023
1023
1023
1023
1023
1023
1023
1023
1023
928
848
928
848
937
801
953
801
857
917
990
890
983
890
978
887
Module:2	RCU:3	branch:1	card:6
799
852
855
894
853
885
848
911
924
926
917
1023
801
1023
846
1023
1023
961
1023
926
1000
924
1004
1023
1000
942
1020
965
1023
969
966
972
Module:2	RCU:3	branch:1	card:7
856
892
859
933
885
845
894
841
1023
982
820
874
834
901
875
929
1023
1023
1023
1023
1023
1023
1023
1009
1009
999
1015
1008
1023
1023
1023
1023
Module:2	RCU:3	branch:1	card:8
904
891
889
828
912
872
938
873
912
893
826
926
861
974
861
833
1023
1023
1023
1023
1023
1023
1023
1023
1023
1023
1023
1023
1023
1023
1023
998
Module:2	RCU:3	branch:1	card:9
825
959
835
979
830
955
802
949
957
961
973
943
917
952
973
846
804
1023
835
1023
818
1023
811
1023
817
1023
897
1023
841
1023
837
1023
Module:2	RCU:3	branch:1	card:10
893
887
875
888
862
863
876
855
873
859
880
853
874
850
891
846
971
1003
1023
1014
1023
995
1023
945
1023
977
1023
977
989
982
1006
809
Module:2	RCU:3	branch:1	card:11
946
942
910
944
937
953
923
913
919
928
797
903
928
919
935
898
894
991
887
973
876
963
870
952
866
952
866
963
866
972
872
951
Module:2	RCU:3	branch:1	card:12
995
936
996
912
803
951
1023
931
1023
980
995
952
933
959
959
943
846
903
844
898
900
897
889
899
882
905
877
924
926
925
912
892
Module:2	RCU:3	branch:1	card:13
1023
1023
1008
1023
1023
1023
1023
969
1023
1011
1023
1016
1023
1023
977
981
945
847
946
961
946
932
944
912
943
877
846
877
851
834
858
846
Module:2	RCU:3	branch:1	card:14
1023
787
1023
776
846
990
818
1023
825
1023
816
1002
817
1023
807
1023
930
1008
909
1003
826
998
817
1023
1023
1023
973
852
849
851
840
1004
