Module:2	RCU:3	branch:1	card:14
556
396
407
405
408
526
614
586
611
374
551
383
555
463
560
485
603
363
601
373
555
373
613
381
588
375
543
401
333
633
344
637
Module:2	RCU:3	branch:1	card:13
402
414
390
406
432
402
433
496
466
498
486
500
514
500
403
499
534
531
590
632
568
581
563
598
523
591
614
576
621
560
583
600
Module:2	RCU:3	branch:1	card:12
447
466
479
481
478
433
460
437
453
444
451
455
453
401
458
402
497
512
512
488
506
548
533
611
485
618
505
360
466
549
490
548
Module:2	RCU:3	branch:1	card:11
505
427
526
422
516
421
506
422
506
425
516
431
526
442
544
449
453
489
473
482
458
355
483
473
468
477
506
491
498
465
496
500
Module:2	RCU:3	branch:1	card:10
366
558
535
542
531
585
531
575
499
575
548
583
566
588
556
525
402
446
406
429
409
436
415
428
411
431
419
418
443
430
443
448
Module:2	RCU:3	branch:1	card:9
691
393
700
398
652
452
663
374
671
368
673
375
660
391
688
361
402
526
506
471
497
526
514
511
503
358
509
386
532
391
513
381
Module:2	RCU:3	branch:1	card:8
551
611
601
620
603
625
616
648
626
693
651
692
644
663
590
666
389
417
527
416
481
382
448
466
428
492
427
466
385
444
446
459
Module:2	RCU:3	branch:1	card:7
588
606
578
628
560
567
552
561
561
616
588
605
581
627
628
631
483
431
456
391
430
377
535
595
398
448
401
441
488
415
446
412
Module:2	RCU:3	branch:1	card:6
525
519
523
583
518
572
496
553
616
556
478
553
481
583
514
579
641
401
617
358
626
471
480
478
466
404
440
408
449
411
408
356
Module:2	RCU:3	branch:1	card:5
443
531
445
536
445
543
471
413
358
507
358
491
404
483
404
482
578
613
611
658
618
635
591
626
656
631
627
631
596
655
624
646
Module:2	RCU:3	branch:1	card:4
483
595
495
579
506
543
527
533
553
520
561
435
530
444
565
443
545
525
558
646
586
633
608
608
548
642
474
643
651
556
607
597
Module:2	RCU:3	branch:1	card:3
361
636
371
633
380
608
540
598
577
503
602
606
620
614
616
455
527
560
538
481
586
576
573
562
565
561
574
511
553
565
508
575
Module:2	RCU:3	branch:1	card:2
528
496
533
498
533
449
526
501
511
500
455
422
468
390
484
378
451
478
463
541
453
501
446
454
473
515
490
593
529
548
491
538
Module:2	RCU:3	branch:1	card:1
469
462
393
497
425
486
434
476
436
387
463
422
471
424
463
429
651
555
656
629
521
619
600
556
611
626
536
540
606
421
651
460
Module:2	RCU:3	branch:0	card:14
338
345
511
421
410
513
416
486
378
483
318
441
441
388
374
366
515
483
455
484
456
480
468
496
477
583
518
547
542
502
479
508
Module:2	RCU:3	branch:0	card:13
413
466
598
377
595
378
552
396
556
345
558
638
388
625
461
615
501
542
546
681
555
681
677
591
658
596
597
553
500
546
435
533
Module:2	RCU:3	branch:0	card:12
378
501
542
511
404
553
396
545
518
418
373
628
532
557
413
556
543
684
523
556
612
590
616
568
575
484
570
630
655
569
660
515
Module:2	RCU:3	branch:0	card:11
451
476
468
427
460
506
371
497
431
420
486
508
451
404
486
389
636
637
678
688
688
591
575
585
559
563
531
514
543
661
631
606
Module:2	RCU:3	branch:0	card:10
660
466
616
631
575
548
476
538
560
516
516
458
533
468
721
473
611
493
458
613
548
576
621
662
583
582
601
550
473
553
536
638
Module:2	RCU:3	branch:0	card:9
469
685
506
508
453
719
400
701
537
606
428
708
678
436
575
576
598
561
566
558
570
580
485
540
563
554
638
628
627
640
573
510
Module:2	RCU:3	branch:0	card:8
511
428
583
448
583
508
663
461
561
483
443
477
526
498
532
491
590
583
522
611
480
611
603
578
546
556
582
576
496
525
509
501
Module:2	RCU:3	branch:0	card:7
610
552
558
559
633
663
626
646
535
538
535
479
486
483
496
583
446
486
451
407
548
526
458
476
446
598
398
645
458
610
466
536
Module:2	RCU:3	branch:0	card:6
466
575
530
586
520
565
656
606
648
598
633
551
637
600
606
543
513
411
428
422
376
504
491
373
420
370
508
436
399
362
378
485
Module:2	RCU:3	branch:0	card:5
421
477
549
471
548
519
423
528
581
473
441
508
575
505
538
508
529
511
532
521
408
531
594
541
511
550
501
529
491
534
475
417
Module:2	RCU:3	branch:0	card:4
645
609
586
600
578
580
571
501
563
549
680
526
669
512
656
398
561
586
551
586
541
583
530
582
559
504
569
523
577
528
583
528
Module:2	RCU:3	branch:0	card:3
666
632
618
625
611
567
611
556
551
551
493
533
648
663
640
453
581
552
568
548
585
551
596
553
604
543
606
566
607
568
598
568
Module:2	RCU:3	branch:0	card:2
634
599
463
673
681
603
673
595
613
591
623
601
621
582
592
660
493
479
515
472
473
583
583
476
478
591
478
598
480
600
482
598
Module:2	RCU:3	branch:0	card:1
529
508
527
641
448
632
461
651
528
661
515
634
524
626
417
629
417
508
426
503
430
404
428
406
418
355
428
456
453
475
510
485
Module:2	RCU:2	branch:1	card:14
454
580
513
573
521
570
539
560
543
535
544
513
548
467
593
459
445
393
471
413
412
654
393
535
665
671
516
529
456
501
455
512
Module:2	RCU:2	branch:1	card:13
378
628
398
620
431
641
590
634
597
628
601
622
605
627
621
639
375
393
374
390
473
461
488
488
609
625
643
463
447
453
425
414
Module:2	RCU:2	branch:1	card:12
526
493
436
503
515
541
511
398
503
388
491
383
445
382
487
380
643
432
386
378
373
491
648
662
481
435
428
368
443
363
646
633
Module:2	RCU:2	branch:1	card:11
647
448
443
411
440
410
441
413
466
415
474
416
470
419
450
426
498
498
491
551
493
553
538
561
510
470
534
618
551
446
542
646
Module:2	RCU:2	branch:1	card:10
687
622
703
638
709
656
710
653
706
650
705
644
701
640
566
641
496
477
503
506
351
498
463
536
473
518
486
524
458
516
485
533
Module:2	RCU:2	branch:1	card:9
491
644
378
684
388
693
400
695
404
695
399
695
673
693
664
690
425
450
449
439
445
432
459
421
451
440
468
446
461
638
470
453
Module:2	RCU:2	branch:1	card:8
671
436
673
419
673
464
675
468
567
478
582
488
448
492
448
490
524
399
366
431
358
418
386
400
378
438
415
448
411
455
431
430
Module:2	RCU:2	branch:1	card:7
588
596
590
606
618
608
621
608
613
600
613
591
618
581
627
668
638
550
528
526
496
489
458
553
593
522
521
491
518
489
521
554
Module:2	RCU:2	branch:1	card:6
533
546
533
631
523
635
511
634
508
491
503
511
553
523
552
531
634
491
628
491
630
579
492
576
492
629
576
486
576
494
548
576
Module:2	RCU:2	branch:1	card:5
526
570
605
573
381
578
539
543
525
553
541
564
561
563
567
550
688
621
690
628
416
600
544
601
478
603
473
628
483
597
350
633
Module:2	RCU:2	branch:1	card:4
369
645
593
657
591
650
582
642
533
646
618
652
624
527
631
509
466
661
466
666
463
664
465
656
667
691
666
673
661
692
663
693
Module:2	RCU:2	branch:1	card:3
396
423
388
418
378
462
406
462
426
457
432
450
429
441
427
601
488
430
461
426
451
436
527
433
401
436
400
438
396
430
385
464
Module:2	RCU:2	branch:1	card:2
546
527
551
481
558
540
553
584
586
499
568
490
516
472
524
503
440
557
526
536
495
467
481
433
546
491
536
531
475
464
398
446
Module:2	RCU:2	branch:1	card:1
479
508
556
396
407
405
408
526
614
586
611
374
551
383
555
463
560
485
603
363
601
373
555
373
613
381
588
375
543
401
333
633
Module:2	RCU:2	branch:0	card:14
500
576
423
483
571
507
551
468
486
469
498
546
459
565
578
493
548
503
548
506
541
457
533
453
498
448
501
446
503
445
503
442
Module:2	RCU:2	branch:0	card:13
586
462
563
451
498
533
521
555
507
468
550
491
538
455
476
501
391
628
637
631
634
642
631
536
632
533
633
533
397
531
628
535
Module:2	RCU:2	branch:0	card:12
615
638
624
566
622
550
697
565
622
572
585
678
693
644
645
600
588
380
586
415
576
423
441
426
443
428
481
636
475
640
469
643
Module:2	RCU:2	branch:0	card:11
638
558
673
626
665
610
660
621
643
684
658
677
666
588
662
581
603
607
613
610
625
610
620
609
618
606
619
601
623
465
595
481
Module:2	RCU:2	branch:0	card:10
526
480
526
481
461
590
463
598
543
657
515
648
470
636
514
603
614
560
585
580
581
596
586
593
588
626
588
563
564
566
573
560
Module:2	RCU:2	branch:0	card:9
613
510
616
584
691
496
696
574
638
499
633
572
566
521
503
571
553
548
551
558
551
562
556
466
576
468
468
466
467
466
494
483
Module:2	RCU:2	branch:0	card:8
616
701
682
608
571
553
588
621
656
695
656
625
646
550
641
551
631
526
571
553
575
550
629
625
613
534
618
525
534
526
527
525
Module:2	RCU:2	branch:0	card:7
598
612
585
603
680
679
675
681
701
596
673
371
678
656
651
658
523
374
501
381
505
578
373
571
376
580
383
568
586
613
362
607
Module:2	RCU:2	branch:0	card:6
613
651
575
642
528
580
568
446
574
639
626
698
643
697
698
658
616
494
628
516
633
519
636
518
553
567
504
502
408
467
508
488
Module:2	RCU:2	branch:0	card:5
663
554
647
611
633
509
523
546
559
576
623
596
627
606
519
473
670
608
584
607
580
604
570
598
600
595
608
592
610
592
608
615
Module:2	RCU:2	branch:0	card:4
688
643
768
633
662
649
672
661
686
715
693
735
711
741
683
685
528
658
740
661
726
651
634
646
632
641
625
633
645
661
655
661
Module:2	RCU:2	branch:0	card:3
760
693
768
700
723
736
731
696
716
703
755
678
710
686
717
687
686
673
682
643
676
681
689
693
703
706
709
723
711
728
703
733
Module:2	RCU:2	branch:0	card:2
533
746
536
741
508
761
551
750
460
740
451
747
563
719
561
716
486
539
543
558
558
555
567
553
567
548
569
546
572
544
558
544
Module:2	RCU:2	branch:0	card:1
413
528
338
345
511
421
410
513
416
486
378
483
318
441
441
388
374
366
515
483
455
484
456
480
468
496
477
583
518
547
542
502
Module:2	RCU:1	branch:1	card:14
441
426
460
505
498
514
526
430
456
440
458
436
525
493
451
426
528
471
543
486
641
500
533
471
530
531
581
531
584
528
413
528
Module:2	RCU:1	branch:1	card:13
541
567
720
650
703
687
628
658
599
491
521
730
525
711
607
752
490
653
487
666
664
543
663
553
571
459
556
627
453
641
521
645
Module:2	RCU:1	branch:1	card:12
475
622
563
648
651
750
771
588
649
619
515
576
502
573
553
564
613
583
602
571
595
601
613
595
640
623
561
595
564
410
567
414
Module:2	RCU:1	branch:1	card:11
631
676
656
558
548
553
598
540
649
586
699
586
666
571
561
558
646
460
536
641
681
721
638
653
661
621
697
636
639
726
655
656
Module:2	RCU:1	branch:1	card:10
537
588
680
680
699
701
682
631
694
536
642
621
663
699
596
618
556
636
681
616
668
706
631
528
531
681
538
606
536
476
668
561
Module:2	RCU:1	branch:1	card:9
748
740
656
650
671
738
716
730
707
685
718
568
721
605
719
679
521
681
534
618
641
641
721
698
698
682
498
536
714
571
666
450
Module:2	RCU:1	branch:1	card:8
593
753
576
725
604
725
587
687
625
709
616
711
629
770
535
738
565
515
484
491
531
570
556
549
543
525
568
577
570
523
551
565
Module:2	RCU:1	branch:1	card:7
490
541
489
457
505
457
436
468
471
455
610
463
443
450
475
466
576
546
569
528
518
578
542
588
516
500
590
543
583
541
513
651
Module:2	RCU:1	branch:1	card:6
496
568
557
562
433
572
428
576
551
607
436
598
420
600
560
587
643
605
638
601
641
596
653
612
653
603
653
548
656
541
649
545
Module:2	RCU:1	branch:1	card:5
525
580
531
573
554
491
546
493
563
465
550
481
662
463
671
479
635
480
675
516
645
632
591
627
655
626
528
616
476
640
487
641
Module:2	RCU:1	branch:1	card:4
554
620
541
536
550
543
588
511
607
516
668
503
596
511
566
531
696
626
581
655
578
628
591
650
608
603
606
629
656
603
626
623
Module:2	RCU:1	branch:1	card:3
511
545
531
511
572
560
576
381
528
411
511
401
532
433
565
431
515
691
632
693
656
701
678
704
676
676
665
682
685
683
673
705
Module:2	RCU:1	branch:1	card:2
558
583
546
503
491
518
540
528
596
526
596
510
618
572
547
536
579
503
566
513
548
513
561
531
548
533
541
538
546
526
476
526
Module:2	RCU:1	branch:1	card:1
618
491
493
485
640
663
633
646
585
581
594
655
628
548
563
509
603
640
524
541
615
563
608
548
649
476
628
560
641
553
533
573
Module:2	RCU:1	branch:0	card:14
583
508
351
577
575
531
544
556
443
641
641
585
381
369
332
499
583
493
575
494
553
530
571
622
576
596
595
616
587
470
484
540
Module:2	RCU:1	branch:0	card:13
496
573
436
560
502
631
566
401
633
501
607
646
426
408
390
570
521
493
518
456
529
500
527
576
518
581
497
453
492
581
490
461
Module:2	RCU:1	branch:0	card:12
553
393
537
508
580
507
583
533
596
448
593
543
594
543
473
465
621
650
619
655
618
660
616
655
613
636
524
684
527
448
646
520
Module:2	RCU:1	branch:0	card:11
556
601
611
631
600
625
616
641
621
641
462
533
604
551
623
571
660
582
663
586
666
590
673
596
679
706
683
698
602
633
588
623
Module:2	RCU:1	branch:0	card:10
480
660
458
630
621
668
661
663
661
673
651
586
657
591
641
576
721
641
726
641
718
637
721
631
718
625
716
605
643
642
641
652
Module:2	RCU:1	branch:0	card:9
473
435
474
498
465
528
448
429
497
391
493
425
473
461
702
436
553
688
556
681
561
671
566
650
706
680
699
707
692
711
689
716
Module:2	RCU:1	branch:0	card:8
363
536
575
429
541
433
536
363
595
376
598
346
580
521
541
506
523
568
596
568
593
481
594
564
456
430
485
613
493
536
568
550
Module:2	RCU:1	branch:0	card:7
591
571
570
621
616
408
610
511
590
508
617
586
635
590
610
607
452
531
458
498
553
504
551
508
542
513
536
513
538
512
538
517
Module:2	RCU:1	branch:0	card:6
538
615
603
611
577
561
605
551
598
586
553
546
546
561
541
568
683
449
671
486
496
485
487
486
483
418
476
419
457
408
453
421
Module:2	RCU:1	branch:0	card:5
488
573
546
506
558
531
568
561
570
590
531
586
574
568
521
530
696
601
699
614
701
637
681
651
620
648
686
667
693
658
697
653
Module:2	RCU:1	branch:0	card:4
526
399
513
400
518
427
544
431
535
453
541
426
359
463
380
463
706
618
707
672
658
667
647
664
725
686
715
683
711
692
628
691
Module:2	RCU:1	branch:0	card:3
596
630
586
624
593
628
580
475
551
453
588
478
615
513
628
518
600
533
651
568
653
710
629
698
521
710
497
636
551
712
544
693
Module:2	RCU:1	branch:0	card:2
410
431
572
446
438
449
415
425
435
363
337
564
546
591
429
565
631
561
649
570
644
553
627
558
576
590
593
574
600
586
621
623
Module:2	RCU:1	branch:0	card:1
540
356
526
651
537
475
530
388
608
431
538
523
536
460
533
523
430
646
646
641
660
646
671
647
686
623
681
634
632
641
626
566
Module:2	RCU:0	branch:1	card:14
595
616
591
637
466
618
639
601
643
488
599
608
598
609
614
605
579
492
585
611
573
546
661
650
505
560
595
483
583
626
541
536
Module:2	RCU:0	branch:1	card:13
628
570
611
642
683
675
673
680
642
643
518
522
575
548
684
613
620
603
627
660
577
646
588
678
559
673
524
660
633
671
625
600
Module:2	RCU:0	branch:1	card:12
673
576
671
601
557
591
633
615
579
609
625
623
626
618
585
635
467
646
456
676
520
658
497
668
480
631
652
645
602
612
596
621
Module:2	RCU:0	branch:1	card:11
613
626
678
650
500
648
503
670
524
649
650
550
661
671
642
607
514
597
545
532
481
516
575
513
484
601
542
600
506
491
495
526
Module:2	RCU:0	branch:1	card:10
761
722
665
655
698
683
587
497
646
731
663
673
753
705
675
728
600
579
666
593
671
490
518
478
516
540
602
473
603
478
515
533
Module:2	RCU:0	branch:1	card:9
710
671
523
762
656
613
501
700
654
691
706
523
701
750
651
666
413
540
411
551
413
555
513
547
566
588
554
574
583
596
565
571
Module:2	RCU:0	branch:1	card:8
497
533
558
738
543
745
571
628
573
646
555
497
541
669
746
708
391
375
453
511
413
515
515
516
511
345
349
361
401
365
396
371
Module:2	RCU:0	branch:1	card:7
611
553
543
518
588
588
546
563
696
536
521
543
590
727
565
718
421
496
421
390
476
416
477
420
394
426
430
513
431
510
465
486
Module:2	RCU:0	branch:1	card:6
665
605
675
593
690
597
689
707
581
602
600
576
595
613
601
609
381
383
384
421
403
403
408
476
413
456
451
445
454
393
453
430
Module:2	RCU:0	branch:1	card:5
478
763
508
753
523
744
521
731
508
770
516
753
493
734
498
680
520
419
518
413
541
462
485
432
512
426
489
350
479
348
376
346
Module:2	RCU:0	branch:1	card:4
556
441
741
718
711
461
530
473
736
473
540
474
491
500
463
489
493
516
487
453
514
543
551
450
555
443
571
525
551
535
520
488
Module:2	RCU:0	branch:1	card:3
508
610
604
613
580
546
616
578
490
550
617
520
531
613
588
513
581
582
576
598
568
576
578
603
586
595
586
571
663
608
598
670
Module:2	RCU:0	branch:1	card:2
442
553
581
567
571
506
335
580
490
519
558
481
514
584
471
573
635
681
533
656
621
661
621
671
631
545
657
521
653
546
679
543
Module:2	RCU:0	branch:1	card:1
484
540
441
426
460
505
498
514
526
430
456
440
458
436
525
493
451
426
528
471
543
486
641
500
533
471
530
531
581
531
584
528
Module:2	RCU:0	branch:0	card:14
420
406
453
446
512
407
441
442
378
401
500
456
440
416
446
366
713
677
658
681
654
676
675
673
665
666
654
626
701
641
678
604
Module:2	RCU:0	branch:0	card:13
456
476
447
476
456
515
492
475
486
506
474
512
477
512
478
506
691
703
693
601
713
726
705
723
700
713
696
710
696
703
686
705
Module:2	RCU:0	branch:0	card:12
540
536
526
536
537
561
530
561
523
563
538
634
536
551
533
557
590
663
606
665
606
663
585
358
640
681
623
673
658
671
651
657
Module:2	RCU:0	branch:0	card:11
368
598
549
588
557
584
567
528
571
513
573
503
583
441
580
517
567
541
548
546
571
566
613
603
543
583
615
568
622
605
583
688
Module:2	RCU:0	branch:0	card:10
576
617
590
387
371
596
583
386
370
655
571
338
603
336
595
338
726
718
721
702
716
669
742
706
698
691
711
681
676
583
652
606
Module:2	RCU:0	branch:0	card:9
566
577
560
570
426
475
431
483
490
565
499
355
516
583
536
365
754
710
728
708
746
713
673
727
693
688
708
688
685
700
740
733
Module:2	RCU:0	branch:0	card:8
483
519
636
510
490
548
544
430
443
436
450
512
491
509
522
526
422
752
464
738
684
748
679
731
443
745
663
726
714
748
753
760
Module:2	RCU:0	branch:0	card:7
433
533
418
461
468
473
548
448
406
526
400
445
457
416
451
478
707
742
716
716
741
730
741
761
733
752
714
731
683
413
753
556
Module:2	RCU:0	branch:0	card:6
477
388
575
352
579
402
438
398
446
431
541
371
623
361
348
401
643
701
670
696
676
690
678
715
681
678
668
706
646
721
661
726
Module:2	RCU:0	branch:0	card:5
558
461
426
590
426
602
418
451
595
456
478
441
455
446
471
485
508
453
458
438
471
488
499
543
499
549
490
581
461
581
457
581
Module:2	RCU:0	branch:0	card:4
551
550
523
520
520
508
491
517
517
558
496
526
409
415
378
411
586
630
626
638
608
611
606
656
606
656
630
678
630
663
631
621
Module:2	RCU:0	branch:0	card:3
386
571
453
485
381
478
465
383
596
387
566
586
343
596
585
541
536
450
529
458
508
561
556
560
557
557
546
548
482
476
476
478
Module:2	RCU:0	branch:0	card:2
596
658
591
651
593
646
596
398
615
432
521
630
635
422
642
433
391
516
438
515
411
472
430
464
446
483
441
503
434
496
474
483
Module:2	RCU:0	branch:0	card:1
367
584
583
508
351
577
575
531
544
556
443
641
641
585
381
369
332
499
583
493
575
494
553
530
571
622
576
596
595
616
587
470
