Module:2	 RCU:0	 branch:0	 card:1
742
959
0
0
726
952
950
906
0
0
818
1016
1016
960
0
0
707
874
958
868
0
0
928
905
946
997
0
0
970
991
962
845
Module:2	 RCU:0	 branch:0	 card:2
971
1023
0
0
968
1021
971
773
0
0
896
1005
1010
797
0
0
766
891
813
890
0
0
805
839
821
858
0
0
809
871
849
858
Module:2	 RCU:0	 branch:0	 card:3
761
946
0
0
756
853
840
758
0
0
941
961
718
971
0
0
911
825
904
833
0
0
931
935
932
932
0
0
857
851
851
853
Module:2	 RCU:0	 branch:0	 card:4
926
925
0
0
895
883
866
892
0
0
871
901
784
790
0
0
961
1005
1001
1013
0
0
981
1023
981
1023
0
0
1005
1023
1006
996
Module:2	 RCU:0	 branch:0	 card:5
933
836
0
0
801
977
793
826
0
0
853
816
830
821
0
0
883
828
833
813
0
0
874
918
874
924
0
0
836
956
832
956
Module:2	 RCU:0	 branch:0	 card:6
852
763
0
0
954
777
813
773
0
0
916
746
998
736
0
0
1018
1023
1023
1023
0
0
1023
1023
1023
1023
0
0
1021
1023
1023
1023
Module:2	 RCU:0	 branch:0	 card:7
808
908
0
0
843
848
923
823
0
0
775
820
832
791
0
0
1023
1023
1023
1023
0
0
1023
1023
1023
1023
0
0
1023
788
1023
931
Module:2	 RCU:0	 branch:0	 card:8
858
894
0
0
865
923
919
805
0
0
825
887
866
884
0
0
797
1023
839
1023
0
0
1023
1023
818
1023
0
0
1023
1023
1023
1023
Module:2	 RCU:0	 branch:0	 card:9
941
952
0
0
801
850
806
858
0
0
874
730
891
958
0
0
1023
1023
1023
1023
0
0
1023
1023
1023
1023
0
0
1023
1023
1023
1023
Module:2	 RCU:0	 branch:0	 card:10
951
992
0
0
746
971
958
761
0
0
946
713
978
711
0
0
1023
1023
1023
1023
0
0
1023
1023
1023
1023
0
0
1023
958
1023
981
Module:2	 RCU:0	 branch:0	 card:11
743
973
0
0
932
959
942
903
0
0
948
878
958
816
0
0
942
916
923
921
0
0
988
978
918
958
0
0
997
980
958
1023
Module:2	 RCU:0	 branch:0	 card:12
915
911
0
0
912
936
905
936
0
0
913
1009
911
926
0
0
965
1023
981
1023
0
0
960
733
1015
1023
0
0
1023
1023
1023
1023
Module:2	 RCU:0	 branch:0	 card:13
831
851
0
0
831
890
867
850
0
0
849
887
852
887
0
0
1023
1023
1023
976
0
0
1023
1023
1023
1023
0
0
1023
1023
1023
1023
Module:2	 RCU:0	 branch:0	 card:14
795
781
0
0
887
782
816
817
0
0
875
831
815
791
0
0
1023
1023
1023
1023
0
0
1023
1023
1023
1023
0
0
1023
1016
1023
979
Module:2	 RCU:0	 branch:1	 card:1
0
0
816
801
835
880
0
0
901
805
831
815
0
0
900
868
826
801
0
0
918
861
1016
875
0
0
905
906
956
906
0
0
Module:2	 RCU:0	 branch:1	 card:2
0
0
956
942
946
881
0
0
865
894
933
856
0
0
846
948
1010
1023
0
0
996
1023
996
1023
0
0
1023
896
1023
921
0
0
Module:2	 RCU:0	 branch:1	 card:3
0
0
979
988
955
921
0
0
865
925
992
895
0
0
963
888
956
957
0
0
943
951
953
978
0
0
961
946
1023
983
0
0
Module:2	 RCU:0	 branch:1	 card:4
0
0
1023
1023
1023
836
0
0
1023
848
915
849
0
0
838
864
868
891
0
0
889
918
926
825
0
0
946
900
926
910
0
0
Module:2	 RCU:0	 branch:1	 card:5
0
0
883
1023
898
1023
0
0
883
1023
891
1023
0
0
873
1023
895
794
0
0
916
837
860
807
0
0
864
725
854
723
0
0
Module:2	 RCU:0	 branch:1	 card:6
0
0
1023
968
1023
972
0
0
956
977
975
951
0
0
976
984
756
758
0
0
778
778
783
851
0
0
826
820
829
768
0
0
Module:2	 RCU:0	 branch:1	 card:7
0
0
918
893
963
963
0
0
1023
911
896
918
0
0
940
1023
796
871
0
0
851
791
852
795
0
0
805
888
806
885
0
0
Module:2	 RCU:0	 branch:1	 card:8
0
0
933
1023
918
1023
0
0
948
1021
930
872
0
0
1023
1023
766
750
0
0
788
890
890
891
0
0
724
736
776
740
0
0
Module:2	 RCU:0	 branch:1	 card:9
0
0
898
1023
1023
988
0
0
1023
1023
1023
898
0
0
1023
1023
788
915
0
0
788
930
888
922
0
0
929
949
958
971
0
0
Module:2	 RCU:0	 branch:1	 card:10
0
0
1023
1023
1023
1023
0
0
1021
1023
1023
1023
0
0
1023
1023
975
954
0
0
1023
865
893
853
0
0
977
848
978
853
0
0
Module:2	 RCU:0	 branch:1	 card:11
0
0
1023
1023
875
1023
0
0
899
1023
1023
925
0
0
1017
982
889
972
0
0
856
891
950
888
0
0
917
975
881
866
0
0
Module:2	 RCU:0	 branch:1	 card:12
0
0
1023
976
932
966
0
0
954
984
1000
998
0
0
960
1010
842
1021
0
0
895
1023
872
1023
0
0
1023
1020
977
987
0
0
Module:2	 RCU:0	 branch:1	 card:13
0
0
986
1017
1023
1023
0
0
1017
1018
893
897
0
0
1023
988
995
978
0
0
952
1021
963
1023
0
0
899
1023
1008
1023
0
0
Module:2	 RCU:0	 branch:1	 card:14
0
0
966
1012
841
993
0
0
1018
863
974
983
0
0
989
980
954
867
0
0
948
921
1023
1023
0
0
970
858
958
1001
0
0
Module:2	 RCU:1	 branch:0	 card:1
915
731
0
0
912
850
905
763
0
0
913
898
911
835
0
0
805
1021
1021
1016
0
0
1023
1022
1023
998
0
0
1007
1016
1001
941
Module:2	 RCU:1	 branch:0	 card:2
785
806
0
0
813
824
790
800
0
0
712
939
921
966
0
0
1006
936
1023
945
0
0
1002
933
951
965
0
0
975
961
996
998
Module:2	 RCU:1	 branch:0	 card:3
971
1005
0
0
968
1003
955
850
0
0
963
853
990
888
0
0
975
908
1023
943
0
0
1004
1023
896
1023
0
0
926
1023
919
1023
Module:2	 RCU:1	 branch:0	 card:4
901
774
0
0
893
802
919
806
0
0
916
801
734
838
0
0
1023
993
1023
1023
0
0
1022
1023
1023
1023
0
0
1023
1023
1003
1023
Module:2	 RCU:1	 branch:0	 card:5
863
948
0
0
933
906
943
936
0
0
906
961
949
943
0
0
1023
976
1023
989
0
0
1023
1023
995
1023
0
0
1023
1023
1023
1023
Module:2	 RCU:1	 branch:0	 card:6
913
990
0
0
952
936
980
926
0
0
928
921
921
936
0
0
1023
824
1023
861
0
0
862
861
858
793
0
0
832
783
828
796
Module:2	 RCU:1	 branch:0	 card:7
966
946
0
0
991
783
985
886
0
0
992
961
1010
965
0
0
827
906
833
873
0
0
926
883
917
888
0
0
913
887
913
892
Module:2	 RCU:1	 branch:0	 card:8
738
911
0
0
916
808
911
738
0
0
973
721
955
896
0
0
898
943
971
943
0
0
969
939
831
805
0
0
868
911
943
925
Module:2	 RCU:1	 branch:0	 card:9
848
810
0
0
840
903
823
804
0
0
868
800
848
836
0
0
928
1023
931
1023
0
0
941
1023
1023
1023
0
0
1023
1023
1023
1023
Module:2	 RCU:1	 branch:0	 card:10
855
1023
0
0
996
1023
1023
1023
0
0
1023
961
1023
966
0
0
1023
1016
1023
1016
0
0
1023
1006
1023
1000
0
0
1018
1017
1016
1023
Module:2	 RCU:1	 branch:0	 card:11
931
976
0
0
975
1000
991
1016
0
0
837
908
979
926
0
0
1023
957
1023
961
0
0
1023
971
1023
1023
0
0
977
1008
963
998
Module:2	 RCU:1	 branch:0	 card:12
928
768
0
0
955
882
958
908
0
0
968
918
969
918
0
0
996
1023
994
1023
0
0
991
1023
988
1011
0
0
902
823
1021
895
Module:2	 RCU:1	 branch:0	 card:13
871
948
0
0
877
1006
941
776
0
0
982
1021
801
783
0
0
896
868
893
831
0
0
902
951
893
956
0
0
867
956
865
836
Module:2	 RCU:1	 branch:0	 card:14
958
883
0
0
950
906
919
931
0
0
1016
960
756
744
0
0
958
868
950
869
0
0
946
997
951
971
0
0
962
845
859
915
Module:2	 RCU:1	 branch:1	 card:1
0
0
868
860
1015
1023
0
0
960
956
969
1023
0
0
938
884
978
1015
0
0
990
938
983
923
0
0
1003
935
1016
928
0
0
Module:2	 RCU:1	 branch:1	 card:2
0
0
921
878
866
893
0
0
971
901
971
885
0
0
922
911
954
878
0
0
923
888
936
906
0
0
916
913
921
901
0
0
Module:2	 RCU:1	 branch:1	 card:3
0
0
906
886
947
935
0
0
903
786
886
776
0
0
940
806
890
1023
0
0
1023
1023
1023
1023
0
0
1023
1023
1023
1023
0
0
Module:2	 RCU:1	 branch:1	 card:4
0
0
916
911
925
918
0
0
982
891
1023
878
0
0
941
906
1023
1001
0
0
953
1003
966
1023
0
0
981
1004
1023
978
0
0
Module:2	 RCU:1	 branch:1	 card:5
0
0
906
948
929
866
0
0
938
840
925
856
0
0
1023
854
1010
855
0
0
1020
1007
966
1002
0
0
903
991
851
1015
0
0
Module:2	 RCU:1	 branch:1	 card:6
0
0
932
937
808
947
0
0
926
982
811
973
0
0
935
962
1018
980
0
0
1016
971
1023
987
0
0
1023
923
1023
916
0
0
Module:2	 RCU:1	 branch:1	 card:7
0
0
864
832
880
832
0
0
846
830
985
838
0
0
850
841
951
921
0
0
893
953
917
963
0
0
965
918
958
916
0
0
Module:2	 RCU:1	 branch:1	 card:8
0
0
951
1023
979
1023
0
0
1000
1023
991
1023
0
0
910
1023
940
890
0
0
906
945
931
924
0
0
943
952
945
898
0
0
Module:2	 RCU:1	 branch:1	 card:9
0
0
1023
1023
1023
1023
0
0
1023
1023
1023
943
0
0
1023
1023
896
1023
0
0
1016
1016
1023
1023
0
0
873
911
1023
946
0
0
Module:2	 RCU:1	 branch:1	 card:10
0
0
1023
1023
1023
1023
0
0
1023
911
1017
996
0
0
971
993
931
1011
0
0
1023
1023
1006
903
0
0
913
981
911
851
0
0
Module:2	 RCU:1	 branch:1	 card:11
0
0
1023
933
923
928
0
0
1023
961
1023
961
0
0
936
933
1021
835
0
0
1023
1023
1013
1023
0
0
1023
1011
1014
1023
0
0
Module:2	 RCU:1	 branch:1	 card:12
0
0
938
1023
1023
1023
0
0
1023
994
890
951
0
0
928
939
988
958
0
0
970
976
988
970
0
0
936
970
939
785
0
0
Module:2	 RCU:1	 branch:1	 card:13
0
0
1023
1023
1023
1023
0
0
974
866
896
1023
0
0
982
1023
865
1023
0
0
1023
918
1023
928
0
0
931
1002
828
1016
0
0
Module:2	 RCU:1	 branch:1	 card:14
0
0
835
880
873
889
0
0
831
815
833
811
0
0
826
801
903
846
0
0
1016
875
908
846
0
0
956
906
959
903
0
0
Module:2	 RCU:2	 branch:0	 card:1
788
903
713
720
0
0
785
888
791
861
0
0
693
816
816
763
0
0
890
858
830
859
0
0
843
871
852
958
0
0
917
877
Module:2	 RCU:2	 branch:0	 card:2
908
1023
911
1023
0
0
926
1023
835
1023
0
0
938
1023
936
1023
0
0
918
933
933
930
0
0
942
923
944
921
0
0
933
919
Module:2	 RCU:2	 branch:0	 card:3
1023
1023
1023
1023
0
0
1023
1023
1023
1023
0
0
1023
1023
1023
1023
0
0
1023
1018
1023
1023
0
0
1023
1023
1023
1023
0
0
1023
1023
Module:2	 RCU:2	 branch:0	 card:4
1023
1018
1023
1008
0
0
1023
1023
1023
1023
0
0
1023
1023
1023
1023
0
0
1023
1023
1023
1023
0
0
1007
1016
1000
1008
0
0
1023
1023
Module:2	 RCU:2	 branch:0	 card:5
1023
929
1022
986
0
0
898
921
934
951
0
0
1002
981
894
848
0
0
959
982
955
979
0
0
975
970
983
967
0
0
983
990
Module:2	 RCU:2	 branch:0	 card:6
988
1023
950
1017
0
0
943
821
949
1014
0
0
1018
1023
1023
1023
0
0
1003
891
1008
894
0
0
928
942
879
877
0
0
883
863
Module:2	 RCU:2	 branch:0	 card:7
973
987
960
978
0
0
1023
1023
1023
971
0
0
1023
1023
1023
1023
0
0
876
756
880
953
0
0
751
955
758
943
0
0
737
982
Module:2	 RCU:2	 branch:0	 card:8
991
1023
1023
983
0
0
963
996
1023
1023
0
0
1021
925
1016
926
0
0
946
928
950
925
0
0
988
909
993
900
0
0
902
900
Module:2	 RCU:2	 branch:0	 card:9
988
885
991
959
0
0
1023
949
1013
874
0
0
941
896
878
946
0
0
926
933
926
937
0
0
951
843
843
841
0
0
869
858
Module:2	 RCU:2	 branch:0	 card:10
901
855
901
856
0
0
838
973
918
1023
0
0
845
1011
889
978
0
0
960
955
956
971
0
0
963
1001
963
938
0
0
948
935
Module:2	 RCU:2	 branch:0	 card:11
1013
933
1023
1001
0
0
1023
996
1018
1023
0
0
1023
963
1023
956
0
0
988
985
1000
985
0
0
993
981
994
976
0
0
970
856
Module:2	 RCU:2	 branch:0	 card:12
990
1013
999
941
0
0
1023
940
997
947
0
0
1023
1019
1020
975
0
0
961
790
951
798
0
0
818
803
856
1011
0
0
844
1018
Module:2	 RCU:2	 branch:0	 card:13
961
837
938
826
0
0
896
930
882
843
0
0
913
830
851
876
0
0
1012
1006
1009
1017
0
0
1007
908
1008
908
0
0
1003
910
Module:2	 RCU:2	 branch:0	 card:14
875
951
798
858
0
0
926
843
861
844
0
0
834
940
953
868
0
0
923
881
916
832
0
0
873
823
876
821
0
0
878
817
Module:2	 RCU:2	 branch:1	 card:1
854
883
0
0
782
780
783
901
0
0
986
749
926
758
0
0
935
860
978
738
0
0
930
748
988
756
0
0
918
776
708
1008
Module:2	 RCU:2	 branch:1	 card:2
921
902
0
0
933
915
928
959
0
0
943
865
891
847
0
0
815
932
901
911
0
0
856
808
921
866
0
0
850
839
773
821
Module:2	 RCU:2	 branch:1	 card:3
771
798
0
0
753
837
781
837
0
0
807
825
804
816
0
0
863
805
836
801
0
0
902
808
776
811
0
0
771
805
760
839
Module:2	 RCU:2	 branch:1	 card:4
744
1020
0
0
966
1023
957
1017
0
0
993
1023
999
902
0
0
841
1023
841
1023
0
0
840
1023
1023
1023
0
0
1023
1023
1023
1023
Module:2	 RCU:2	 branch:1	 card:5
901
945
0
0
756
953
914
918
0
0
916
939
936
938
0
0
1023
996
1023
1003
0
0
919
976
853
978
0
0
858
972
725
1008
Module:2	 RCU:2	 branch:1	 card:6
908
921
0
0
898
1010
886
1009
0
0
878
886
928
898
0
0
1009
866
1003
866
0
0
867
951
867
1004
0
0
951
869
923
951
Module:2	 RCU:2	 branch:1	 card:7
963
971
0
0
993
983
996
983
0
0
988
966
993
956
0
0
1013
925
903
901
0
0
833
928
968
897
0
0
893
864
896
929
Module:2	 RCU:2	 branch:1	 card:8
1023
811
0
0
1023
839
1023
843
0
0
957
863
823
867
0
0
899
774
741
806
0
0
761
775
753
813
0
0
786
830
806
805
Module:2	 RCU:2	 branch:1	 card:9
866
1019
0
0
763
1023
775
1023
0
0
774
1023
1023
1023
0
0
800
825
824
814
0
0
834
796
826
815
0
0
836
1013
845
828
Module:2	 RCU:2	 branch:1	 card:10
1023
997
0
0
1023
1023
1023
1023
0
0
1023
1019
1023
1015
0
0
871
852
878
881
0
0
838
911
848
893
0
0
833
891
860
908
Module:2	 RCU:2	 branch:1	 card:11
1022
823
0
0
815
785
816
788
0
0
849
791
845
794
0
0
873
873
866
926
0
0
913
936
885
845
0
0
926
821
917
1021
Module:2	 RCU:2	 branch:1	 card:12
901
868
0
0
890
916
886
773
0
0
866
758
820
757
0
0
1018
807
761
753
0
0
1023
1023
856
810
0
0
818
738
1021
1008
Module:2	 RCU:2	 branch:1	 card:13
753
1003
0
0
806
1016
965
1009
0
0
976
997
980
1002
0
0
750
768
749
765
0
0
863
863
984
1000
0
0
822
828
800
789
Module:2	 RCU:2	 branch:1	 card:14
829
955
0
0
896
945
914
935
0
0
919
888
923
842
0
0
820
768
846
788
0
0
768
910
1023
1023
0
0
831
876
830
887
Module:2	 RCU:3	 branch:0	 card:1
904
883
902
1016
0
0
836
1023
903
1023
0
0
899
1001
792
1004
0
0
801
878
805
779
0
0
793
730
803
831
0
0
885
860
Module:2	 RCU:3	 branch:0	 card:2
1009
974
838
1023
0
0
1023
970
988
966
0
0
996
957
967
1023
0
0
890
847
848
958
0
0
853
966
853
973
0
0
857
973
Module:2	 RCU:3	 branch:0	 card:3
1023
1007
993
1000
0
0
986
931
926
926
0
0
1023
1023
1015
828
0
0
943
923
960
926
0
0
979
918
981
941
0
0
973
943
Module:2	 RCU:3	 branch:0	 card:4
1020
984
961
975
0
0
946
876
938
924
0
0
1023
887
1023
773
0
0
926
961
916
958
0
0
934
879
944
898
0
0
958
903
Module:2	 RCU:3	 branch:0	 card:5
796
852
924
846
0
0
798
903
956
848
0
0
950
880
913
883
0
0
907
896
783
906
0
0
886
925
876
904
0
0
850
792
Module:2	 RCU:3	 branch:0	 card:6
841
950
905
961
0
0
1023
981
1023
973
0
0
1012
975
981
918
0
0
803
797
751
879
0
0
795
745
883
811
0
0
753
860
Module:2	 RCU:3	 branch:0	 card:7
985
927
933
934
0
0
1001
1021
910
913
0
0
861
858
871
958
0
0
826
782
923
901
0
0
821
973
773
1020
0
0
841
911
Module:2	 RCU:3	 branch:0	 card:8
886
803
958
823
0
0
1023
836
936
858
0
0
901
873
907
866
0
0
897
986
855
986
0
0
921
931
957
951
0
0
884
876
Module:2	 RCU:3	 branch:0	 card:9
844
1023
881
883
0
0
775
1023
912
981
0
0
1023
811
950
951
0
0
941
933
945
955
0
0
938
929
1013
1003
0
0
948
885
Module:2	 RCU:3	 branch:0	 card:10
1023
841
991
1006
0
0
851
913
935
891
0
0
908
843
1023
848
0
0
833
988
923
951
0
0
958
957
976
925
0
0
911
1013
Module:2	 RCU:3	 branch:0	 card:11
826
851
843
802
0
0
746
872
806
795
0
0
826
779
861
764
0
0
1023
1023
1023
966
0
0
934
938
906
889
0
0
1006
981
Module:2	 RCU:3	 branch:0	 card:12
753
876
917
886
0
0
771
920
893
793
0
0
907
932
788
931
0
0
898
931
987
965
0
0
950
859
945
1005
0
0
1023
890
Module:2	 RCU:3	 branch:0	 card:13
788
841
973
752
0
0
927
771
931
720
0
0
763
1000
836
990
0
0
921
1023
930
1023
0
0
1023
971
972
928
0
0
810
908
Module:2	 RCU:3	 branch:0	 card:14
713
720
886
796
0
0
791
861
753
858
0
0
816
763
749
741
0
0
830
859
831
855
0
0
852
958
893
922
0
0
854
883
Module:2	 RCU:3	 branch:1	 card:1
844
837
0
0
800
861
809
851
0
0
838
797
846
799
0
0
1023
930
1023
1004
0
0
975
931
986
1001
0
0
981
796
1023
835
Module:2	 RCU:3	 branch:1	 card:2
903
871
0
0
908
824
901
876
0
0
830
797
843
765
0
0
826
853
838
916
0
0
821
829
848
890
0
0
904
923
866
913
Module:2	 RCU:3	 branch:1	 card:3
736
1011
0
0
755
983
915
973
0
0
977
981
995
989
0
0
902
935
913
856
0
0
948
937
940
936
0
0
928
940
883
950
Module:2	 RCU:3	 branch:1	 card:4
858
970
0
0
881
918
902
908
0
0
936
810
905
819
0
0
920
900
933
1021
0
0
983
983
923
1017
0
0
1023
931
982
972
Module:2	 RCU:3	 branch:1	 card:5
818
906
0
0
820
918
846
788
0
0
733
866
779
858
0
0
953
988
986
1023
0
0
966
1001
1023
1006
0
0
971
1023
999
1021
Module:2	 RCU:3	 branch:1	 card:6
900
894
0
0
893
947
871
928
0
0
853
928
856
958
0
0
1016
776
992
733
0
0
855
853
841
779
0
0
824
786
783
731
Module:2	 RCU:3	 branch:1	 card:7
963
981
0
0
935
942
927
936
0
0
963
980
956
1002
0
0
858
806
831
766
0
0
910
970
773
823
0
0
863
790
821
787
Module:2	 RCU:3	 branch:1	 card:8
926
986
0
0
978
1000
991
1023
0
0
1023
1023
1019
1023
0
0
764
792
902
791
0
0
823
841
803
867
0
0
760
819
821
834
Module:2	 RCU:3	 branch:1	 card:9
1023
768
0
0
1023
827
1023
749
0
0
1023
750
1023
766
0
0
777
901
881
846
0
0
889
886
878
733
0
0
907
766
888
756
Module:2	 RCU:3	 branch:1	 card:10
741
933
0
0
906
960
906
950
0
0
923
958
941
963
0
0
777
821
781
804
0
0
790
803
786
806
0
0
818
805
818
823
Module:2	 RCU:3	 branch:1	 card:11
880
802
0
0
891
796
881
797
0
0
891
806
901
817
0
0
828
864
848
857
0
0
858
848
843
852
0
0
873
840
871
875
Module:2	 RCU:3	 branch:1	 card:12
822
841
0
0
853
808
835
812
0
0
826
830
828
776
0
0
872
887
887
863
0
0
908
986
860
993
0
0
841
924
865
923
Module:2	 RCU:3	 branch:1	 card:13
777
789
0
0
807
777
808
871
0
0
861
875
889
875
0
0
909
906
965
1007
0
0
938
973
898
966
0
0
996
935
958
975
Module:2	 RCU:3	 branch:1	 card:14
931
771
0
0
783
901
989
961
0
0
926
758
930
838
0
0
978
738
976
748
0
0
988
756
963
750
0
0
708
1008
719
1012
