Module:2	RCU:0	branch:0	card:0
556
665
627
599
625
794
623
662
630
723
654
830
684
705
612
702
618
705
606
691
652
740
689
512
680
959
901
870
842
735
865
769
Module:2	RCU:0	branch:0	card:1
805
755
708
865
796
803
760
540
819
712
735
785
849
551
823
619
535
680
647
610
626
633
595
662
668
679
677
735
654
737
710
696
Module:2	RCU:0	branch:0	card:2
554
709
611
602
608
610
639
544
684
456
623
647
409
742
702
609
588
614
681
635
611
747
578
652
755
756
769
734
711
689
622
657
Module:2	RCU:0	branch:0	card:3
797
712
593
647
637
620
560
561
585
583
601
555
505
586
500
530
692
705
778
683
734
799
744
768
702
816
716
841
897
883
778
799
Module:2	RCU:0	branch:0	card:4
719
620
542
725
530
669
521
520
646
650
609
496
554
556
550
599
786
625
600
666
744
732
689
764
650
783
1023
771
674
811
681
824
Module:2	RCU:0	branch:0	card:5
606
509
779
475
790
591
598
579
633
494
713
531
726
514
536
566
867
992
896
972
954
897
954
1023
868
857
826
912
879
919
807
873
Module:2	RCU:0	branch:0	card:6
556
667
590
602
607
737
614
610
653
734
547
840
616
699
692
677
753
865
801
802
785
765
843
818
775
733
848
762
704
478
750
694
Module:2	RCU:0	branch:0	card:7
639
627
736
512
631
674
738
577
578
602
621
512
696
625
751
700
547
954
662
889
782
923
924
932
622
942
913
815
947
984
905
938
Module:2	RCU:0	branch:0	card:8
737
700
811
758
599
632
502
599
675
704
606
571
636
859
750
556
815
842
1006
858
914
939
798
849
910
848
873
889
978
946
851
903
Module:2	RCU:0	branch:0	card:9
801
690
712
476
470
695
709
591
437
699
554
529
719
467
564
512
826
956
825
941
851
841
794
801
830
904
804
739
864
712
866
684
Module:2	RCU:0	branch:0	card:10
588
770
634
765
764
666
672
754
692
575
663
593
664
492
581
617
606
734
710
668
648
616
695
667
709
649
760
780
702
766
784
820
Module:2	RCU:0	branch:0	card:11
764
717
637
607
694
635
588
697
659
683
576
747
603
748
698
625
667
773
745
843
700
813
781
463
676
895
787
892
755
783
797
734
Module:2	RCU:0	branch:0	card:12
693
634
615
646
544
638
657
586
623
594
606
631
608
633
556
638
859
822
850
681
893
864
797
938
863
930
940
876
908
798
842
865
Module:2	RCU:0	branch:0	card:13
606
368
564
543
510
468
481
566
361
503
543
548
465
576
571
463
670
708
786
724
669
630
595
624
602
645
745
690
773
621
663
703
Module:2	RCU:0	branch:1	card:0
682
662
561
768
736
688
595
610
711
775
637
666
676
760
659
511
608
425
669
437
597
608
476
585
444
560
536
598
628
605
512
676
Module:2	RCU:0	branch:1	card:1
618
697
686
745
786
655
379
688
578
596
689
620
633
737
650
692
692
843
696
651
632
720
854
763
698
659
722
496
737
537
789
695
Module:2	RCU:0	branch:1	card:2
613
742
841
745
700
767
831
720
644
689
762
618
651
761
736
632
648
750
614
775
729
734
756
689
829
823
779
743
870
791
512
874
Module:2	RCU:0	branch:1	card:3
687
584
860
966
802
636
708
610
793
581
1023
519
598
541
542
611
588
515
572
448
551
712
649
453
669
629
705
648
512
722
512
512
Module:2	RCU:0	branch:1	card:4
689
931
649
1023
694
954
645
924
709
796
678
738
492
896
643
775
701
504
678
623
629
584
647
565
664
528
651
540
583
458
547
496
Module:2	RCU:0	branch:1	card:5
825
746
874
762
971
786
848
832
684
721
620
693
666
781
616
774
561
551
541
509
571
524
543
649
550
489
582
533
591
421
482
533
Module:2	RCU:0	branch:1	card:6
795
714
662
535
759
624
704
606
736
682
634
582
677
746
708
852
515
672
495
554
703
596
633
480
438
652
663
704
629
607
664
567
Module:2	RCU:0	branch:1	card:7
626
618
608
857
662
854
594
774
704
749
645
603
573
681
820
802
590
494
542
714
545
646
624
680
702
525
469
620
484
478
507
583
Module:2	RCU:0	branch:1	card:8
861
943
670
933
766
732
640
838
753
804
719
636
841
852
769
842
611
693
683
760
699
763
593
769
663
720
647
761
680
650
727
684
Module:2	RCU:0	branch:1	card:9
972
801
766
687
727
736
693
808
796
929
740
853
844
863
885
886
744
718
799
725
912
696
550
676
624
578
711
538
693
668
649
669
Module:2	RCU:0	branch:1	card:10
834
648
699
649
648
814
652
724
719
829
1023
695
834
843
820
733
652
711
768
695
655
692
747
661
531
735
672
735
621
631
628
585
Module:2	RCU:0	branch:1	card:11
866
725
724
715
748
611
698
679
645
695
678
710
728
681
642
761
619
803
625
826
672
725
593
840
658
764
801
731
697
832
848
512
Module:2	RCU:0	branch:1	card:12
797
670
677
746
748
738
812
843
714
816
695
608
675
806
804
714
833
840
744
824
718
847
845
779
752
852
673
767
754
818
768
684
Module:2	RCU:0	branch:1	card:13
814
774
710
773
510
731
719
738
743
488
683
706
670
726
735
745
604
448
484
654
606
479
555
616
506
468
566
499
583
646
533
584
Module:2	RCU:1	branch:0	card:0
512
512
512
512
512
512
512
512
512
512
512
512
512
512
512
512
512
512
512
512
512
512
512
512
512
512
512
512
512
512
512
512
Module:2	RCU:1	branch:0	card:1
512
512
512
512
512
512
512
512
512
512
512
512
512
512
512
512
512
512
512
512
512
512
512
512
512
512
512
512
512
512
512
512
Module:2	RCU:1	branch:0	card:2
512
512
512
512
512
512
512
512
512
512
512
512
512
512
512
512
512
512
512
512
512
512
512
512
512
512
512
512
512
512
512
512
Module:2	RCU:1	branch:0	card:3
512
512
512
512
512
512
512
512
512
512
512
512
512
512
512
512
512
512
512
512
512
512
512
512
512
512
512
512
512
512
512
512
Module:2	RCU:1	branch:0	card:4
512
512
512
512
512
512
512
512
512
512
512
512
512
512
512
512
512
512
512
512
512
512
512
512
512
512
512
512
512
512
512
512
Module:2	RCU:1	branch:0	card:5
512
512
512
512
512
512
512
512
512
512
512
512
512
512
512
512
512
512
512
512
512
512
512
512
512
512
512
512
512
512
512
512
Module:2	RCU:1	branch:0	card:6
512
512
512
512
512
512
512
512
512
512
512
512
512
512
512
512
512
512
512
512
512
512
512
512
512
512
512
512
512
512
512
512
Module:2	RCU:1	branch:0	card:7
512
512
512
512
512
512
512
512
512
512
512
512
512
512
512
512
512
512
512
512
512
512
512
512
512
512
512
512
512
512
512
512
Module:2	RCU:1	branch:0	card:8
512
512
512
512
512
512
512
512
512
512
512
512
512
512
512
512
512
512
512
512
512
512
512
512
512
512
512
512
512
512
512
512
Module:2	RCU:1	branch:0	card:9
512
512
512
512
512
512
512
512
512
512
512
512
512
512
512
512
512
512
512
512
512
512
512
512
512
512
512
512
512
512
512
512
Module:2	RCU:1	branch:0	card:10
512
512
512
512
512
512
512
512
512
512
512
512
512
512
512
512
512
512
512
512
512
512
512
512
512
512
512
512
512
512
512
512
Module:2	RCU:1	branch:0	card:11
512
512
512
512
512
512
512
512
512
512
512
512
512
512
512
512
512
512
512
512
512
512
512
512
512
512
512
512
512
512
512
512
Module:2	RCU:1	branch:0	card:12
512
512
512
512
512
512
512
512
512
512
512
512
512
512
512
512
512
512
512
512
512
512
512
512
512
512
512
512
512
512
512
512
Module:2	RCU:1	branch:0	card:13
512
512
512
512
512
512
512
512
512
512
512
512
512
512
512
512
512
512
512
512
512
512
512
512
512
512
512
512
512
512
512
512
Module:2	RCU:1	branch:1	card:0
512
512
512
512
512
512
512
512
512
512
512
512
512
512
512
512
512
512
512
512
512
512
512
512
512
512
512
512
512
512
512
512
Module:2	RCU:1	branch:1	card:1
512
512
512
512
512
512
512
512
512
512
512
512
512
512
512
512
512
512
512
512
512
512
512
512
512
512
512
512
512
512
512
512
Module:2	RCU:1	branch:1	card:2
512
512
512
512
512
512
512
512
512
512
512
512
512
512
512
512
512
512
512
512
512
512
512
512
512
512
512
512
512
512
512
512
Module:2	RCU:1	branch:1	card:3
512
512
512
512
512
512
512
512
512
512
512
512
512
512
512
512
512
512
512
512
512
512
512
512
512
512
512
512
512
512
512
512
Module:2	RCU:1	branch:1	card:4
512
512
512
512
512
512
512
512
512
512
512
512
512
512
512
512
512
512
512
512
512
512
512
512
512
512
512
512
512
512
512
512
Module:2	RCU:1	branch:1	card:5
512
512
512
512
512
512
512
512
512
512
512
512
512
512
512
512
512
512
512
512
512
512
512
512
512
512
512
512
512
512
512
512
Module:2	RCU:1	branch:1	card:6
512
512
512
512
512
512
512
512
512
512
512
512
512
512
512
512
512
512
512
512
512
512
512
512
512
512
512
512
512
512
512
512
Module:2	RCU:1	branch:1	card:7
512
512
512
512
512
512
512
512
512
512
512
512
512
512
512
512
512
512
512
512
512
512
512
512
512
512
512
512
512
512
512
512
Module:2	RCU:1	branch:1	card:8
512
512
512
512
512
512
512
512
512
512
512
512
512
512
512
512
512
512
512
512
512
512
512
512
512
512
512
512
512
512
512
512
Module:2	RCU:1	branch:1	card:9
512
512
512
512
512
512
512
512
512
512
512
512
512
512
512
512
512
512
512
512
512
512
512
512
512
512
512
512
512
512
512
512
Module:2	RCU:1	branch:1	card:10
512
512
512
512
512
512
512
512
512
512
512
512
512
512
512
512
512
512
512
512
512
512
512
512
512
512
512
512
512
512
512
512
Module:2	RCU:1	branch:1	card:11
512
512
512
512
512
512
512
512
512
512
512
512
512
512
512
512
512
512
512
512
512
512
512
512
512
512
512
512
512
512
512
512
Module:2	RCU:1	branch:1	card:12
512
512
512
512
512
512
512
512
512
512
512
512
512
512
512
512
512
512
512
512
512
512
512
512
512
512
512
512
512
512
512
512
Module:2	RCU:1	branch:1	card:13
512
512
512
512
512
512
512
512
512
512
512
512
512
512
512
512
512
512
512
512
512
512
512
512
512
512
512
512
512
512
512
512
Module:2	RCU:2	branch:0	card:0
592
697
598
595
457
472
512
563
366
289
249
302
228
444
187
472
512
512
512
537
512
512
512
520
512
707
512
511
512
601
512
678
Module:2	RCU:2	branch:0	card:1
620
991
687
834
666
838
661
835
377
444
393
565
353
449
265
527
633
621
675
637
551
623
669
725
652
602
590
711
694
711
747
766
Module:2	RCU:2	branch:0	card:2
932
848
872
850
918
781
758
910
870
904
969
760
909
796
810
840
739
751
729
736
638
553
663
660
756
858
814
896
793
914
780
939
Module:2	RCU:2	branch:0	card:3
796
805
932
778
868
512
753
721
830
815
714
888
795
960
887
687
564
603
606
700
729
720
631
698
795
696
714
792
837
777
817
861
Module:2	RCU:2	branch:0	card:4
801
764
798
790
760
664
603
641
739
721
714
710
699
769
649
485
801
788
735
599
729
790
638
777
774
724
825
810
785
812
772
807
Module:2	RCU:2	branch:0	card:5
698
657
633
692
609
623
643
540
589
808
615
745
647
757
713
712
683
600
595
539
723
615
692
533
749
642
689
574
475
615
648
630
Module:2	RCU:2	branch:0	card:6
429
486
522
406
512
578
597
577
526
478
479
140
509
464
435
551
495
514
461
380
467
542
413
490
459
530
501
529
605
710
376
603
Module:2	RCU:2	branch:0	card:7
814
818
999
733
745
790
756
782
835
831
758
730
767
651
754
651
787
689
654
677
778
692
763
727
785
650
730
713
715
635
645
581
Module:2	RCU:2	branch:0	card:8
757
713
881
751
896
679
842
745
722
625
779
674
789
634
669
740
785
783
833
744
727
776
796
648
708
650
708
610
641
561
547
601
Module:2	RCU:2	branch:0	card:9
759
602
671
686
567
707
609
706
668
882
663
746
591
776
624
668
769
655
716
730
720
765
660
585
702
689
737
706
635
733
684
554
Module:2	RCU:2	branch:0	card:10
768
694
779
666
797
746
742
769
723
800
760
797
795
709
775
667
676
775
765
762
669
707
750
699
723
678
706
768
719
500
673
590
Module:2	RCU:2	branch:0	card:11
697
761
593
582
683
582
742
596
756
691
768
829
850
785
762
856
785
478
762
601
685
549
562
558
472
502
622
759
532
763
517
712
Module:2	RCU:2	branch:0	card:12
628
514
535
521
537
607
535
609
685
637
740
607
679
629
709
739
551
765
769
762
766
780
792
718
783
639
657
562
565
624
691
517
Module:2	RCU:2	branch:0	card:13
561
493
469
605
614
545
624
540
512
505
581
579
548
620
595
528
543
433
390
448
474
369
470
477
406
400
435
445
414
385
380
382
Module:2	RCU:2	branch:1	card:0
881
594
861
789
753
783
753
584
680
739
687
763
620
752
726
673
818
473
448
503
524
473
589
542
621
588
538
687
601
639
569
514
Module:2	RCU:2	branch:1	card:1
737
681
808
706
732
614
687
691
682
633
668
676
650
666
684
650
544
677
537
538
618
523
521
556
690
511
547
579
695
586
506
571
Module:2	RCU:2	branch:1	card:2
666
663
661
623
451
619
554
696
624
672
585
563
535
619
533
708
578
552
460
480
581
629
694
539
538
668
592
629
574
565
587
668
Module:2	RCU:2	branch:1	card:3
512
697
785
817
741
722
747
842
612
731
634
812
667
661
748
564
606
769
455
673
573
782
481
714
798
865
693
801
759
783
720
848
Module:2	RCU:2	branch:1	card:4
711
761
691
512
495
659
732
650
576
612
650
672
669
606
628
616
887
577
915
725
537
767
504
756
656
697
608
714
613
791
442
743
Module:2	RCU:2	branch:1	card:5
627
610
705
676
691
792
628
738
602
610
579
620
643
680
570
568
661
681
662
625
659
784
669
728
614
837
789
653
853
682
856
661
Module:2	RCU:2	branch:1	card:6
507
484
377
469
511
510
568
473
509
480
567
584
560
582
533
499
603
384
413
477
345
579
426
532
556
512
385
512
527
515
619
487
Module:2	RCU:2	branch:1	card:7
863
534
791
544
903
604
749
609
823
560
655
689
483
529
598
553
601
520
553
617
534
640
618
541
619
619
557
623
624
676
739
647
Module:2	RCU:2	branch:1	card:8
607
745
519
877
615
916
588
782
531
828
543
700
794
787
662
800
643
679
579
653
620
572
642
602
589
587
587
597
670
705
596
631
Module:2	RCU:2	branch:1	card:9
864
781
916
807
834
760
967
613
767
818
876
818
846
717
640
740
528
568
531
574
515
663
578
538
637
595
542
627
496
616
635
559
Module:2	RCU:2	branch:1	card:10
833
639
578
619
588
565
656
594
608
652
575
559
559
515
581
475
558
556
594
662
624
539
600
630
480
606
595
627
620
490
506
775
Module:2	RCU:2	branch:1	card:11
615
595
537
512
643
607
533
574
520
561
542
468
530
564
571
489
567
494
382
496
373
611
560
565
633
567
586
555
533
406
755
655
Module:2	RCU:2	branch:1	card:12
522
688
512
796
583
681
735
759
788
772
673
748
725
675
760
780
476
474
440
520
595
609
498
615
739
749
760
629
554
541
512
527
Module:2	RCU:2	branch:1	card:13
557
765
702
707
633
714
687
757
722
711
663
630
526
597
717
596
420
512
527
512
358
512
339
512
481
512
507
512
428
512
359
512
Module:2	RCU:3	branch:0	card:0
512
512
512
512
512
512
512
512
512
512
512
512
512
512
512
512
512
512
512
512
512
512
512
512
512
512
512
512
512
512
512
512
Module:2	RCU:3	branch:0	card:1
512
512
512
512
512
512
512
512
512
512
512
512
512
512
512
512
512
512
512
512
512
512
512
512
512
512
512
512
512
512
512
512
Module:2	RCU:3	branch:0	card:2
512
512
512
512
512
512
512
512
512
512
512
512
512
512
512
512
512
512
512
512
512
512
512
512
512
512
512
512
512
512
512
512
Module:2	RCU:3	branch:0	card:3
512
512
512
512
512
512
512
512
512
512
512
512
512
512
512
512
512
512
512
512
512
512
512
512
512
512
512
512
512
512
512
512
Module:2	RCU:3	branch:0	card:4
512
512
512
512
512
512
512
512
512
512
512
512
512
512
512
512
512
512
512
512
512
512
512
512
512
512
512
512
512
512
512
512
Module:2	RCU:3	branch:0	card:5
512
512
512
512
512
512
512
512
512
512
512
512
512
512
512
512
512
512
512
512
512
512
512
512
512
512
512
512
512
512
512
512
Module:2	RCU:3	branch:0	card:6
512
512
512
512
512
512
512
512
512
512
512
512
512
512
512
512
512
512
512
512
512
512
512
512
512
512
512
512
512
512
512
512
Module:2	RCU:3	branch:0	card:7
512
512
512
512
512
512
512
512
512
512
512
512
512
512
512
512
512
512
512
512
512
512
512
512
512
512
512
512
512
512
512
512
Module:2	RCU:3	branch:0	card:8
512
512
512
512
512
512
512
512
512
512
512
512
512
512
512
512
512
512
512
512
512
512
512
512
512
512
512
512
512
512
512
512
Module:2	RCU:3	branch:0	card:9
512
512
512
512
512
512
512
512
512
512
512
512
512
512
512
512
512
512
512
512
512
512
512
512
512
512
512
512
512
512
512
512
Module:2	RCU:3	branch:0	card:10
512
512
512
512
512
512
512
512
512
512
512
512
512
512
512
512
512
512
512
512
512
512
512
512
512
512
512
512
512
512
512
512
Module:2	RCU:3	branch:0	card:11
512
512
512
512
512
512
512
512
512
512
512
512
512
512
512
512
512
512
512
512
512
512
512
512
512
512
512
512
512
512
512
512
Module:2	RCU:3	branch:0	card:12
512
512
512
512
512
512
512
512
512
512
512
512
512
512
512
512
512
512
512
512
512
512
512
512
512
512
512
512
512
512
512
512
Module:2	RCU:3	branch:0	card:13
512
512
512
512
512
512
512
512
512
512
512
512
512
512
512
512
512
512
512
512
512
512
512
512
512
512
512
512
512
512
512
512
Module:2	RCU:3	branch:1	card:0
512
512
512
512
512
512
512
512
512
512
512
512
512
512
512
512
512
512
512
512
512
512
512
512
512
512
512
512
512
512
512
512
Module:2	RCU:3	branch:1	card:1
512
512
512
512
512
512
512
512
512
512
512
512
512
512
512
512
512
512
512
512
512
512
512
512
512
512
512
512
512
512
512
512
Module:2	RCU:3	branch:1	card:2
512
512
512
512
512
512
512
512
512
512
512
512
512
512
512
512
512
512
512
512
512
512
512
512
512
512
512
512
512
512
512
512
Module:2	RCU:3	branch:1	card:3
512
512
512
512
512
512
512
512
512
512
512
512
512
512
512
512
512
512
512
512
512
512
512
512
512
512
512
512
512
512
512
512
Module:2	RCU:3	branch:1	card:4
512
512
512
512
512
512
512
512
512
512
512
512
512
512
512
512
512
512
512
512
512
512
512
512
512
512
512
512
512
512
512
512
Module:2	RCU:3	branch:1	card:5
512
512
512
512
512
512
512
512
512
512
512
512
512
512
512
512
512
512
512
512
512
512
512
512
512
512
512
512
512
512
512
512
Module:2	RCU:3	branch:1	card:6
512
512
512
512
512
512
512
512
512
512
512
512
512
512
512
512
512
512
512
512
512
512
512
512
512
512
512
512
512
512
512
512
Module:2	RCU:3	branch:1	card:7
512
512
512
512
512
512
512
512
512
512
512
512
512
512
512
512
512
512
512
512
512
512
512
512
512
512
512
512
512
512
512
512
Module:2	RCU:3	branch:1	card:8
512
512
512
512
512
512
512
512
512
512
512
512
512
512
512
512
512
512
512
512
512
512
512
512
512
512
512
512
512
512
512
512
Module:2	RCU:3	branch:1	card:9
512
512
512
512
512
512
512
512
512
512
512
512
512
512
512
512
512
512
512
512
512
512
512
512
512
512
512
512
512
512
512
512
Module:2	RCU:3	branch:1	card:10
512
512
512
512
512
512
512
512
512
512
512
512
512
512
512
512
512
512
512
512
512
512
512
512
512
512
512
512
512
512
512
512
Module:2	RCU:3	branch:1	card:11
512
512
512
512
512
512
512
512
512
512
512
512
512
512
512
512
512
512
512
512
512
512
512
512
512
512
512
512
512
512
512
512
Module:2	RCU:3	branch:1	card:12
512
512
512
512
512
512
512
512
512
512
512
512
512
512
512
512
512
512
512
512
512
512
512
512
512
512
512
512
512
512
512
512
Module:2	RCU:3	branch:1	card:13
512
512
512
512
512
512
512
512
512
512
512
512
512
512
512
512
512
512
512
512
512
512
512
512
512
512
512
512
512
512
512
512
