Module:2	RCU:0	branch:0	card:1
548
667
627
592
623
793
618
659
633
724
653
825
685
707
609
703
613
707
598
692
652
740
691
512
683
1010
893
863
840
736
860
772
Module:2	RCU:0	branch:0	card:2
806
761
707
859
804
803
768
525
818
710
738
783
846
520
823
595
492
676
631
591
595
615
562
651
655
672
663
734
646
737
713
697
Module:2	RCU:0	branch:0	card:3
547
711
598
586
598
589
625
526
678
421
608
638
382
741
700
588
570
587
676
614
597
755
564
637
759
760
760
737
710
688
608
646
Module:2	RCU:0	branch:0	card:4
800
717
577
639
630
607
534
536
568
563
582
527
512
555
462
497
682
699
778
685
727
797
741
766
701
816
716
839
877
884
784
809
Module:2	RCU:0	branch:0	card:5
717
604
521
720
503
661
492
494
644
630
589
454
536
533
523
575
781
602
575
644
739
732
685
759
652
778
1023
767
671
802
686
827
Module:2	RCU:0	branch:0	card:6
589
440
783
457
794
580
579
563
619
468
709
509
734
499
528
548
862
1023
892
1007
990
883
969
1023
862
852
835
904
879
923
814
874
Module:2	RCU:0	branch:0	card:7
529
664
574
585
589
737
610
591
646
735
538
839
600
699
689
679
758
865
794
804
790
770
838
818
779
735
845
770
709
512
755
696
Module:2	RCU:0	branch:0	card:8
638
627
741
512
634
676
739
563
570
593
623
1023
698
621
753
703
524
998
662
892
785
959
940
949
617
994
921
810
969
1023
927
961
Module:2	RCU:0	branch:0	card:9
742
709
815
763
588
624
483
581
670
701
592
557
627
854
746
540
815
837
1023
855
902
960
801
849
901
843
871
879
1023
975
849
897
Module:2	RCU:0	branch:0	card:10
790
699
715
576
448
699
712
595
403
702
555
514
720
428
562
512
820
992
811
954
845
828
784
798
812
905
801
735
836
715
849
685
Module:2	RCU:0	branch:0	card:11
607
775
640
770
768
666
672
757
692
572
659
588
663
465
573
605
594
735
711
670
641
613
692
667
711
648
761
777
702
765
788
809
Module:2	RCU:0	branch:0	card:12
772
725
634
596
694
633
573
697
659
682
562
749
593
751
702
622
667
777
746
833
705
808
777
446
678
892
790
888
763
789
803
737
Module:2	RCU:0	branch:0	card:13
692
626
606
639
520
629
650
584
611
586
591
620
595
626
535
632
860
826
846
685
891
863
798
962
851
902
974
871
898
804
851
862
Module:2	RCU:0	branch:0	card:14
603
512
539
494
479
441
431
541
512
479
516
539
422
558
542
467
668
713
788
729
669
630
591
619
609
642
742
692
776
614
663
702
Module:2	RCU:0	branch:1	card:1
684
664
553
770
751
690
591
610
726
778
634
668
679
777
660
482
605
361
671
410
587
603
440
585
417
556
495
584
625
591
512
678
Module:2	RCU:0	branch:1	card:2
595
703
691
748
785
649
439
693
555
590
688
613
631
740
663
694
696
836
693
657
636
721
851
764
700
656
723
518
763
539
818
696
Module:2	RCU:0	branch:1	card:3
606
754
841
749
702
770
849
722
655
688
764
647
651
766
745
625
646
751
601
806
714
738
729
685
822
822
764
747
868
791
512
868
Module:2	RCU:0	branch:1	card:4
692
604
858
1023
804
662
709
606
816
569
1023
483
581
530
518
599
575
524
567
245
546
709
647
512
666
610
711
663
512
722
512
512
Module:2	RCU:0	branch:1	card:5
700
954
647
1023
694
987
638
964
727
796
657
740
468
893
640
779
726
443
671
609
622
573
671
531
659
507
642
557
568
441
474
465
Module:2	RCU:0	branch:1	card:6
826
756
871
762
1023
782
838
826
682
733
636
695
668
782
633
794
572
541
512
481
560
465
552
664
531
457
568
527
595
378
438
524
Module:2	RCU:0	branch:1	card:7
799
715
657
512
763
620
701
595
742
677
625
566
679
751
709
869
507
673
498
510
712
573
634
353
476
641
641
704
621
594
658
584
Module:2	RCU:0	branch:1	card:8
623
614
603
850
672
846
592
775
705
750
657
597
566
684
816
802
592
456
521
748
538
644
620
690
704
535
432
606
446
439
477
562
Module:2	RCU:0	branch:1	card:9
837
973
664
965
764
777
636
823
755
805
720
633
843
834
773
824
609
698
697
763
693
767
591
773
659
722
651
764
708
650
727
686
Module:2	RCU:0	branch:1	card:10
1015
794
779
688
742
737
698
793
826
965
742
846
872
839
868
876
748
722
798
729
965
700
545
690
623
573
746
505
696
662
646
672
Module:2	RCU:0	branch:1	card:11
809
646
709
581
640
814
650
721
720
830
1023
696
834
841
827
742
645
714
778
698
648
694
775
657
510
739
677
763
612
612
608
572
Module:2	RCU:0	branch:1	card:12
861
727
726
714
754
610
705
674
660
697
677
710
731
684
650
763
635
797
648
826
668
726
595
879
648
790
835
731
701
832
888
512
Module:2	RCU:0	branch:1	card:13
799
675
685
746
747
737
811
844
715
811
695
618
680
806
804
717
821
827
745
818
714
846
851
777
753
838
669
767
753
819
764
687
Module:2	RCU:0	branch:1	card:14
808
771
712
771
493
732
721
738
744
477
680
708
673
727
737
744
592
421
466
660
596
466
545
608
507
445
556
476
569
641
513
581
Module:2	RCU:1	branch:0	card:1
635
437
669
626
395
583
500
568
729
657
626
736
591
589
573
577
592
693
775
838
834
806
868
777
800
826
723
645
737
764
746
682
Module:2	RCU:1	branch:0	card:2
542
519
556
652
564
567
611
641
426
455
479
724
703
693
593
655
683
571
754
716
718
628
778
608
735
701
862
675
733
727
858
701
Module:2	RCU:1	branch:0	card:3
815
806
641
671
666
756
575
500
649
628
683
511
669
596
731
637
714
609
791
746
777
875
833
771
567
992
598
625
609
774
707
805
Module:2	RCU:1	branch:0	card:4
612
574
646
626
584
653
591
434
607
725
575
535
385
496
464
564
958
790
790
802
708
795
721
736
1023
717
746
858
832
796
801
831
Module:2	RCU:1	branch:0	card:5
609
756
658
627
674
646
692
693
640
737
658
740
712
605
620
657
750
813
973
719
771
765
758
797
701
793
739
743
834
831
772
714
Module:2	RCU:1	branch:0	card:6
718
757
816
736
799
761
775
692
643
669
635
597
556
666
572
780
846
539
693
563
506
567
608
579
576
624
583
509
577
352
558
539
Module:2	RCU:1	branch:0	card:7
730
783
677
743
746
512
626
633
608
599
690
809
866
766
659
742
538
697
517
625
505
521
573
563
586
627
583
644
637
508
544
601
Module:2	RCU:1	branch:0	card:8
424
517
626
581
714
441
651
512
810
463
750
406
725
648
622
564
630
724
765
596
710
491
609
628
549
528
455
679
604
625
699
613
Module:2	RCU:1	branch:0	card:9
507
428
428
519
506
558
536
431
627
457
490
378
620
661
1013
595
630
777
664
721
665
794
625
699
783
806
512
738
772
838
792
818
Module:2	RCU:1	branch:0	card:10
685
704
511
665
684
761
825
818
673
833
629
729
693
787
667
654
850
777
701
654
727
707
773
674
774
721
763
687
812
833
710
760
Module:2	RCU:1	branch:0	card:11
598
727
677
710
719
680
628
800
788
625
489
504
717
615
712
587
654
738
647
653
733
597
806
634
730
780
826
711
790
851
676
733
Module:2	RCU:1	branch:0	card:12
683
428
636
614
551
583
566
508
615
467
641
703
641
499
567
594
714
679
643
712
673
694
768
703
711
935
651
834
595
571
734
679
Module:2	RCU:1	branch:0	card:13
489
579
475
756
576
800
627
433
1023
582
690
736
520
453
538
636
658
618
595
526
580
649
696
722
576
656
595
575
528
624
568
547
Module:2	RCU:1	branch:0	card:14
123
300
218
344
285
266
266
291
382
496
514
309
181
214
357
377
525
475
708
567
564
481
699
512
512
574
720
659
776
446
621
527
Module:2	RCU:1	branch:1	card:1
711
564
553
637
732
800
750
728
757
669
512
882
745
733
955
693
769
683
633
732
748
683
806
686
849
572
821
721
781
652
630
754
Module:2	RCU:1	branch:1	card:2
602
718
649
683
669
710
620
678
606
618
787
611
1023
758
797
661
739
743
632
688
756
676
682
637
691
602
642
677
663
610
586
674
Module:2	RCU:1	branch:1	card:3
646
711
724
741
704
632
736
586
640
455
603
445
534
402
677
569
587
815
759
823
717
781
821
750
911
754
796
926
825
825
796
782
Module:2	RCU:1	branch:1	card:4
794
831
748
730
698
644
771
739
678
601
653
540
739
457
558
590
862
834
638
780
867
733
682
807
737
768
697
734
788
702
816
766
Module:2	RCU:1	branch:1	card:5
1023
705
696
853
574
1023
608
529
657
542
653
581
689
541
731
481
683
504
683
630
772
677
655
683
728
647
525
680
535
801
517
708
Module:2	RCU:1	branch:1	card:6
554
612
642
643
638
653
560
582
663
787
569
651
592
705
623
731
795
620
717
722
819
815
796
693
790
662
616
616
757
684
716
515
Module:2	RCU:1	branch:1	card:7
497
561
409
493
537
378
607
540
589
501
561
476
403
495
448
496
380
518
475
318
314
584
311
418
434
568
483
483
514
421
375
439
Module:2	RCU:1	branch:1	card:8
691
808
677
918
578
819
632
764
669
703
707
826
909
791
609
824
793
640
676
652
715
651
670
709
647
691
709
744
644
673
512
805
Module:2	RCU:1	branch:1	card:9
752
765
694
747
640
829
761
831
783
690
813
607
722
710
829
795
691
858
760
776
758
752
843
964
851
967
570
782
791
865
756
745
Module:2	RCU:1	branch:1	card:10
583
502
822
633
930
810
713
696
825
512
848
729
771
810
747
671
811
793
1017
768
1023
1023
845
764
724
797
777
794
822
640
826
714
Module:2	RCU:1	branch:1	card:11
674
798
745
626
710
641
608
608
892
790
810
752
859
620
663
676
814
649
750
826
935
1023
825
1023
866
785
925
816
781
955
749
854
Module:2	RCU:1	branch:1	card:12
617
705
680
772
789
738
928
675
435
424
370
371
291
419
361
402
512
748
777
733
676
732
820
828
821
825
728
856
695
590
808
716
Module:2	RCU:1	branch:1	card:13
560
660
747
746
867
765
710
754
427
352
319
563
301
518
520
434
617
851
681
857
916
699
872
771
833
624
790
712
693
753
726
776
Module:2	RCU:1	branch:1	card:14
394
353
460
340
323
394
377
311
397
218
307
451
450
303
273
293
458
316
560
512
624
423
401
512
580
405
470
399
1023
433
374
524
Module:2	RCU:2	branch:0	card:1
565
716
579
583
454
357
512
518
350
245
212
484
200
452
148
317
512
512
512
551
512
512
512
504
512
707
512
436
512
581
512
674
Module:2	RCU:2	branch:0	card:2
640
1023
701
824
688
838
657
830
266
472
357
580
211
442
231
550
617
629
673
630
545
613
673
766
649
600
614
715
696
714
750
812
Module:2	RCU:2	branch:0	card:3
1005
852
855
885
1013
815
764
950
857
900
1005
764
876
802
800
840
730
759
728
747
633
541
661
661
752
859
817
1023
794
899
784
987
Module:2	RCU:2	branch:0	card:4
809
808
970
779
881
512
765
730
833
820
718
884
804
1003
930
694
541
608
604
746
764
727
626
694
818
699
709
799
858
779
812
862
Module:2	RCU:2	branch:0	card:5
807
773
806
792
765
658
588
635
742
727
719
718
698
773
654
441
780
803
739
595
724
791
633
779
771
725
825
809
785
860
782
851
Module:2	RCU:2	branch:0	card:6
705
660
641
695
618
623
647
523
592
824
623
747
673
760
717
716
686
586
607
543
727
614
694
520
751
653
693
564
449
597
687
637
Module:2	RCU:2	branch:0	card:7
403
464
510
377
500
573
593
570
540
458
477
169
496
449
416
542
462
334
426
323
442
527
512
466
423
513
453
516
603
717
364
599
Module:2	RCU:2	branch:0	card:8
817
822
1023
734
748
793
760
781
837
824
762
735
767
650
758
651
786
687
658
680
781
694
767
749
784
652
734
715
719
629
666
570
Module:2	RCU:2	branch:0	card:9
762
713
881
790
889
674
840
746
722
614
786
683
794
629
677
744
790
786
834
772
730
818
784
635
703
638
713
616
646
570
528
588
Module:2	RCU:2	branch:0	card:10
761
595
671
682
557
709
581
709
670
883
656
747
565
781
610
673
769
687
783
730
742
767
659
586
701
696
751
708
639
761
689
567
Module:2	RCU:2	branch:0	card:11
768
699
784
668
798
747
743
767
724
800
758
788
792
710
779
675
716
818
793
765
668
711
752
730
751
678
708
770
723
488
712
585
Module:2	RCU:2	branch:0	card:12
698
764
585
569
689
576
743
598
756
693
768
827
838
786
770
860
821
349
788
583
727
528
587
538
445
325
651
761
501
795
494
715
Module:2	RCU:2	branch:0	card:13
627
489
521
461
519
597
507
617
685
618
743
597
685
613
709
746
548
789
773
789
769
781
794
723
781
646
661
563
517
624
696
509
Module:2	RCU:2	branch:0	card:14
552
503
446
600
621
553
650
538
521
480
580
592
534
624
606
531
540
412
392
457
463
281
458
446
389
394
407
397
422
386
260
393
Module:2	RCU:2	branch:1	card:1
868
604
860
817
756
785
756
584
698
742
695
789
630
752
747
679
807
475
455
484
513
448
593
527
631
598
514
687
598
635
552
501
Module:2	RCU:2	branch:1	card:2
745
682
809
704
735
605
692
714
681
654
665
672
630
661
689
651
513
693
553
520
608
500
512
545
684
478
527
564
683
565
490
552
Module:2	RCU:2	branch:1	card:3
658
648
652
598
388
604
587
698
606
665
589
535
520
603
509
712
564
521
480
455
576
650
734
540
499
673
570
645
541
538
575
661
Module:2	RCU:2	branch:1	card:4
512
700
786
815
741
722
750
842
600
733
627
810
674
655
751
539
625
772
420
674
566
784
460
737
829
849
697
804
796
779
724
829
Module:2	RCU:2	branch:1	card:5
715
763
720
512
462
655
733
657
558
603
656
676
666
598
623
607
873
570
974
735
512
795
476
760
648
740
592
716
596
796
448
738
Module:2	RCU:2	branch:1	card:6
621
599
701
674
677
800
617
740
588
598
566
612
639
664
560
556
654
723
690
647
660
791
665
729
606
854
813
643
852
676
879
674
Module:2	RCU:2	branch:1	card:7
492
464
350
444
496
491
564
479
495
461
559
571
550
571
530
487
594
361
374
453
251
573
420
507
540
512
358
512
499
500
612
462
Module:2	RCU:2	branch:1	card:8
868
521
802
522
910
588
786
592
814
536
651
683
447
509
575
528
589
500
528
596
499
627
618
524
604
629
533
605
604
677
726
644
Module:2	RCU:2	branch:1	card:9
589
754
485
879
611
925
540
788
474
830
574
705
831
788
664
824
636
671
561
694
604
538
633
617
568
568
571
574
663
734
588
642
Module:2	RCU:2	branch:1	card:10
870
794
888
812
837
761
1023
607
772
824
867
823
893
724
636
745
503
546
502
577
515
683
556
517
625
580
515
648
472
626
620
546
Module:2	RCU:2	branch:1	card:11
900
643
553
589
557
539
676
561
598
640
555
543
532
500
557
456
538
563
577
660
614
520
595
639
440
631
620
646
632
467
479
784
Module:2	RCU:2	branch:1	card:12
618
598
524
512
642
656
525
493
516
526
531
439
512
549
637
231
567
474
238
484
351
603
558
581
650
564
579
540
527
394
758
671
Module:2	RCU:2	branch:1	card:13
491
693
512
803
559
688
777
769
799
783
684
757
798
684
779
795
495
470
451
511
592
651
473
608
739
764
782
620
534
538
512
498
Module:2	RCU:2	branch:1	card:14
530
774
709
728
630
750
692
770
734
732
664
630
513
596
731
575
391
512
502
512
345
512
512
512
469
512
485
512
361
512
355
512
Module:2	RCU:3	branch:0	card:1
696
643
626
837
596
706
520
779
595
811
510
773
642
742
450
696
507
626
509
643
520
534
573
609
641
536
691
504
675
586
655
609
Module:2	RCU:3	branch:0	card:2
751
771
648
836
823
806
802
704
637
563
726
648
627
715
613
781
641
606
767
531
621
733
703
665
687
842
742
696
571
683
726
709
Module:2	RCU:3	branch:0	card:3
819
805
752
894
765
737
733
725
612
739
558
679
753
861
751
574
889
703
667
986
810
781
809
741
810
690
782
775
785
792
806
722
Module:2	RCU:3	branch:0	card:4
825
782
659
687
639
667
643
612
705
694
826
665
728
634
813
495
797
702
704
695
748
830
767
851
672
763
745
754
757
699
760
747
Module:2	RCU:3	branch:0	card:5
512
592
617
658
700
582
463
652
635
589
533
604
686
583
638
582
534
523
760
593
475
601
763
581
561
720
567
599
601
558
609
610
Module:2	RCU:3	branch:0	card:6
526
676
683
742
693
670
783
721
758
725
782
675
767
712
779
652
644
583
540
581
552
594
709
513
493
519
512
468
505
347
621
631
Module:2	RCU:3	branch:0	card:7
823
780
682
684
695
801
795
835
724
733
667
732
686
659
732
720
621
601
724
578
758
595
562
618
573
771
522
799
715
742
582
643
Module:2	RCU:3	branch:0	card:8
491
574
599
486
670
599
619
453
617
728
649
732
695
779
618
564
737
730
766
721
625
786
692
739
786
660
732
582
614
564
407
704
Module:2	RCU:3	branch:0	card:9
487
971
625
605
700
1023
479
923
643
642
540
928
756
624
836
753
850
768
675
664
795
619
601
636
731
685
771
730
779
930
778
683
Module:2	RCU:3	branch:0	card:10
868
742
1023
932
833
886
695
884
899
775
832
603
733
818
929
729
885
758
725
882
800
845
907
960
922
892
785
869
719
880
790
1023
Module:2	RCU:3	branch:0	card:11
581
610
573
545
595
661
594
642
356
532
523
469
508
429
608
151
512
820
1023
850
943
803
737
804
737
754
668
666
740
843
795
691
Module:2	RCU:3	branch:0	card:12
550
590
668
704
562
676
577
556
640
493
512
772
724
681
556
749
659
807
653
717
826
752
904
828
712
691
742
754
811
694
748
631
Module:2	RCU:3	branch:0	card:13
522
612
684
487
746
525
543
507
654
580
673
706
611
775
606
787
727
652
737
872
739
845
885
863
830
512
818
673
719
799
588
736
Module:2	RCU:3	branch:0	card:14
365
363
559
442
438
418
442
572
520
599
320
522
408
475
383
443
610
623
568
612
652
584
642
656
737
751
561
622
682
524
601
634
Module:2	RCU:3	branch:1	card:1
616
556
488
457
636
700
539
526
449
507
579
395
461
495
516
412
621
765
761
755
697
755
929
644
766
786
683
687
687
681
698
594
Module:2	RCU:3	branch:1	card:2
693
682
642
581
840
678
696
653
647
705
687
487
576
518
500
469
548
540
604
541
502
598
559
534
665
587
673
686
548
591
628
679
Module:2	RCU:3	branch:1	card:3
511
706
617
975
511
622
742
759
667
544
827
699
733
762
816
496
667
665
640
552
671
671
586
666
653
667
697
495
697
649
630
691
Module:2	RCU:3	branch:1	card:4
621
578
728
651
658
708
665
757
644
578
667
550
677
530
544
556
536
553
794
797
607
658
629
783
787
742
667
706
1023
692
750
772
Module:2	RCU:3	branch:1	card:5
496
635
575
686
526
616
479
564
409
593
539
640
572
585
454
515
704
631
682
722
785
665
656
795
784
788
786
822
716
748
733
698
Module:2	RCU:3	branch:1	card:6
698
697
637
476
659
569
560
591
702
558
623
660
522
615
585
575
719
483
727
464
740
637
616
553
576
579
473
500
510
504
354
513
Module:2	RCU:3	branch:1	card:7
723
809
512
811
661
660
512
686
703
779
740
671
759
707
794
649
473
437
401
412
455
449
485
541
476
403
431
498
391
409
379
448
Module:2	RCU:3	branch:1	card:8
556
813
663
950
697
812
802
774
812
750
784
866
767
804
610
714
590
639
634
565
627
435
598
589
621
528
517
668
488
610
502
496
Module:2	RCU:3	branch:1	card:9
837
503
871
471
743
548
675
512
794
537
803
469
828
563
768
520
672
641
542
569
563
578
415
693
795
418
697
609
636
457
647
422
Module:2	RCU:3	branch:1	card:10
474
739
654
677
659
793
667
708
742
671
704
722
583
651
560
681
553
595
538
507
591
605
567
568
451
511
369
515
520
476
506
584
Module:2	RCU:3	branch:1	card:11
725
675
776
662
692
704
669
661
750
664
771
697
553
510
825
643
657
799
641
811
871
535
763
872
738
655
738
686
775
706
793
798
Module:2	RCU:3	branch:1	card:12
564
675
658
591
646
602
564
607
529
499
559
515
475
475
485
585
624
631
579
550
681
731
669
769
488
820
540
534
447
671
622
645
Module:2	RCU:3	branch:1	card:13
569
541
526
526
557
502
510
673
547
610
517
654
552
682
607
582
729
581
807
709
824
849
698
769
724
716
621
741
743
645
779
801
Module:2	RCU:3	branch:1	card:14
540
408
515
329
482
563
652
672
761
539
626
407
599
644
706
711
686
512
566
455
565
444
612
421
566
512
560
519
336
501
273
435
