Module:1	RCU:0	branch:0	card:5
512
512
512
512
512
512
512
512
512
512
512
512
512
512
512
512
512
512
512
512
512
512
512
512
512
512
512
512
512
512
512
512
Module:1	RCU:0	branch:0	card:6
512
512
512
512
512
512
512
512
512
512
512
512
512
512
512
512
512
512
512
512
512
512
512
512
512
512
512
512
512
512
512
512
Module:1	RCU:0	branch:0	card:7
512
512
512
512
512
512
512
512
512
512
512
512
512
512
512
512
512
512
512
512
512
512
512
512
512
512
512
512
512
512
512
512
Module:1	RCU:0	branch:0	card:13
512
512
512
512
512
512
512
512
512
512
512
512
512
512
512
512
512
512
512
512
512
512
512
512
512
512
512
512
512
512
512
512
Module:1	RCU:0	branch:1	card:5
512
512
512
512
512
512
512
512
512
512
512
512
512
512
512
512
512
512
512
512
512
512
512
512
512
512
512
512
512
512
512
512
Module:1	RCU:1	branch:0	card:5
512
512
512
512
512
512
512
512
512
512
512
512
512
512
512
512
512
512
512
512
512
512
512
512
512
512
512
512
512
512
512
512
Module:1	RCU:1	branch:0	card:6
512
512
512
512
512
512
512
512
512
512
512
512
512
512
512
512
512
512
512
512
512
512
512
512
512
512
512
512
512
512
512
512
Module:1	RCU:1	branch:0	card:12
512
512
512
512
512
512
512
512
512
512
512
512
512
512
512
512
512
512
512
512
512
512
512
512
512
512
512
512
512
512
512
512
Module:1	RCU:1	branch:1	card:3
512
512
512
512
512
512
512
512
512
512
512
512
512
512
512
512
512
512
512
512
512
512
512
512
512
512
512
512
512
512
512
512
Module:1	RCU:1	branch:1	card:5
512
512
512
512
512
512
512
512
512
512
512
512
512
512
512
512
512
512
512
512
512
512
512
512
512
512
512
512
512
512
512
512
Module:2	RCU:0	branch:0	card:1
442
659
565
601
653
670
594
666
587
646
633
648
611
666
600
648
550
706
515
675
580
726
546
200
709
741
713
731
688
753
703
717
Module:2	RCU:0	branch:0	card:2
671
733
666
726
668
721
671
473
690
507
596
705
710
497
717
508
466
591
513
590
486
547
505
539
521
558
516
578
509
571
549
558
Module:2	RCU:0	branch:0	card:3
461
646
528
560
456
553
540
458
671
462
641
661
418
671
660
616
611
525
604
533
583
636
631
635
632
632
621
623
557
551
551
553
Module:2	RCU:0	branch:0	card:4
626
625
598
595
595
583
566
592
592
633
571
601
484
490
453
486
661
705
701
713
683
686
681
731
681
731
705
753
705
738
706
696
Module:2	RCU:0	branch:0	card:5
633
536
501
665
501
677
493
526
670
531
553
516
530
521
546
560
583
528
533
513
546
563
574
618
574
624
565
656
536
656
532
656
Module:2	RCU:0	branch:0	card:6
552
463
650
427
654
477
513
473
521
506
616
446
698
436
423
476
718
776
745
771
751
765
753
790
756
753
743
781
721
796
736
801
Module:2	RCU:0	branch:0	card:7
508
608
493
536
543
548
623
523
481
601
475
520
532
491
526
553
782
817
791
791
816
805
816
836
808
827
789
806
758
488
828
631
Module:2	RCU:0	branch:0	card:8
558
594
711
585
565
623
200
505
518
511
525
200
566
584
597
601
497
827
539
813
759
823
754
806
518
820
738
801
789
823
828
835
Module:2	RCU:0	branch:0	card:9
641
652
635
645
501
550
506
558
565
640
574
430
591
658
611
440
829
785
803
783
821
788
748
802
768
763
783
763
760
775
815
808
Module:2	RCU:0	branch:0	card:10
651
692
665
462
446
671
658
461
445
730
646
413
678
411
670
413
801
793
796
777
791
744
817
781
773
766
786
756
751
658
727
681
Module:2	RCU:0	branch:0	card:11
443
673
624
663
632
659
642
603
646
588
648
578
658
516
655
592
642
616
623
621
646
641
688
678
618
658
690
643
697
680
658
763
Module:2	RCU:0	branch:0	card:12
615
611
601
611
612
636
605
636
598
638
613
709
611
626
608
632
665
738
681
740
681
738
660
433
715
756
698
748
733
746
726
732
Module:2	RCU:0	branch:0	card:13
531
551
522
551
531
590
567
550
561
581
549
587
552
587
553
581
766
778
768
676
788
801
780
798
775
788
771
785
771
778
761
780
Module:2	RCU:0	branch:0	card:14
495
481
528
521
587
482
516
517
453
476
575
531
515
491
521
441
788
752
733
756
729
751
750
748
740
741
729
701
776
716
753
679
Module:2	RCU:0	branch:1	card:1
683
616
578
639
611
633
556
639
574
632
585
613
610
621
600
481
593
476
544
415
518
578
475
511
453
493
412
477
573
100
100
591
Module:2	RCU:0	branch:1	card:2
517
628
656
642
646
581
410
655
750
750
633
750
589
750
750
648
722
792
658
755
713
769
750
746
750
750
750
750
750
750
750
750
Module:2	RCU:0	branch:1	card:3
583
685
679
688
655
621
691
653
587
639
712
606
609
713
694
605
672
673
684
704
711
678
696
705
717
677
716
678
799
719
829
791
Module:2	RCU:0	branch:1	card:4
631
516
816
793
786
536
605
548
841
549
629
555
548
577
545
574
587
581
570
536
606
627
646
520
613
527
652
607
500
630
602
100
Module:2	RCU:0	branch:1	card:5
553
838
583
828
598
819
596
806
604
869
612
840
589
833
595
770
612
525
604
525
645
574
581
532
591
550
592
449
590
459
509
458
Module:2	RCU:0	branch:1	card:6
740
680
750
668
765
672
764
782
674
682
671
662
677
697
695
703
472
453
478
497
497
480
479
555
488
536
524
521
545
476
541
495
Module:2	RCU:0	branch:1	card:7
686
628
618
593
663
663
621
638
779
605
617
626
674
798
655
817
510
591
527
485
576
525
567
514
400
507
519
610
512
598
551
570
Module:2	RCU:0	branch:1	card:8
572
608
633
813
618
820
646
703
650
718
635
557
595
740
826
765
490
455
511
596
481
594
603
626
594
437
434
442
483
440
484
477
Module:2	RCU:0	branch:1	card:9
785
746
598
837
731
688
576
775
727
756
769
591
746
835
726
735
511
620
500
617
502
621
583
625
667
680
635
654
663
673
650
649
Module:2	RCU:0	branch:1	card:10
836
797
740
730
773
758
662
572
720
799
726
746
816
753
731
676
663
672
736
667
747
570
587
571
594
610
687
560
675
567
590
576
Module:2	RCU:0	branch:1	card:11
688
701
753
725
575
723
578
745
606
724
749
614
736
739
717
680
623
675
648
619
570
573
679
622
606
714
636
694
626
565
587
584
Module:2	RCU:0	branch:1	card:12
748
651
746
676
632
666
1023
1023
615
659
674
691
669
678
592
703
517
716
498
753
588
707
538
746
545
713
726
710
669
694
669
696
Module:2	RCU:0	branch:1	card:13
703
645
686
717
758
750
1023
1023
1004
1021
715
903
734
600
843
1023
782
985
790
1023
744
921
753
1023
725
675
689
1023
797
700
790
1023
Module:2	RCU:0	branch:1	card:14
670
691
666
712
541
693
750
750
750
500
750
750
750
750
750
750
750
750
750
750
648
750
750
725
750
750
750
500
750
750
750
750
Module:2	RCU:1	branch:0	card:1
615
431
601
726
612
550
605
463
683
506
613
598
611
535
608
598
505
721
721
716
735
721
746
722
761
698
756
709
707
716
701
641
Module:2	RCU:1	branch:0	card:2
485
506
647
521
513
524
490
500
510
438
412
639
621
666
504
640
706
636
724
645
719
628
702
633
651
665
668
649
675
661
696
698
Module:2	RCU:1	branch:0	card:3
671
705
661
699
668
703
655
550
626
528
663
553
690
588
703
593
675
608
726
643
728
785
704
773
596
785
572
711
626
787
619
768
Module:2	RCU:1	branch:0	card:4
200
474
588
475
593
502
619
506
610
528
616
501
434
538
455
538
781
693
782
747
733
742
722
739
800
761
790
758
786
767
703
766
Module:2	RCU:1	branch:0	card:5
563
648
621
581
633
606
643
636
645
665
606
661
649
643
596
605
771
676
774
689
776
712
756
726
695
723
761
742
768
733
772
728
Module:2	RCU:1	branch:0	card:6
613
690
678
686
652
636
680
626
673
661
628
621
621
636
616
643
758
524
746
561
571
560
562
561
558
493
551
494
532
483
528
496
Module:2	RCU:1	branch:0	card:7
666
646
645
696
691
483
685
586
665
583
692
661
710
665
685
682
527
606
533
573
628
579
626
583
617
588
611
588
613
587
613
592
Module:2	RCU:1	branch:0	card:8
438
611
650
504
616
508
611
438
670
451
673
421
655
596
616
581
598
643
671
643
668
556
669
639
531
505
560
688
568
611
643
625
Module:2	RCU:1	branch:0	card:9
548
510
549
573
540
603
523
504
572
466
568
500
548
536
777
511
628
763
631
756
636
746
641
725
781
755
774
782
767
786
764
791
Module:2	RCU:1	branch:0	card:10
555
735
533
705
696
743
736
738
736
748
726
661
732
666
716
651
796
716
801
716
793
712
796
706
793
700
791
680
718
717
716
727
Module:2	RCU:1	branch:0	card:11
631
676
686
706
675
700
691
716
696
716
537
608
679
626
698
646
735
657
738
661
741
665
748
671
754
781
758
773
677
708
663
698
Module:2	RCU:1	branch:0	card:12
628
468
612
583
655
582
658
608
671
523
668
618
669
618
548
540
696
725
694
730
693
735
691
730
688
711
599
759
602
523
721
595
Module:2	RCU:1	branch:0	card:13
571
648
511
635
577
706
641
476
708
576
682
721
501
483
465
645
596
568
593
531
604
575
602
651
593
656
572
528
567
656
565
536
Module:2	RCU:1	branch:0	card:14
200
500
426
500
650
500
619
500
518
500
716
500
456
500
407
500
658
500
650
500
628
500
646
500
651
500
670
500
662
500
559
500
Module:2	RCU:1	branch:1	card:1
693
566
568
560
715
738
708
721
660
656
669
730
703
623
200
584
678
730
599
634
690
642
683
640
724
566
703
649
716
639
608
689
Module:2	RCU:1	branch:1	card:2
633
658
621
578
566
593
615
603
693
618
686
594
717
673
649
615
662
579
641
603
634
598
652
628
639
615
627
624
652
614
573
637
Module:2	RCU:1	branch:1	card:3
586
620
606
586
647
635
651
456
624
526
607
476
652
508
672
506
610
800
733
788
750
780
765
805
770
771
761
780
786
793
794
796
Module:2	RCU:1	branch:1	card:4
629
695
616
611
625
618
663
586
703
620
770
602
726
609
669
628
808
734
660
748
679
709
678
733
676
728
695
727
747
702
744
732
Module:2	RCU:1	branch:1	card:5
600
655
606
648
629
566
621
568
653
530
629
540
719
545
727
556
682
552
719
572
689
707
654
687
708
678
600
675
540
719
560
706
Module:2	RCU:1	branch:1	card:6
571
643
632
637
508
647
503
651
633
703
560
692
505
699
637
669
731
694
720
689
737
705
745
695
772
697
751
635
759
626
721
605
Module:2	RCU:1	branch:1	card:7
565
616
564
532
580
532
511
543
554
528
692
533
530
526
551
556
639
636
625
589
593
651
621
658
613
581
663
595
645
601
588
721
Module:2	RCU:1	branch:1	card:8
668
828
651
800
679
800
662
762
679
777
699
765
705
858
594
809
640
590
559
566
606
645
614
644
602
585
633
648
637
584
200
664
Module:2	RCU:1	branch:1	card:9
823
815
731
725
746
813
791
805
789
768
801
634
775
655
786
748
602
756
603
677
713
686
829
763
784
755
560
612
767
649
738
513
Module:2	RCU:1	branch:1	card:10
612
663
755
755
774
776
757
706
765
611
729
693
734
776
640
698
605
716
746
679
695
789
699
601
584
750
595
660
591
551
717
632
Module:2	RCU:1	branch:1	card:11
706
751
731
633
623
628
673
615
727
678
758
651
743
632
644
606
701
538
587
711
756
786
747
730
729
693
754
710
718
788
707
716
Module:2	RCU:1	branch:1	card:12
550
697
638
723
726
825
846
663
731
694
611
648
591
656
636
645
700
669
666
655
685
676
759
680
726
706
643
671
653
492
743
520
Module:2	RCU:1	branch:1	card:13
616
642
795
725
778
762
703
733
665
596
594
821
589
687
667
827
559
736
572
776
761
614
743
639
647
553
655
724
538
746
603
750
Module:2	RCU:1	branch:1	card:14
516
500
535
500
573
500
601
500
500
500
500
500
500
500
500
500
500
500
500
500
500
500
500
500
500
500
500
500
0
500
810
500
Module:2	RCU:2	branch:0	card:1
573
577
631
640
357
541
596
401
581
355
600
726
558
633
477
605
480
647
421
514
514
467
528
426
501
590
483
471
436
349
558
626
Module:2	RCU:2	branch:0	card:2
623
845
644
827
597
842
639
846
553
833
533
830
659
791
651
808
588
579
635
636
652
627
637
653
662
634
653
625
652
626
661
625
Module:2	RCU:2	branch:0	card:3
875
796
849
791
817
822
825
799
816
803
848
753
802
779
823
809
783
746
803
775
796
784
825
800
789
795
807
835
834
838
812
833
Module:2	RCU:2	branch:0	card:4
793
750
864
738
762
300
755
769
759
803
774
820
790
825
776
772
615
751
848
757
832
749
740
732
727
727
718
721
740
752
774
746
Module:2	RCU:2	branch:0	card:5
766
652
735
696
738
618
599
644
644
675
699
691
703
697
607
572
774
713
686
704
673
698
660
702
697
675
704
693
693
690
702
724
Module:2	RCU:2	branch:0	card:6
722
752
661
738
635
668
669
534
671
745
736
780
735
806
796
751
710
566
749
604
732
621
731
582
644
658
591
598
497
543
619
586
Module:2	RCU:2	branch:0	card:7
691
685
656
681
761
743
754
751
772
692
735
443
746
734
731
736
577
460
537
449
555
645
443
628
481
619
482
622
640
682
300
666
Module:2	RCU:2	branch:0	card:8
723
814
741
695
653
635
671
704
750
789
736
704
714
627
715
628
692
602
621
623
651
626
700
694
668
599
679
605
618
598
613
585
Module:2	RCU:2	branch:0	card:9
733
627
722
696
794
597
812
672
745
596
740
679
682
625
614
673
643
633
644
652
639
660
662
565
660
557
566
551
570
552
586
560
Module:2	RCU:2	branch:0	card:10
637
572
610
592
516
692
544
688
618
766
609
728
587
732
604
671
665
609
641
641
634
650
646
641
674
672
656
627
632
655
629
615
Module:2	RCU:2	branch:0	card:11
678
650
762
705
748
688
752
719
722
765
739
760
762
688
765
661
673
660
683
682
691
666
688
653
693
666
698
669
684
535
680
547
Module:2	RCU:2	branch:0	card:12
696
716
702
649
705
617
828
659
707
656
672
748
758
708
726
692
658
468
639
487
636
477
510
477
515
498
546
710
542
705
516
686
Module:2	RCU:2	branch:0	card:13
682
556
634
562
580
654
625
665
599
581
648
598
624
579
586
619
479
700
709
722
700
710
663
604
678
597
699
576
471
595
676
590
Module:2	RCU:2	branch:0	card:14
575
651
498
558
646
582
626
543
561
544
573
621
534
640
653
568
623
578
623
581
616
532
608
528
573
523
576
521
578
520
578
517
Module:2	RCU:2	branch:1	card:1
1023
1005
1023
1023
672
633
603
647
664
668
670
622
653
678
681
658
1023
575
893
545
916
521
1002
521
987
602
625
611
764
578
817
563
Module:2	RCU:2	branch:1	card:2
657
614
665
573
610
636
612
662
648
566
632
555
577
533
586
576
502
622
585
621
563
540
552
514
603
548
608
593
545
520
469
516
Module:2	RCU:2	branch:1	card:3
518
524
477
503
437
525
473
537
506
548
513
544
497
528
512
670
586
559
541
530
539
525
603
531
487
558
514
502
500
523
499
568
Module:2	RCU:2	branch:1	card:4
444
703
682
710
638
714
628
727
615
719
675
696
652
599
688
564
548
710
546
733
561
735
565
707
748
728
717
726
748
768
755
765
Module:2	RCU:2	branch:1	card:5
617
648
688
628
468
642
610
618
585
596
603
636
614
640
624
633
800
727
781
737
505
712
501
735
544
738
584
741
589
715
450
758
Module:2	RCU:2	branch:1	card:6
623
626
595
648
570
699
579
696
572
576
580
582
625
601
614
601
699
617
692
589
728
662
616
684
621
732
651
600
736
600
725
689
Module:2	RCU:2	branch:1	card:7
654
681
629
686
688
685
690
689
689
623
680
663
687
646
704
726
733
632
615
614
608
581
581
641
704
623
614
598
619
597
630
635
Module:2	RCU:2	branch:1	card:8
750
500
750
500
750
750
750
841
976
855
971
500
523
576
515
552
599
514
446
526
449
519
493
486
476
531
533
555
491
545
537
526
Module:2	RCU:2	branch:1	card:9
605
719
782
1023
538
1023
785
1023
529
1023
499
770
741
1023
735
765
514
538
527
505
548
523
564
515
527
586
545
521
534
701
558
537
Module:2	RCU:2	branch:1	card:10
799
712
815
727
785
721
785
717
783
729
783
710
779
713
641
710
611
589
598
603
457
618
583
629
590
604
587
663
545
618
571
612
Module:2	RCU:2	branch:1	card:11
740
506
529
484
517
503
514
493
541
510
548
497
537
507
518
524
598
574
573
616
605
620
611
603
577
525
631
689
627
532
641
733
Module:2	RCU:2	branch:1	card:12
560
550
519
578
730
605
585
470
578
444
549
460
514
463
562
452
696
490
436
458
431
552
690
714
524
494
482
429
493
433
717
740
Module:2	RCU:2	branch:1	card:13
496
727
510
714
507
721
675
739
673
703
676
698
690
702
689
747
447
493
473
481
546
536
549
563
685
700
723
538
532
550
0
560
Module:2	RCU:2	branch:1	card:14
529
655
588
648
596
645
614
635
618
610
619
588
623
542
668
534
520
468
546
488
487
729
468
610
740
746
591
604
531
576
530
587
Module:2	RCU:3	branch:0	card:1
604
885
602
1023
523
707
536
726
603
736
590
709
599
701
492
704
492
859
501
578
505
479
503
723
493
675
503
531
528
550
585
864
Module:2	RCU:3	branch:0	card:2
753
692
570
770
778
686
774
680
712
661
698
676
696
663
699
731
586
557
593
538
532
660
672
585
561
668
558
670
575
658
575
668
Module:2	RCU:3	branch:0	card:3
770
732
698
723
693
669
731
662
671
683
581
648
740
757
710
545
649
622
648
625
665
639
678
623
690
620
698
644
682
653
678
641
Module:2	RCU:3	branch:0	card:4
731
693
678
672
664
669
655
586
657
655
777
610
760
594
756
495
640
659
630
649
632
681
612
654
647
583
664
628
669
610
655
609
Module:2	RCU:3	branch:0	card:5
481
535
609
525
611
594
491
589
638
554
539
570
635
549
607
581
603
562
594
567
459
578
655
570
557
562
549
561
537
570
541
478
Module:2	RCU:3	branch:0	card:6
534
647
597
670
601
651
731
695
724
673
698
607
704
682
689
632
582
496
506
512
444
571
573
444
500
454
573
492
450
429
455
522
Module:2	RCU:3	branch:0	card:7
692
639
660
650
723
746
723
717
627
622
622
563
585
574
585
661
517
554
557
456
618
587
518
559
534
674
492
723
533
684
528
585
Module:2	RCU:3	branch:0	card:8
573
504
649
502
644
545
687
434
593
527
501
557
582
572
588
567
641
632
554
660
519
668
658
619
616
610
635
615
527
553
540
543
Module:2	RCU:3	branch:0	card:9
543
757
608
586
536
811
491
781
636
702
520
804
766
516
639
627
656
631
619
626
647
637
547
596
637
618
707
717
713
721
640
574
Module:2	RCU:3	branch:0	card:10
743
543
680
708
645
619
529
604
621
582
609
517
614
555
774
548
675
546
526
683
615
654
693
746
660
662
658
639
548
634
610
730
Module:2	RCU:3	branch:0	card:11
521
542
553
506
531
599
453
584
522
519
573
596
541
499
570
484
711
726
793
785
795
692
670
663
655
648
624
613
659
762
717
633
Module:2	RCU:3	branch:0	card:12
474
590
627
585
505
643
488
634
596
539
462
738
629
665
488
662
648
747
617
659
706
688
698
674
665
580
660
730
738
653
766
623
Module:2	RCU:3	branch:0	card:13
507
567
672
493
677
460
625
507
633
473
657
739
502
738
552
715
593
647
650
780
636
795
780
700
758
671
696
682
580
649
563
655
Module:2	RCU:3	branch:0	card:14
686
500
500
819
774
500
784
500
742
500
393
500
774
775
718
762
500
500
823
500
827
500
500
500
500
500
500
500
500
500
500
500
Module:2	RCU:3	branch:1	card:1
544
537
468
572
500
561
509
551
511
462
538
497
546
499
538
504
726
630
731
704
596
694
675
631
686
701
611
615
681
496
726
535
Module:2	RCU:3	branch:1	card:2
948
682
608
573
608
524
601
576
586
575
530
497
543
465
559
453
526
553
563
633
551
583
525
537
560
583
583
683
608
637
587
625
Module:2	RCU:3	branch:1	card:3
437
699
486
716
455
650
615
668
652
570
677
684
695
670
691
525
602
660
617
561
686
627
661
634
650
642
665
580
643
651
634
699
Module:2	RCU:3	branch:1	card:4
558
666
582
653
596
628
587
611
620
577
621
502
630
524
642
527
659
665
670
752
665
725
699
734
650
755
608
743
795
664
740
718
Module:2	RCU:3	branch:1	card:5
506
635
508
601
520
609
547
490
467
588
454
566
499
541
479
537
675
700
734
752
708
713
665
719
726
711
718
722
704
740
725
722
Module:2	RCU:3	branch:1	card:6
588
554
556
628
581
560
532
579
687
637
565
602
532
658
578
648
714
473
690
439
735
579
560
580
526
465
548
519
521
500
489
488
Module:2	RCU:3	branch:1	card:7
664
672
651
693
593
612
626
638
645
690
650
666
668
692
701
689
572
523
553
507
562
484
678
679
543
526
497
518
592
504
580
517
Module:2	RCU:3	branch:1	card:8
616
682
689
676
668
680
693
725
694
766
719
758
705
725
636
739
521
536
659
530
589
491
557
592
524
586
522
590
532
568
581
566
Module:2	RCU:3	branch:1	card:9
765
474
763
490
714
526
741
469
747
456
733
464
737
492
784
456
491
611
587
548
569
615
605
574
598
430
643
496
648
494
653
511
Module:2	RCU:3	branch:1	card:10
453
611
625
610
602
658
623
646
620
644
621
673
643
681
621
594
527
509
513
494
496
517
510
519
482
485
482
498
527
507
558
541
Module:2	RCU:3	branch:1	card:11
557
495
586
499
565
507
566
486
566
479
584
492
591
521
616
512
504
577
541
554
506
410
558
534
490
525
574
530
586
545
577
582
Module:2	RCU:3	branch:1	card:12
529
581
555
575
553
500
543
504
538
515
526
532
527
483
530
481
545
575
592
549
581
642
586
688
563
697
585
450
551
637
583
623
Module:2	RCU:3	branch:1	card:13
300
300
300
300
500
500
511
590
543
604
557
593
597
592
503
595
642
623
711
732
693
709
662
686
649
722
717
714
723
720
670
751
Module:2	RCU:3	branch:1	card:14
500
500
500
500
500
500
689
500
686
500
626
300
630
500
635
500
678
500
676
500
630
500
688
500
663
300
618
500
408
500
419
500
