Module:2	RCU:3	branch:1	card:14
581
421
432
430
433
551
639
611
636
399
576
408
580
488
585
510
628
388
626
398
580
398
638
406
613
400
568
426
358
658
369
662
Module:2	RCU:3	branch:1	card:13
427
439
415
431
457
427
458
521
491
523
511
525
539
525
428
524
559
556
615
657
593
606
588
623
548
616
639
601
646
585
608
625
Module:2	RCU:3	branch:1	card:12
472
491
504
506
503
458
485
462
478
469
476
480
478
426
483
427
522
537
537
513
531
573
558
636
510
643
530
385
491
574
515
573
Module:2	RCU:3	branch:1	card:11
530
452
551
447
541
446
531
447
531
450
541
456
551
467
569
474
478
514
498
507
483
380
508
498
493
502
531
516
523
490
521
525
Module:2	RCU:3	branch:1	card:10
391
583
560
567
556
610
556
600
524
600
573
608
591
613
581
550
427
471
431
454
434
461
440
453
436
456
444
443
468
455
468
473
Module:2	RCU:3	branch:1	card:9
716
418
725
423
677
477
688
399
696
393
698
400
685
416
713
386
427
551
531
496
522
551
539
536
528
383
534
411
557
416
538
406
Module:2	RCU:3	branch:1	card:8
576
636
626
645
628
650
641
673
651
718
676
717
669
688
615
691
414
442
552
441
506
407
473
491
453
517
452
491
410
469
471
484
Module:2	RCU:3	branch:1	card:7
613
631
603
653
585
592
577
586
586
641
613
630
606
652
653
656
508
456
481
416
455
402
560
620
423
473
426
466
513
440
471
437
Module:2	RCU:3	branch:1	card:6
550
544
548
608
543
597
521
578
641
581
503
578
506
608
539
604
666
426
642
383
651
496
505
503
491
429
465
433
474
436
433
381
Module:2	RCU:3	branch:1	card:5
468
556
470
561
470
568
496
438
383
532
383
516
429
508
429
507
603
638
636
683
643
660
616
651
681
656
652
656
621
680
649
671
Module:2	RCU:3	branch:1	card:4
508
620
520
604
531
568
552
558
578
545
586
460
555
469
590
468
570
550
583
671
611
658
633
633
573
667
499
668
676
581
632
622
Module:2	RCU:3	branch:1	card:3
386
661
396
658
405
633
565
623
602
528
627
631
645
639
641
480
552
585
563
506
611
601
598
587
590
586
599
536
578
590
533
600
Module:2	RCU:3	branch:1	card:2
553
521
558
523
558
474
551
526
536
525
480
447
493
415
509
403
476
503
488
566
478
526
471
479
498
540
515
618
554
573
516
563
Module:2	RCU:3	branch:1	card:1
494
487
418
522
450
511
459
501
461
412
488
447
496
449
488
454
676
580
681
654
546
644
625
581
636
651
561
565
631
446
676
485
Module:2	RCU:3	branch:0	card:14
363
370
536
446
435
538
441
511
403
508
343
466
466
413
399
391
540
508
480
509
481
505
493
521
502
608
543
572
567
527
504
533
Module:2	RCU:3	branch:0	card:13
438
491
623
402
620
403
577
421
581
370
583
663
413
650
486
640
526
567
571
706
580
706
702
616
683
621
622
578
525
571
460
558
Module:2	RCU:3	branch:0	card:12
403
526
567
536
429
578
421
570
543
443
398
653
557
582
438
581
568
709
548
581
637
615
641
593
600
509
595
655
680
594
685
540
Module:2	RCU:3	branch:0	card:11
476
501
493
452
485
531
396
522
456
445
511
533
476
429
511
414
661
662
703
713
713
616
600
610
584
588
556
539
568
686
656
631
Module:2	RCU:3	branch:0	card:10
685
491
641
656
600
573
501
563
585
541
541
483
558
493
746
498
636
518
483
638
573
601
646
687
608
607
626
575
498
578
561
663
Module:2	RCU:3	branch:0	card:9
494
710
531
533
478
744
425
726
562
631
453
733
703
461
600
601
623
586
591
583
595
605
510
565
588
579
663
653
652
665
598
535
Module:2	RCU:3	branch:0	card:8
536
453
608
473
608
533
688
486
586
508
468
502
551
523
557
516
615
608
547
636
505
636
628
603
571
581
607
601
521
550
534
526
Module:2	RCU:3	branch:0	card:7
635
577
583
584
658
688
651
671
560
563
560
504
511
508
521
608
471
511
476
432
573
551
483
501
471
623
423
670
483
635
491
561
Module:2	RCU:3	branch:0	card:6
491
600
555
611
545
590
681
631
673
623
658
576
662
625
631
568
538
436
453
447
401
529
516
398
445
395
533
461
424
387
403
510
Module:2	RCU:3	branch:0	card:5
446
502
574
496
573
544
448
553
606
498
466
533
600
530
563
533
554
536
557
546
433
556
619
566
536
575
526
554
516
559
500
442
Module:2	RCU:3	branch:0	card:4
670
634
611
625
603
605
596
526
588
574
705
551
694
537
681
423
586
611
576
611
566
608
555
607
584
529
594
548
602
553
608
553
Module:2	RCU:3	branch:0	card:3
691
657
643
650
636
592
636
581
576
576
518
558
673
688
665
478
606
577
593
573
610
576
621
578
629
568
631
591
632
593
623
593
Module:2	RCU:3	branch:0	card:2
659
624
488
698
706
628
698
620
638
616
648
626
646
607
617
685
518
504
540
497
498
608
608
501
503
616
503
623
505
625
507
623
Module:2	RCU:3	branch:0	card:1
554
533
552
666
473
657
486
676
553
686
540
659
549
651
442
654
442
533
451
528
455
429
453
431
443
380
453
481
478
500
535
510
Module:2	RCU:2	branch:1	card:14
479
605
538
598
546
595
564
585
568
560
569
538
573
492
618
484
470
418
496
438
437
679
418
560
690
696
541
554
481
526
480
537
Module:2	RCU:2	branch:1	card:13
403
653
423
645
456
666
615
659
622
653
626
647
630
652
646
664
400
418
399
415
498
486
513
513
634
650
668
488
472
478
450
439
Module:2	RCU:2	branch:1	card:12
551
518
461
528
540
566
536
423
528
413
516
408
470
407
512
405
668
457
411
403
398
516
673
687
506
460
453
393
468
388
671
658
Module:2	RCU:2	branch:1	card:11
672
473
468
436
465
435
466
438
491
440
499
441
495
444
475
451
523
523
516
576
518
578
563
586
535
495
559
643
576
471
567
671
Module:2	RCU:2	branch:1	card:10
712
647
728
663
734
681
735
678
731
675
730
669
726
665
591
666
521
502
528
531
376
523
488
561
498
543
511
549
483
541
510
558
Module:2	RCU:2	branch:1	card:9
516
669
403
709
413
718
425
720
429
720
424
720
698
718
689
715
450
475
474
464
470
457
484
446
476
465
493
471
486
663
495
478
Module:2	RCU:2	branch:1	card:8
696
461
698
444
698
489
700
493
592
503
607
513
473
517
473
515
549
424
391
456
383
443
411
425
403
463
440
473
436
480
456
455
Module:2	RCU:2	branch:1	card:7
613
621
615
631
643
633
646
633
638
625
638
616
643
606
652
693
663
575
553
551
521
514
483
578
618
547
546
516
543
514
546
579
Module:2	RCU:2	branch:1	card:6
558
571
558
656
548
660
536
659
533
516
528
536
578
548
577
556
659
516
653
516
655
604
517
601
517
654
601
511
601
519
573
601
Module:2	RCU:2	branch:1	card:5
551
595
630
598
406
603
564
568
550
578
566
589
586
588
592
575
713
646
715
653
441
625
569
626
503
628
498
653
508
622
375
658
Module:2	RCU:2	branch:1	card:4
394
670
618
682
616
675
607
667
558
671
643
677
649
552
656
534
491
686
491
691
488
689
490
681
692
716
691
698
686
717
688
718
Module:2	RCU:2	branch:1	card:3
421
448
413
443
403
487
431
487
451
482
457
475
454
466
452
626
513
455
486
451
476
461
552
458
426
461
425
463
421
455
410
489
Module:2	RCU:2	branch:1	card:2
571
552
576
506
583
565
578
609
611
524
593
515
541
497
549
528
465
582
551
561
520
492
506
458
571
516
561
556
500
489
423
471
Module:2	RCU:2	branch:1	card:1
504
533
581
421
432
430
433
551
639
611
636
399
576
408
580
488
585
510
628
388
626
398
580
398
638
406
613
400
568
426
358
658
Module:2	RCU:2	branch:0	card:14
525
601
448
508
596
532
576
493
511
494
523
571
484
590
603
518
573
528
573
531
566
482
558
478
523
473
526
471
528
470
528
467
Module:2	RCU:2	branch:0	card:13
611
487
588
476
523
558
546
580
532
493
575
516
563
480
501
526
416
653
662
656
659
667
656
561
657
558
658
558
422
556
653
560
Module:2	RCU:2	branch:0	card:12
640
663
649
591
647
575
722
590
647
597
610
703
718
669
670
625
613
405
611
440
601
448
466
451
468
453
506
661
500
665
494
668
Module:2	RCU:2	branch:0	card:11
663
583
698
651
690
635
685
646
668
709
683
702
691
613
687
606
628
632
638
635
650
635
645
634
643
631
644
626
648
490
620
506
Module:2	RCU:2	branch:0	card:10
551
505
551
506
486
615
488
623
568
682
540
673
495
661
539
628
639
585
610
605
606
621
611
618
613
651
613
588
589
591
598
585
Module:2	RCU:2	branch:0	card:9
638
535
641
609
716
521
721
599
663
524
658
597
591
546
528
596
578
573
576
583
576
587
581
491
601
493
493
491
492
491
519
508
Module:2	RCU:2	branch:0	card:8
641
726
707
633
596
578
613
646
681
720
681
650
671
575
666
576
656
551
596
578
600
575
654
650
638
559
643
550
559
551
552
550
Module:2	RCU:2	branch:0	card:7
623
637
610
628
705
704
700
706
726
621
698
396
703
681
676
683
548
399
526
406
530
603
398
596
401
605
408
593
611
638
387
632
Module:2	RCU:2	branch:0	card:6
638
676
600
667
553
605
593
471
599
664
651
723
668
722
723
683
641
519
653
541
658
544
661
543
578
592
529
527
433
492
533
513
Module:2	RCU:2	branch:0	card:5
688
579
672
636
658
534
548
571
584
601
648
621
652
631
544
498
695
633
609
632
605
629
595
623
625
620
633
617
635
617
633
640
Module:2	RCU:2	branch:0	card:4
713
668
793
658
687
674
697
686
711
740
718
760
736
766
708
710
553
683
765
686
751
676
659
671
657
666
650
658
670
686
680
686
Module:2	RCU:2	branch:0	card:3
785
718
793
725
748
761
756
721
741
728
780
703
735
711
742
712
711
698
707
668
701
706
714
718
728
731
734
748
736
753
728
758
Module:2	RCU:2	branch:0	card:2
558
771
561
766
533
786
576
775
485
765
476
772
588
744
586
741
511
564
568
583
583
580
592
578
592
573
594
571
597
569
583
569
Module:2	RCU:2	branch:0	card:1
438
553
363
370
536
446
435
538
441
511
403
508
343
466
466
413
399
391
540
508
480
509
481
505
493
521
502
608
543
572
567
527
Module:2	RCU:1	branch:1	card:14
466
451
485
530
523
539
551
455
481
465
483
461
550
518
476
451
553
496
568
511
666
525
558
496
555
556
606
556
609
553
438
553
Module:2	RCU:1	branch:1	card:13
566
592
745
675
728
712
653
683
624
516
546
755
550
736
632
777
515
678
512
691
689
568
688
578
596
484
581
652
478
666
546
670
Module:2	RCU:1	branch:1	card:12
500
647
588
673
676
775
796
613
674
644
540
601
527
598
578
589
638
608
627
596
620
626
638
620
665
648
586
620
589
435
592
439
Module:2	RCU:1	branch:1	card:11
656
701
681
583
573
578
623
565
674
611
724
611
691
596
586
583
671
485
561
666
706
746
663
678
686
646
722
661
664
751
680
681
Module:2	RCU:1	branch:1	card:10
562
613
705
705
724
726
707
656
719
561
667
646
688
724
621
643
581
661
706
641
693
731
656
553
556
706
563
631
561
501
693
586
Module:2	RCU:1	branch:1	card:9
773
765
681
675
696
763
741
755
732
710
743
593
746
630
744
704
546
706
559
643
666
666
746
723
723
707
523
561
739
596
691
475
Module:2	RCU:1	branch:1	card:8
618
778
601
750
629
750
612
712
650
734
641
736
654
795
560
763
590
540
509
516
556
595
581
574
568
550
593
602
595
548
576
590
Module:2	RCU:1	branch:1	card:7
515
566
514
482
530
482
461
493
496
480
635
488
468
475
500
491
601
571
594
553
543
603
567
613
541
525
615
568
608
566
538
676
Module:2	RCU:1	branch:1	card:6
521
593
582
587
458
597
453
601
576
632
461
623
445
625
585
612
668
630
663
626
666
621
678
637
678
628
678
573
681
566
674
570
Module:2	RCU:1	branch:1	card:5
550
605
556
598
579
516
571
518
588
490
575
506
687
488
696
504
660
505
700
541
670
657
616
652
680
651
553
641
501
665
512
666
Module:2	RCU:1	branch:1	card:4
579
645
566
561
575
568
613
536
632
541
693
528
621
536
591
556
721
651
606
680
603
653
616
675
633
628
631
654
681
628
651
648
Module:2	RCU:1	branch:1	card:3
536
570
556
536
597
585
601
406
553
436
536
426
557
458
590
456
540
716
657
718
681
726
703
729
701
701
690
707
710
708
698
730
Module:2	RCU:1	branch:1	card:2
583
608
571
528
516
543
565
553
621
551
621
535
643
597
572
561
604
528
591
538
573
538
586
556
573
558
566
563
571
551
501
551
Module:2	RCU:1	branch:1	card:1
643
516
518
510
665
688
658
671
610
606
619
680
653
573
588
534
628
665
549
566
640
588
633
573
674
501
653
585
666
578
558
598
Module:2	RCU:1	branch:0	card:14
608
533
376
602
600
556
569
581
468
666
666
610
406
394
357
524
608
518
600
519
578
555
596
647
601
621
620
641
612
495
509
565
Module:2	RCU:1	branch:0	card:13
521
598
461
585
527
656
591
426
658
526
632
671
451
433
415
595
546
518
543
481
554
525
552
601
543
606
522
478
517
606
515
486
Module:2	RCU:1	branch:0	card:12
578
418
562
533
605
532
608
558
621
473
618
568
619
568
498
490
646
675
644
680
643
685
641
680
638
661
549
709
552
473
671
545
Module:2	RCU:1	branch:0	card:11
581
626
636
656
625
650
641
666
646
666
487
558
629
576
648
596
685
607
688
611
691
615
698
621
704
731
708
723
627
658
613
648
Module:2	RCU:1	branch:0	card:10
505
685
483
655
646
693
686
688
686
698
676
611
682
616
666
601
746
666
751
666
743
662
746
656
743
650
741
630
668
667
666
677
Module:2	RCU:1	branch:0	card:9
498
460
499
523
490
553
473
454
522
416
518
450
498
486
727
461
578
713
581
706
586
696
591
675
731
705
724
732
717
736
714
741
Module:2	RCU:1	branch:0	card:8
388
561
600
454
566
458
561
388
620
401
623
371
605
546
566
531
548
593
621
593
618
506
619
589
481
455
510
638
518
561
593
575
Module:2	RCU:1	branch:0	card:7
616
596
595
646
641
433
635
536
615
533
642
611
660
615
635
632
477
556
483
523
578
529
576
533
567
538
561
538
563
537
563
542
Module:2	RCU:1	branch:0	card:6
563
640
628
636
602
586
630
576
623
611
578
571
571
586
566
593
708
474
696
511
521
510
512
511
508
443
501
444
482
433
478
446
Module:2	RCU:1	branch:0	card:5
513
598
571
531
583
556
593
586
595
615
556
611
599
593
546
555
721
626
724
639
726
662
706
676
645
673
711
692
718
683
722
678
Module:2	RCU:1	branch:0	card:4
551
424
538
425
543
452
569
456
560
478
566
451
384
488
405
488
731
643
732
697
683
692
672
689
750
711
740
708
736
717
653
716
Module:2	RCU:1	branch:0	card:3
621
655
611
649
618
653
605
500
576
478
613
503
640
538
653
543
625
558
676
593
678
735
654
723
546
735
522
661
576
737
569
718
Module:2	RCU:1	branch:0	card:2
435
456
597
471
463
474
440
450
460
388
362
589
571
616
454
590
656
586
674
595
669
578
652
583
601
615
618
599
625
611
646
648
Module:2	RCU:1	branch:0	card:1
565
381
551
676
562
500
555
413
633
456
563
548
561
485
558
548
455
671
671
666
685
671
696
672
711
648
706
659
657
666
651
591
Module:2	RCU:0	branch:1	card:14
620
641
616
662
491
643
664
626
668
513
624
633
623
634
639
630
604
517
610
636
598
571
686
675
530
585
620
508
608
651
566
561
Module:2	RCU:0	branch:1	card:13
653
595
636
667
708
700
698
705
667
668
543
547
600
573
709
638
645
628
652
685
602
671
613
703
584
698
549
685
658
696
650
625
Module:2	RCU:0	branch:1	card:12
698
601
696
626
582
616
658
640
604
634
650
648
651
643
610
660
492
671
481
701
545
683
522
693
505
656
677
670
627
637
621
646
Module:2	RCU:0	branch:1	card:11
638
651
703
675
525
673
528
695
549
674
675
575
686
696
667
632
539
622
570
557
506
541
600
538
509
626
567
625
531
516
520
551
Module:2	RCU:0	branch:1	card:10
786
747
690
680
723
708
612
522
671
756
688
698
778
730
700
753
625
604
691
618
696
515
543
503
541
565
627
498
628
503
540
558
Module:2	RCU:0	branch:1	card:9
735
696
548
787
681
638
526
725
679
716
731
548
726
775
676
691
438
565
436
576
438
580
538
572
591
613
579
599
608
621
590
596
Module:2	RCU:0	branch:1	card:8
522
558
583
763
568
770
596
653
598
671
580
522
566
694
771
733
416
400
478
536
438
540
540
541
536
370
374
386
426
390
421
396
Module:2	RCU:0	branch:1	card:7
636
578
568
543
613
613
571
588
721
561
546
568
615
752
590
743
446
521
446
415
501
441
502
445
419
451
455
538
456
535
490
511
Module:2	RCU:0	branch:1	card:6
690
630
700
618
715
622
714
732
606
627
625
601
620
638
626
634
406
408
409
446
428
428
433
501
438
481
476
470
479
418
478
455
Module:2	RCU:0	branch:1	card:5
503
788
533
778
548
769
546
756
533
795
541
778
518
759
523
705
545
444
543
438
566
487
510
457
537
451
514
375
504
373
401
371
Module:2	RCU:0	branch:1	card:4
581
466
766
743
736
486
555
498
761
498
565
499
516
525
488
514
518
541
512
478
539
568
576
475
580
468
596
550
576
560
545
513
Module:2	RCU:0	branch:1	card:3
533
635
629
638
605
571
641
603
515
575
642
545
556
638
613
538
606
607
601
623
593
601
603
628
611
620
611
596
688
633
623
695
Module:2	RCU:0	branch:1	card:2
467
578
606
592
596
531
360
605
515
544
583
506
539
609
496
598
660
706
558
681
646
686
646
696
656
570
682
546
678
571
704
568
Module:2	RCU:0	branch:1	card:1
509
565
466
451
485
530
523
539
551
455
481
465
483
461
550
518
476
451
553
496
568
511
666
525
558
496
555
556
606
556
609
553
Module:2	RCU:0	branch:0	card:14
445
431
478
471
537
432
466
467
403
426
525
481
465
441
471
391
738
702
683
706
679
701
700
698
690
691
679
651
726
666
703
629
Module:2	RCU:0	branch:0	card:13
481
501
472
501
481
540
517
500
511
531
499
537
502
537
503
531
716
728
718
626
738
751
730
748
725
738
721
735
721
728
711
730
Module:2	RCU:0	branch:0	card:12
565
561
551
561
562
586
555
586
548
588
563
659
561
576
558
582
615
688
631
690
631
688
610
383
665
706
648
698
683
696
676
682
Module:2	RCU:0	branch:0	card:11
393
623
574
613
582
609
592
553
596
538
598
528
608
466
605
542
592
566
573
571
596
591
638
628
568
608
640
593
647
630
608
713
Module:2	RCU:0	branch:0	card:10
601
642
615
412
396
621
608
411
395
680
596
363
628
361
620
363
751
743
746
727
741
694
767
731
723
716
736
706
701
608
677
631
Module:2	RCU:0	branch:0	card:9
591
602
585
595
451
500
456
508
515
590
524
380
541
608
561
390
779
735
753
733
771
738
698
752
718
713
733
713
710
725
765
758
Module:2	RCU:0	branch:0	card:8
508
544
661
535
515
573
569
455
468
461
475
537
516
534
547
551
447
777
489
763
709
773
704
756
468
770
688
751
739
773
778
785
Module:2	RCU:0	branch:0	card:7
458
558
443
486
493
498
573
473
431
551
425
470
482
441
476
503
732
767
741
741
766
755
766
786
758
777
739
756
708
438
778
581
Module:2	RCU:0	branch:0	card:6
502
413
600
377
604
427
463
423
471
456
566
396
648
386
373
426
668
726
695
721
701
715
703
740
706
703
693
731
671
746
686
751
Module:2	RCU:0	branch:0	card:5
583
486
451
615
451
627
443
476
620
481
503
466
480
471
496
510
533
478
483
463
496
513
524
568
524
574
515
606
486
606
482
606
Module:2	RCU:0	branch:0	card:4
576
575
548
545
545
533
516
542
542
583
521
551
434
440
403
436
611
655
651
663
633
636
631
681
631
681
655
703
655
688
656
646
Module:2	RCU:0	branch:0	card:3
411
596
478
510
406
503
490
408
621
412
591
611
368
621
610
566
561
475
554
483
533
586
581
585
582
582
571
573
507
501
501
503
Module:2	RCU:0	branch:0	card:2
621
683
616
676
618
671
621
423
640
457
546
655
660
447
667
458
416
541
463
540
436
497
455
489
471
508
466
528
459
521
499
508
Module:2	RCU:0	branch:0	card:1
392
609
608
533
376
602
600
556
569
581
468
666
666
610
406
394
357
524
608
518
600
519
578
555
596
647
601
621
620
641
612
495
