Module:1	RCU:0	branch:0	card:5
512
512
512
512
512
512
512
512
512
512
512
512
512
512
512
512
512
512
512
512
512
512
512
512
512
512
512
512
512
512
512
512
Module:1	RCU:0	branch:0	card:6
512
512
512
512
512
512
512
512
512
512
512
512
512
512
512
512
512
512
512
512
512
512
512
512
512
512
512
512
512
512
512
512
Module:1	RCU:0	branch:0	card:7
512
512
512
512
512
512
512
512
512
512
512
512
512
512
512
512
512
512
512
512
512
512
512
512
512
512
512
512
512
512
512
512
Module:1	RCU:0	branch:0	card:13
512
512
512
512
512
512
512
512
512
512
512
512
512
512
512
512
512
512
512
512
512
512
512
512
512
512
512
512
512
512
512
512
Module:1	RCU:0	branch:1	card:5
512
512
512
512
512
512
512
512
512
512
512
512
512
512
512
512
512
512
512
512
512
512
512
512
512
512
512
512
512
512
512
512
Module:1	RCU:1	branch:0	card:5
512
512
512
512
512
512
512
512
512
512
512
512
512
512
512
512
512
512
512
512
512
512
512
512
512
512
512
512
512
512
512
512
Module:1	RCU:1	branch:0	card:6
512
512
512
512
512
512
512
512
512
512
512
512
512
512
512
512
512
512
512
512
512
512
512
512
512
512
512
512
512
512
512
512
Module:1	RCU:1	branch:0	card:12
512
512
512
512
512
512
512
512
512
512
512
512
512
512
512
512
512
512
512
512
512
512
512
512
512
512
512
512
512
512
512
512
Module:1	RCU:1	branch:1	card:3
512
512
512
512
512
512
512
512
512
512
512
512
512
512
512
512
512
512
512
512
512
512
512
512
512
512
512
512
512
512
512
512
Module:1	RCU:1	branch:1	card:5
512
512
512
512
512
512
512
512
512
512
512
512
512
512
512
512
512
512
512
512
512
512
512
512
512
512
512
512
512
512
512
512
Module:2	RCU:0	branch:0	card:1
200
200
200
200
200
200
200
200
200
200
200
200
200
200
200
200
200
200
200
200
200
200
200
200
200
200
200
200
200
200
200
200
Module:2	RCU:0	branch:0	card:2
200
200
200
200
200
200
200
200
200
200
200
200
200
200
200
200
200
200
200
200
200
200
200
200
200
200
200
200
200
200
200
200
Module:2	RCU:0	branch:0	card:3
200
200
200
200
200
200
200
200
200
200
200
200
200
200
200
200
200
200
200
200
200
200
200
200
200
200
200
200
200
200
200
200
Module:2	RCU:0	branch:0	card:4
200
200
200
200
200
200
200
200
200
200
200
200
200
200
200
200
200
200
200
200
200
200
200
200
200
200
200
200
200
200
200
200
Module:2	RCU:0	branch:0	card:5
200
200
200
200
200
200
200
200
200
200
200
200
200
200
200
200
200
200
200
200
200
200
200
200
200
200
200
200
200
200
200
200
Module:2	RCU:0	branch:0	card:6
200
200
200
200
200
200
200
200
200
200
200
200
200
200
200
200
200
200
200
200
200
200
200
200
200
200
200
200
200
200
200
200
Module:2	RCU:0	branch:0	card:7
200
200
200
200
200
200
200
200
200
200
200
200
200
200
200
200
200
200
200
200
200
200
200
200
200
200
200
200
200
200
200
200
Module:2	RCU:0	branch:0	card:8
200
200
200
200
200
200
200
200
200
200
200
200
200
200
200
200
200
200
200
200
200
200
200
200
200
200
200
200
200
200
200
200
Module:2	RCU:0	branch:0	card:9
200
200
200
200
200
200
200
200
200
200
200
200
200
200
200
200
200
200
200
200
200
200
200
200
200
200
200
200
200
200
200
200
Module:2	RCU:0	branch:0	card:10
200
200
200
200
200
200
200
200
200
200
200
200
200
200
200
200
200
200
200
200
200
200
200
200
200
200
200
200
200
200
200
200
Module:2	RCU:0	branch:0	card:11
200
200
200
200
200
200
200
200
200
200
200
200
200
200
200
200
200
200
200
200
200
200
200
200
200
200
200
200
200
200
200
200
Module:2	RCU:0	branch:0	card:12
200
200
200
200
200
200
200
200
200
200
200
200
200
200
200
200
200
200
200
200
200
200
200
200
200
200
200
200
200
200
200
200
Module:2	RCU:0	branch:0	card:13
200
200
200
200
200
200
200
200
200
200
200
200
200
200
200
200
200
200
200
200
200
200
200
200
200
200
200
200
200
200
200
200
Module:2	RCU:0	branch:0	card:14
200
200
200
200
200
200
200
200
200
200
200
200
200
200
200
200
200
200
200
200
200
200
200
200
200
200
200
200
200
200
200
200
Module:2	RCU:0	branch:1	card:1
200
200
200
200
200
200
200
200
200
200
200
200
200
200
200
200
200
200
200
200
200
200
200
200
200
200
200
200
200
200
200
200
Module:2	RCU:0	branch:1	card:2
200
200
200
200
200
200
200
200
200
200
200
200
200
200
200
200
200
200
200
200
200
200
200
200
200
200
200
200
200
200
200
200
Module:2	RCU:0	branch:1	card:3
200
200
200
200
200
200
200
200
200
200
200
200
200
200
200
200
200
200
200
200
200
200
200
200
200
200
200
200
200
200
200
200
Module:2	RCU:0	branch:1	card:4
200
200
200
200
200
200
200
200
200
200
200
200
200
200
200
200
200
200
200
200
200
200
200
200
200
200
200
200
200
200
200
200
Module:2	RCU:0	branch:1	card:5
200
200
200
200
200
200
200
200
200
200
200
200
200
200
200
200
200
200
200
200
200
200
200
200
200
200
200
200
200
200
200
200
Module:2	RCU:0	branch:1	card:6
200
200
200
200
200
200
200
200
200
200
200
200
200
200
200
200
200
200
200
200
200
200
200
200
200
200
200
200
200
200
200
200
Module:2	RCU:0	branch:1	card:7
200
200
200
200
200
200
200
200
200
200
200
200
200
200
200
200
200
200
200
200
200
200
200
200
200
200
200
200
200
200
200
200
Module:2	RCU:0	branch:1	card:8
200
200
200
200
200
200
200
200
200
200
200
200
200
200
200
200
200
200
200
200
200
200
200
200
200
200
200
200
200
200
200
200
Module:2	RCU:0	branch:1	card:9
200
200
200
200
200
200
200
200
200
200
200
200
200
200
200
200
200
200
200
200
200
200
200
200
200
200
200
200
200
200
200
200
Module:2	RCU:0	branch:1	card:10
200
200
200
200
200
200
200
200
200
200
200
200
200
200
200
200
200
200
200
200
200
200
200
200
200
200
200
200
200
200
200
200
Module:2	RCU:0	branch:1	card:11
200
200
200
200
200
200
200
200
200
200
200
200
200
200
200
200
200
200
200
200
200
200
200
200
200
200
200
200
200
200
200
200
Module:2	RCU:0	branch:1	card:12
200
200
200
200
200
200
200
200
200
200
200
200
200
200
200
200
200
200
200
200
200
200
200
200
200
200
200
200
200
200
200
200
Module:2	RCU:0	branch:1	card:13
200
200
200
200
200
200
200
200
200
200
200
200
200
200
200
200
200
200
200
200
200
200
200
200
200
200
200
200
200
200
200
200
Module:2	RCU:0	branch:1	card:14
200
200
200
200
200
200
200
200
200
200
200
200
200
200
200
200
200
200
200
200
200
200
200
200
200
200
200
200
200
200
200
200
Module:2	RCU:1	branch:0	card:1
763
763
763
763
763
763
763
763
763
763
763
763
763
763
763
763
763
763
763
763
763
763
763
763
763
763
763
763
763
763
763
763
Module:2	RCU:1	branch:0	card:2
763
763
763
763
763
763
763
763
763
763
763
763
763
763
763
763
763
763
763
763
763
763
763
763
763
763
763
763
763
763
763
763
Module:2	RCU:1	branch:0	card:3
763
763
763
763
763
763
763
763
763
763
763
763
763
763
763
763
763
763
763
763
763
763
763
763
763
763
763
763
763
763
763
763
Module:2	RCU:1	branch:0	card:4
763
763
763
763
763
763
763
763
763
763
763
763
763
763
763
763
763
763
763
763
763
763
763
763
763
763
763
763
763
763
763
763
Module:2	RCU:1	branch:0	card:5
763
763
763
763
763
763
763
763
763
763
763
763
763
763
763
763
763
763
763
763
763
763
763
763
763
763
763
763
763
763
763
763
Module:2	RCU:1	branch:0	card:6
763
763
763
763
763
763
763
763
763
763
763
763
763
763
763
763
763
763
763
763
763
763
763
763
763
763
763
763
763
763
763
763
Module:2	RCU:1	branch:0	card:7
763
763
763
763
763
763
763
763
763
763
763
763
763
763
763
763
763
763
763
763
763
763
763
763
763
763
763
763
763
763
763
763
Module:2	RCU:1	branch:0	card:8
763
763
763
763
763
763
763
763
763
763
763
763
763
763
763
763
763
763
763
763
763
763
763
763
763
763
763
763
763
763
763
763
Module:2	RCU:1	branch:0	card:9
763
763
763
763
763
763
763
763
763
763
763
763
763
763
763
763
763
763
763
763
763
763
763
763
763
763
763
763
763
763
763
763
Module:2	RCU:1	branch:0	card:10
763
763
763
763
763
763
763
763
763
763
763
763
763
763
763
763
763
763
763
763
763
763
763
763
763
763
763
763
763
763
763
763
Module:2	RCU:1	branch:0	card:11
763
763
763
763
763
763
763
763
763
763
763
763
763
763
763
763
763
763
763
763
763
763
763
763
763
763
763
763
763
763
763
763
Module:2	RCU:1	branch:0	card:12
763
763
763
763
763
763
763
763
763
763
763
763
763
763
763
763
763
763
763
763
763
763
763
763
763
763
763
763
763
763
763
763
Module:2	RCU:1	branch:0	card:13
763
763
763
763
763
763
763
763
763
763
763
763
763
763
763
763
763
763
763
763
763
763
763
763
763
763
763
763
763
763
763
763
Module:2	RCU:1	branch:0	card:14
763
763
763
763
763
763
763
763
763
763
763
763
763
763
763
763
763
763
763
763
763
763
763
763
763
763
763
763
763
763
763
763
Module:2	RCU:1	branch:1	card:1
763
763
763
763
763
763
763
763
763
763
763
763
763
763
763
763
763
763
763
763
763
763
763
763
763
763
763
763
763
763
763
763
Module:2	RCU:1	branch:1	card:2
763
763
763
763
763
763
763
763
763
763
763
763
763
763
763
763
763
763
763
763
763
763
763
763
763
763
763
763
763
763
763
763
Module:2	RCU:1	branch:1	card:3
763
763
763
763
763
763
763
763
763
763
763
763
763
763
763
763
763
763
763
763
763
763
763
763
763
763
763
763
763
763
763
763
Module:2	RCU:1	branch:1	card:4
763
763
763
763
763
763
763
763
763
763
763
763
763
763
763
763
763
763
763
763
763
763
763
763
763
763
763
763
763
763
763
763
Module:2	RCU:1	branch:1	card:5
763
763
763
763
763
763
763
763
763
763
763
763
763
763
763
763
763
763
763
763
763
763
763
763
763
763
763
763
763
763
763
763
Module:2	RCU:1	branch:1	card:6
763
763
763
763
763
763
763
763
763
763
763
763
763
763
763
763
763
763
763
763
763
763
763
763
763
763
763
763
763
763
763
763
Module:2	RCU:1	branch:1	card:7
763
763
763
763
763
763
763
763
763
763
763
763
763
763
763
763
763
763
763
763
763
763
763
763
763
763
763
763
763
763
763
763
Module:2	RCU:1	branch:1	card:8
763
763
763
763
763
763
763
763
763
763
763
763
763
763
763
763
763
763
763
763
763
763
763
763
763
763
763
763
763
763
763
763
Module:2	RCU:1	branch:1	card:9
763
763
763
763
763
763
763
763
763
763
763
763
763
763
763
763
763
763
763
763
763
763
763
763
763
763
763
763
763
763
763
763
Module:2	RCU:1	branch:1	card:10
763
763
763
763
763
763
763
763
763
763
763
763
763
763
763
763
763
763
763
763
763
763
763
763
763
763
763
763
763
763
763
763
Module:2	RCU:1	branch:1	card:11
763
763
763
763
763
763
763
763
763
763
763
763
763
763
763
763
763
763
763
763
763
763
763
763
763
763
763
763
763
763
763
763
Module:2	RCU:1	branch:1	card:12
763
763
763
763
763
763
763
763
763
763
763
763
763
763
763
763
763
763
763
763
763
763
763
763
763
763
763
763
763
763
763
763
Module:2	RCU:1	branch:1	card:13
763
763
763
763
763
763
763
763
763
763
763
763
763
763
763
763
763
763
763
763
763
763
763
763
763
763
763
763
763
763
763
763
Module:2	RCU:1	branch:1	card:14
763
763
763
763
763
763
763
763
763
763
763
763
763
763
763
763
763
763
763
763
763
763
763
763
763
763
763
763
763
763
763
763
Module:2	RCU:2	branch:0	card:1
200
200
200
200
200
200
200
200
200
200
200
200
200
200
200
200
200
200
200
200
200
200
200
200
200
200
200
200
200
200
200
200
Module:2	RCU:2	branch:0	card:2
200
200
200
200
200
200
200
200
200
200
200
200
200
200
200
200
200
200
200
200
200
200
200
200
200
200
200
200
200
200
200
200
Module:2	RCU:2	branch:0	card:3
888
888
888
888
888
888
888
888
888
888
888
888
888
888
888
888
888
888
888
888
888
888
888
888
888
888
888
888
888
888
888
888
Module:2	RCU:2	branch:0	card:4
416
416
416
416
416
416
416
416
416
416
416
416
416
416
416
416
416
416
416
416
416
416
416
416
416
416
416
416
416
416
416
416
Module:2	RCU:2	branch:0	card:5
200
200
200
200
200
200
200
200
200
200
200
200
200
200
200
200
200
200
200
200
200
200
200
200
200
200
200
200
200
200
200
200
Module:2	RCU:2	branch:0	card:6
200
200
200
200
200
200
200
200
200
200
200
200
200
200
200
200
200
200
200
200
200
200
200
200
200
200
200
200
200
200
200
200
Module:2	RCU:2	branch:0	card:7
200
200
200
200
200
200
200
200
200
200
200
200
200
200
200
200
200
200
200
200
200
200
200
200
200
200
200
200
200
200
200
200
Module:2	RCU:2	branch:0	card:8
200
200
200
200
200
200
200
200
200
200
200
200
200
200
200
200
200
200
200
200
200
200
200
200
200
200
200
200
200
200
200
200
Module:2	RCU:2	branch:0	card:9
200
200
200
200
200
200
200
200
200
200
200
200
200
200
200
200
200
200
200
200
200
200
200
200
200
200
200
200
200
200
200
200
Module:2	RCU:2	branch:0	card:10
200
200
200
200
200
200
200
200
200
200
200
200
200
200
200
200
200
200
200
200
200
200
200
200
200
200
200
200
200
200
200
200
Module:2	RCU:2	branch:0	card:11
888
888
888
888
888
888
888
888
888
888
888
888
888
888
888
888
888
888
888
888
888
888
888
888
888
888
888
888
888
888
888
888
Module:2	RCU:2	branch:0	card:12
200
200
200
200
200
200
200
200
200
200
200
200
200
200
200
200
200
200
200
200
200
200
200
200
200
200
200
200
200
200
200
200
Module:2	RCU:2	branch:0	card:13
200
200
200
200
200
200
200
200
200
200
200
200
200
200
200
200
200
200
200
200
200
200
200
200
200
200
200
200
200
200
200
200
Module:2	RCU:2	branch:0	card:14
200
200
200
200
200
200
200
200
200
200
200
200
200
200
200
200
200
200
200
200
200
200
200
200
200
200
200
200
200
200
200
200
Module:2	RCU:2	branch:1	card:1
200
200
200
200
200
200
200
200
200
200
200
200
200
200
200
200
200
200
200
200
200
200
200
200
200
200
200
200
200
200
200
200
Module:2	RCU:2	branch:1	card:2
888
888
888
888
888
888
888
888
888
888
888
888
888
888
888
888
888
888
888
888
888
888
888
888
888
888
888
888
888
888
888
888
Module:2	RCU:2	branch:1	card:3
200
200
200
200
200
200
200
200
200
200
200
200
200
200
200
200
200
200
200
200
200
200
200
200
200
200
200
200
200
200
200
200
Module:2	RCU:2	branch:1	card:4
200
200
200
200
200
200
200
200
200
200
200
200
200
200
200
200
200
200
200
200
200
200
200
200
200
200
200
200
200
200
200
200
Module:2	RCU:2	branch:1	card:5
200
200
200
200
200
200
200
200
200
200
200
200
200
200
200
200
200
200
200
200
200
200
200
200
200
200
200
200
200
200
200
200
Module:2	RCU:2	branch:1	card:6
883
883
883
883
883
883
883
883
883
883
883
883
883
883
883
883
883
883
883
883
883
883
883
883
883
883
883
883
883
883
883
883
Module:2	RCU:2	branch:1	card:7
200
200
200
200
200
200
200
200
200
200
200
200
200
200
200
200
200
200
200
200
200
200
200
200
200
200
200
200
200
200
200
200
Module:2	RCU:2	branch:1	card:8
200
200
200
200
200
200
200
200
200
200
200
200
200
200
200
200
200
200
200
200
200
200
200
200
200
200
200
200
200
200
200
200
Module:2	RCU:2	branch:1	card:9
416
416
416
416
416
416
416
416
416
416
416
416
416
416
416
416
416
416
416
416
416
416
416
416
416
416
416
416
416
416
416
416
Module:2	RCU:2	branch:1	card:10
200
200
200
200
200
200
200
200
200
200
200
200
200
200
200
200
200
200
200
200
200
200
200
200
200
200
200
200
200
200
200
200
Module:2	RCU:2	branch:1	card:11
200
200
200
200
200
200
200
200
200
200
200
200
200
200
200
200
200
200
200
200
200
200
200
200
200
200
200
200
200
200
200
200
Module:2	RCU:2	branch:1	card:12
888
888
888
888
888
888
888
888
888
888
888
888
888
888
888
888
888
888
888
888
888
888
888
888
888
888
888
888
888
888
888
888
Module:2	RCU:2	branch:1	card:13
763
763
763
763
763
763
763
763
763
763
763
763
763
763
763
763
763
763
763
763
763
763
763
763
763
763
763
763
763
763
763
763
Module:2	RCU:2	branch:1	card:14
200
200
200
200
200
200
200
200
200
200
200
200
200
200
200
200
200
200
200
200
200
200
200
200
200
200
200
200
200
200
200
200
Module:2	RCU:3	branch:0	card:1
200
200
200
200
200
200
200
200
200
200
200
200
200
200
200
200
200
200
200
200
200
200
200
200
200
200
200
200
200
200
200
200
Module:2	RCU:3	branch:0	card:2
200
200
200
200
200
200
200
200
200
200
200
200
200
200
200
200
200
200
200
200
200
200
200
200
200
200
200
200
200
200
200
200
Module:2	RCU:3	branch:0	card:3
200
200
200
200
200
200
200
200
200
200
200
200
200
200
200
200
200
200
200
200
200
200
200
200
200
200
200
200
200
200
200
200
Module:2	RCU:3	branch:0	card:4
200
200
200
200
200
200
200
200
200
200
200
200
200
200
200
200
200
200
200
200
200
200
200
200
200
200
200
200
200
200
200
200
Module:2	RCU:3	branch:0	card:5
200
200
200
200
200
200
200
200
200
200
200
200
200
200
200
200
200
200
200
200
200
200
200
200
200
200
200
200
200
200
200
200
Module:2	RCU:3	branch:0	card:6
200
200
200
200
200
200
200
200
200
200
200
200
200
200
200
200
200
200
200
200
200
200
200
200
200
200
200
200
200
200
200
200
Module:2	RCU:3	branch:0	card:7
200
200
200
200
200
200
200
200
200
200
200
200
200
200
200
200
200
200
200
200
200
200
200
200
200
200
200
200
200
200
200
200
Module:2	RCU:3	branch:0	card:8
200
200
200
200
200
200
200
200
200
200
200
200
200
200
200
200
200
200
200
200
200
200
200
200
200
200
200
200
200
200
200
200
Module:2	RCU:3	branch:0	card:9
200
200
200
200
200
200
200
200
200
200
200
200
200
200
200
200
200
200
200
200
200
200
200
200
200
200
200
200
200
200
200
200
Module:2	RCU:3	branch:0	card:10
200
200
200
200
200
200
200
200
200
200
200
200
200
200
200
200
200
200
200
200
200
200
200
200
200
200
200
200
200
200
200
200
Module:2	RCU:3	branch:0	card:11
200
200
200
200
200
200
200
200
200
200
200
200
200
200
200
200
200
200
200
200
200
200
200
200
200
200
200
200
200
200
200
200
Module:2	RCU:3	branch:0	card:12
200
200
200
200
200
200
200
200
200
200
200
200
200
200
200
200
200
200
200
200
200
200
200
200
200
200
200
200
200
200
200
200
Module:2	RCU:3	branch:0	card:13
200
200
200
200
200
200
200
200
200
200
200
200
200
200
200
200
200
200
200
200
200
200
200
200
200
200
200
200
200
200
200
200
Module:2	RCU:3	branch:0	card:14
200
200
200
200
200
200
200
200
200
200
200
200
200
200
200
200
200
200
200
200
200
200
200
200
200
200
200
200
200
200
200
200
Module:2	RCU:3	branch:1	card:1
200
200
200
200
200
200
200
200
200
200
200
200
200
200
200
200
200
200
200
200
200
200
200
200
200
200
200
200
200
200
200
200
Module:2	RCU:3	branch:1	card:2
200
200
200
200
200
200
200
200
200
200
200
200
200
200
200
200
200
200
200
200
200
200
200
200
200
200
200
200
200
200
200
200
Module:2	RCU:3	branch:1	card:3
200
200
200
200
200
200
200
200
200
200
200
200
200
200
200
200
200
200
200
200
200
200
200
200
200
200
200
200
200
200
200
200
Module:2	RCU:3	branch:1	card:4
200
200
200
200
200
200
200
200
200
200
200
200
200
200
200
200
200
200
200
200
200
200
200
200
200
200
200
200
200
200
200
200
Module:2	RCU:3	branch:1	card:5
200
200
200
200
200
200
200
200
200
200
200
200
200
200
200
200
200
200
200
200
200
200
200
200
200
200
200
200
200
200
200
200
Module:2	RCU:3	branch:1	card:6
200
200
200
200
200
200
200
200
200
200
200
200
200
200
200
200
200
200
200
200
200
200
200
200
200
200
200
200
200
200
200
200
Module:2	RCU:3	branch:1	card:7
200
200
200
200
200
200
200
200
200
200
200
200
200
200
200
200
200
200
200
200
200
200
200
200
200
200
200
200
200
200
200
200
Module:2	RCU:3	branch:1	card:8
200
200
200
200
200
200
200
200
200
200
200
200
200
200
200
200
200
200
200
200
200
200
200
200
200
200
200
200
200
200
200
200
Module:2	RCU:3	branch:1	card:9
200
200
200
200
200
200
200
200
200
200
200
200
200
200
200
200
200
200
200
200
200
200
200
200
200
200
200
200
200
200
200
200
Module:2	RCU:3	branch:1	card:10
200
200
200
200
200
200
200
200
200
200
200
200
200
200
200
200
200
200
200
200
200
200
200
200
200
200
200
200
200
200
200
200
Module:2	RCU:3	branch:1	card:11
200
200
200
200
200
200
200
200
200
200
200
200
200
200
200
200
200
200
200
200
200
200
200
200
200
200
200
200
200
200
200
200
Module:2	RCU:3	branch:1	card:12
200
200
200
200
200
200
200
200
200
200
200
200
200
200
200
200
200
200
200
200
200
200
200
200
200
200
200
200
200
200
200
200
Module:2	RCU:3	branch:1	card:13
200
200
200
200
200
200
200
200
200
200
200
200
200
200
200
200
200
200
200
200
200
200
200
200
200
200
200
200
200
200
200
200
Module:2	RCU:3	branch:1	card:14
200
200
200
200
200
200
200
200
200
200
200
200
200
200
200
200
200
200
200
200
200
200
200
200
200
200
200
200
200
200
200
200
