Module:2	RCU:3	branch:1	card:14
506
346
357
355
358
476
564
536
561
324
501
333
505
413
510
435
553
313
551
323
505
323
563
331
538
325
493
351
283
583
294
587
Module:2	RCU:3	branch:1	card:13
352
364
340
356
382
352
383
446
416
448
436
450
464
450
353
449
484
481
540
582
518
531
513
548
473
541
564
526
571
510
533
550
Module:2	RCU:3	branch:1	card:12
397
416
429
431
428
383
410
387
403
394
401
405
403
351
408
352
447
462
462
438
456
498
483
561
435
568
455
310
416
499
440
498
Module:2	RCU:3	branch:1	card:11
455
377
476
372
466
371
456
372
456
375
466
381
476
392
494
399
403
439
423
432
408
305
433
423
418
427
456
441
448
415
446
450
Module:2	RCU:3	branch:1	card:10
316
508
485
492
481
535
481
525
449
525
498
533
516
538
506
475
352
396
356
379
359
386
365
378
361
381
369
368
393
380
393
398
Module:2	RCU:3	branch:1	card:9
641
343
650
348
602
402
613
324
621
318
623
325
610
341
638
311
352
476
456
421
447
476
464
461
453
308
459
336
482
341
463
331
Module:2	RCU:3	branch:1	card:8
501
561
551
570
553
575
566
598
576
643
601
642
594
613
540
616
339
367
477
366
431
332
398
416
378
442
377
416
335
394
396
409
Module:2	RCU:3	branch:1	card:7
538
556
528
578
510
517
502
511
511
566
538
555
531
577
578
581
433
381
406
341
380
327
485
545
348
398
351
391
438
365
396
362
Module:2	RCU:3	branch:1	card:6
475
469
473
533
468
522
446
503
566
506
428
503
431
533
464
529
591
351
567
308
576
421
430
428
416
354
390
358
399
361
358
306
Module:2	RCU:3	branch:1	card:5
393
481
395
486
395
493
421
363
308
457
308
441
354
433
354
432
528
563
561
608
568
585
541
576
606
581
577
581
546
605
574
596
Module:2	RCU:3	branch:1	card:4
433
545
445
529
456
493
477
483
503
470
511
385
480
394
515
393
495
475
508
596
536
583
558
558
498
592
424
593
601
506
557
547
Module:2	RCU:3	branch:1	card:3
311
586
321
583
330
558
490
548
527
453
552
556
570
564
566
405
477
510
488
431
536
526
523
512
515
511
524
461
503
515
458
525
Module:2	RCU:3	branch:1	card:2
478
446
483
448
483
399
476
451
461
450
405
372
418
340
434
328
401
428
413
491
403
451
396
404
423
465
440
543
479
498
441
488
Module:2	RCU:3	branch:1	card:1
419
412
343
447
375
436
384
426
386
337
413
372
421
374
413
379
601
505
606
579
471
569
550
506
561
576
486
490
556
371
601
410
Module:2	RCU:3	branch:0	card:14
288
295
461
371
360
463
366
436
328
433
268
391
391
338
324
316
465
433
405
434
406
430
418
446
427
533
468
497
492
452
429
458
Module:2	RCU:3	branch:0	card:13
363
416
548
327
545
328
502
346
506
295
508
588
338
575
411
565
451
492
496
631
505
631
627
541
608
546
547
503
450
496
385
483
Module:2	RCU:3	branch:0	card:12
328
451
492
461
354
503
346
495
468
368
323
578
482
507
363
506
493
634
473
506
562
540
566
518
525
434
520
580
605
519
610
465
Module:2	RCU:3	branch:0	card:11
401
426
418
377
410
456
321
447
381
370
436
458
401
354
436
339
586
587
628
638
638
541
525
535
509
513
481
464
493
611
581
556
Module:2	RCU:3	branch:0	card:10
610
416
566
581
525
498
426
488
510
466
466
408
483
418
671
423
561
443
408
563
498
526
571
612
533
532
551
500
423
503
486
588
Module:2	RCU:3	branch:0	card:9
419
635
456
458
403
669
350
651
487
556
378
658
628
386
525
526
548
511
516
508
520
530
435
490
513
504
588
578
577
590
523
460
Module:2	RCU:3	branch:0	card:8
461
378
533
398
533
458
613
411
511
433
393
427
476
448
482
441
540
533
472
561
430
561
553
528
496
506
532
526
446
475
459
451
Module:2	RCU:3	branch:0	card:7
560
502
508
509
583
613
576
596
485
488
485
429
436
433
446
533
396
436
401
357
498
476
408
426
396
548
348
595
408
560
416
486
Module:2	RCU:3	branch:0	card:6
416
525
480
536
470
515
606
556
598
548
583
501
587
550
556
493
463
361
378
372
326
454
441
323
370
320
458
386
349
312
328
435
Module:2	RCU:3	branch:0	card:5
371
427
499
421
498
469
373
478
531
423
391
458
525
455
488
458
479
461
482
471
358
481
544
491
461
500
451
479
441
484
425
367
Module:2	RCU:3	branch:0	card:4
595
559
536
550
528
530
521
451
513
499
630
476
619
462
606
348
511
536
501
536
491
533
480
532
509
454
519
473
527
478
533
478
Module:2	RCU:3	branch:0	card:3
616
582
568
575
561
517
561
506
501
501
443
483
598
613
590
403
531
502
518
498
535
501
546
503
554
493
556
516
557
518
548
518
Module:2	RCU:3	branch:0	card:2
584
549
413
623
631
553
623
545
563
541
573
551
571
532
542
610
443
429
465
422
423
533
533
426
428
541
428
548
430
550
432
548
Module:2	RCU:3	branch:0	card:1
479
458
477
591
398
582
411
601
478
611
465
584
474
576
367
579
367
458
376
453
380
354
378
356
368
305
378
406
403
425
460
435
Module:2	RCU:2	branch:1	card:14
404
530
463
523
471
520
489
510
493
485
494
463
498
417
543
409
395
343
421
363
362
604
343
485
615
621
466
479
406
451
405
462
Module:2	RCU:2	branch:1	card:13
328
578
348
570
381
591
540
584
547
578
551
572
555
577
571
589
325
343
324
340
423
411
438
438
559
575
593
413
397
403
375
364
Module:2	RCU:2	branch:1	card:12
476
443
386
453
465
491
461
348
453
338
441
333
395
332
437
330
593
382
336
328
323
441
598
612
431
385
378
318
393
313
596
583
Module:2	RCU:2	branch:1	card:11
597
398
393
361
390
360
391
363
416
365
424
366
420
369
400
376
448
448
441
501
443
503
488
511
460
420
484
568
501
396
492
596
Module:2	RCU:2	branch:1	card:10
637
572
653
588
659
606
660
603
656
600
655
594
651
590
516
591
446
427
453
456
301
448
413
486
423
468
436
474
408
466
435
483
Module:2	RCU:2	branch:1	card:9
441
594
328
634
338
643
350
645
354
645
349
645
623
643
614
640
375
400
399
389
395
382
409
371
401
390
418
396
411
588
420
403
Module:2	RCU:2	branch:1	card:8
621
386
623
369
623
414
625
418
517
428
532
438
398
442
398
440
474
349
316
381
308
368
336
350
328
388
365
398
361
405
381
380
Module:2	RCU:2	branch:1	card:7
538
546
540
556
568
558
571
558
563
550
563
541
568
531
577
618
588
500
478
476
446
439
408
503
543
472
471
441
468
439
471
504
Module:2	RCU:2	branch:1	card:6
483
496
483
581
473
585
461
584
458
441
453
461
503
473
502
481
584
441
578
441
580
529
442
526
442
579
526
436
526
444
498
526
Module:2	RCU:2	branch:1	card:5
476
520
555
523
331
528
489
493
475
503
491
514
511
513
517
500
638
571
640
578
366
550
494
551
428
553
423
578
433
547
300
583
Module:2	RCU:2	branch:1	card:4
319
595
543
607
541
600
532
592
483
596
568
602
574
477
581
459
416
611
416
616
413
614
415
606
617
641
616
623
611
642
613
643
Module:2	RCU:2	branch:1	card:3
346
373
338
368
328
412
356
412
376
407
382
400
379
391
377
551
438
380
411
376
401
386
477
383
351
386
350
388
346
380
335
414
Module:2	RCU:2	branch:1	card:2
496
477
501
431
508
490
503
534
536
449
518
440
466
422
474
453
390
507
476
486
445
417
431
383
496
441
486
481
425
414
348
396
Module:2	RCU:2	branch:1	card:1
429
458
506
346
357
355
358
476
564
536
561
324
501
333
505
413
510
435
553
313
551
323
505
323
563
331
538
325
493
351
283
583
Module:2	RCU:2	branch:0	card:14
450
526
373
433
521
457
501
418
436
419
448
496
409
515
528
443
498
453
498
456
491
407
483
403
448
398
451
396
453
395
453
392
Module:2	RCU:2	branch:0	card:13
536
412
513
401
448
483
471
505
457
418
500
441
488
405
426
451
341
578
587
581
584
592
581
486
582
483
583
483
347
481
578
485
Module:2	RCU:2	branch:0	card:12
565
588
574
516
572
500
647
515
572
522
535
628
643
594
595
550
538
330
536
365
526
373
391
376
393
378
431
586
425
590
419
593
Module:2	RCU:2	branch:0	card:11
588
508
623
576
615
560
610
571
593
634
608
627
616
538
612
531
553
557
563
560
575
560
570
559
568
556
569
551
573
415
545
431
Module:2	RCU:2	branch:0	card:10
476
430
476
431
411
540
413
548
493
607
465
598
420
586
464
553
564
510
535
530
531
546
536
543
538
576
538
513
514
516
523
510
Module:2	RCU:2	branch:0	card:9
563
460
566
534
641
446
646
524
588
449
583
522
516
471
453
521
503
498
501
508
501
512
506
416
526
418
418
416
417
416
444
433
Module:2	RCU:2	branch:0	card:8
566
651
632
558
521
503
538
571
606
645
606
575
596
500
591
501
581
476
521
503
525
500
579
575
563
484
568
475
484
476
477
475
Module:2	RCU:2	branch:0	card:7
548
562
535
553
630
629
625
631
651
546
623
321
628
606
601
608
473
324
451
331
455
528
323
521
326
530
333
518
536
563
312
557
Module:2	RCU:2	branch:0	card:6
563
601
525
592
478
530
518
396
524
589
576
648
593
647
648
608
566
444
578
466
583
469
586
468
503
517
454
452
358
417
458
438
Module:2	RCU:2	branch:0	card:5
613
504
597
561
583
459
473
496
509
526
573
546
577
556
469
423
620
558
534
557
530
554
520
548
550
545
558
542
560
542
558
565
Module:2	RCU:2	branch:0	card:4
638
593
718
583
612
599
622
611
636
665
643
685
661
691
633
635
478
608
690
611
676
601
584
596
582
591
575
583
595
611
605
611
Module:2	RCU:2	branch:0	card:3
710
643
718
650
673
686
681
646
666
653
705
628
660
636
667
637
636
623
632
593
626
631
639
643
653
656
659
673
661
678
653
683
Module:2	RCU:2	branch:0	card:2
483
696
486
691
458
711
501
700
410
690
401
697
513
669
511
666
436
489
493
508
508
505
517
503
517
498
519
496
522
494
508
494
Module:2	RCU:2	branch:0	card:1
363
478
288
295
461
371
360
463
366
436
328
433
268
391
391
338
324
316
465
433
405
434
406
430
418
446
427
533
468
497
492
452
Module:2	RCU:1	branch:1	card:14
391
376
410
455
448
464
476
380
406
390
408
386
475
443
401
376
478
421
493
436
591
450
483
421
480
481
531
481
534
478
363
478
Module:2	RCU:1	branch:1	card:13
491
517
670
600
653
637
578
608
549
441
471
680
475
661
557
702
440
603
437
616
614
493
613
503
521
409
506
577
403
591
471
595
Module:2	RCU:1	branch:1	card:12
425
572
513
598
601
700
721
538
599
569
465
526
452
523
503
514
563
533
552
521
545
551
563
545
590
573
511
545
514
360
517
364
Module:2	RCU:1	branch:1	card:11
581
626
606
508
498
503
548
490
599
536
649
536
616
521
511
508
596
410
486
591
631
671
588
603
611
571
647
586
589
676
605
606
Module:2	RCU:1	branch:1	card:10
487
538
630
630
649
651
632
581
644
486
592
571
613
649
546
568
506
586
631
566
618
656
581
478
481
631
488
556
486
426
618
511
Module:2	RCU:1	branch:1	card:9
698
690
606
600
621
688
666
680
657
635
668
518
671
555
669
629
471
631
484
568
591
591
671
648
648
632
448
486
664
521
616
400
Module:2	RCU:1	branch:1	card:8
543
703
526
675
554
675
537
637
575
659
566
661
579
720
485
688
515
465
434
441
481
520
506
499
493
475
518
527
520
473
501
515
Module:2	RCU:1	branch:1	card:7
440
491
439
407
455
407
386
418
421
405
560
413
393
400
425
416
526
496
519
478
468
528
492
538
466
450
540
493
533
491
463
601
Module:2	RCU:1	branch:1	card:6
446
518
507
512
383
522
378
526
501
557
386
548
370
550
510
537
593
555
588
551
591
546
603
562
603
553
603
498
606
491
599
495
Module:2	RCU:1	branch:1	card:5
475
530
481
523
504
441
496
443
513
415
500
431
612
413
621
429
585
430
625
466
595
582
541
577
605
576
478
566
426
590
437
591
Module:2	RCU:1	branch:1	card:4
504
570
491
486
500
493
538
461
557
466
618
453
546
461
516
481
646
576
531
605
528
578
541
600
558
553
556
579
606
553
576
573
Module:2	RCU:1	branch:1	card:3
461
495
481
461
522
510
526
331
478
361
461
351
482
383
515
381
465
641
582
643
606
651
628
654
626
626
615
632
635
633
623
655
Module:2	RCU:1	branch:1	card:2
508
533
496
453
441
468
490
478
546
476
546
460
568
522
497
486
529
453
516
463
498
463
511
481
498
483
491
488
496
476
426
476
Module:2	RCU:1	branch:1	card:1
568
441
443
435
590
613
583
596
535
531
544
605
578
498
513
459
553
590
474
491
565
513
558
498
599
426
578
510
591
503
483
523
Module:2	RCU:1	branch:0	card:14
533
458
301
527
525
481
494
506
393
591
591
535
331
319
282
449
533
443
525
444
503
480
521
572
526
546
545
566
537
420
434
490
Module:2	RCU:1	branch:0	card:13
446
523
386
510
452
581
516
351
583
451
557
596
376
358
340
520
471
443
468
406
479
450
477
526
468
531
447
403
442
531
440
411
Module:2	RCU:1	branch:0	card:12
503
343
487
458
530
457
533
483
546
398
543
493
544
493
423
415
571
600
569
605
568
610
566
605
563
586
474
634
477
398
596
470
Module:2	RCU:1	branch:0	card:11
506
551
561
581
550
575
566
591
571
591
412
483
554
501
573
521
610
532
613
536
616
540
623
546
629
656
633
648
552
583
538
573
Module:2	RCU:1	branch:0	card:10
430
610
408
580
571
618
611
613
611
623
601
536
607
541
591
526
671
591
676
591
668
587
671
581
668
575
666
555
593
592
591
602
Module:2	RCU:1	branch:0	card:9
423
385
424
448
415
478
398
379
447
341
443
375
423
411
652
386
503
638
506
631
511
621
516
600
656
630
649
657
642
661
639
666
Module:2	RCU:1	branch:0	card:8
313
486
525
379
491
383
486
313
545
326
548
296
530
471
491
456
473
518
546
518
543
431
544
514
406
380
435
563
443
486
518
500
Module:2	RCU:1	branch:0	card:7
541
521
520
571
566
358
560
461
540
458
567
536
585
540
560
557
402
481
408
448
503
454
501
458
492
463
486
463
488
462
488
467
Module:2	RCU:1	branch:0	card:6
488
565
553
561
527
511
555
501
548
536
503
496
496
511
491
518
633
399
621
436
446
435
437
436
433
368
426
369
407
358
403
371
Module:2	RCU:1	branch:0	card:5
438
523
496
456
508
481
518
511
520
540
481
536
524
518
471
480
646
551
649
564
651
587
631
601
570
598
636
617
643
608
647
603
Module:2	RCU:1	branch:0	card:4
476
349
463
350
468
377
494
381
485
403
491
376
309
413
330
413
656
568
657
622
608
617
597
614
675
636
665
633
661
642
578
641
Module:2	RCU:1	branch:0	card:3
546
580
536
574
543
578
530
425
501
403
538
428
565
463
578
468
550
483
601
518
603
660
579
648
471
660
447
586
501
662
494
643
Module:2	RCU:1	branch:0	card:2
360
381
522
396
388
399
365
375
385
313
287
514
496
541
379
515
581
511
599
520
594
503
577
508
526
540
543
524
550
536
571
573
Module:2	RCU:1	branch:0	card:1
490
306
476
601
487
425
480
338
558
381
488
473
486
410
483
473
380
596
596
591
610
596
621
597
636
573
631
584
582
591
576
516
Module:2	RCU:0	branch:1	card:14
545
566
541
587
416
568
589
551
593
438
549
558
548
559
564
555
529
442
535
561
523
496
611
600
455
510
545
433
533
576
491
486
Module:2	RCU:0	branch:1	card:13
578
520
561
592
633
625
623
630
592
593
468
472
525
498
634
563
570
553
577
610
527
596
538
628
509
623
474
610
583
621
575
550
Module:2	RCU:0	branch:1	card:12
623
526
621
551
507
541
583
565
529
559
575
573
576
568
535
585
417
596
406
626
470
608
447
618
430
581
602
595
552
562
546
571
Module:2	RCU:0	branch:1	card:11
563
576
628
600
450
598
453
620
474
599
600
500
611
621
592
557
464
547
495
482
431
466
525
463
434
551
492
550
456
441
445
476
Module:2	RCU:0	branch:1	card:10
711
672
615
605
648
633
537
447
596
681
613
623
703
655
625
678
550
529
616
543
621
440
468
428
466
490
552
423
553
428
465
483
Module:2	RCU:0	branch:1	card:9
660
621
473
712
606
563
451
650
604
641
656
473
651
700
601
616
363
490
361
501
363
505
463
497
516
538
504
524
533
546
515
521
Module:2	RCU:0	branch:1	card:8
447
483
508
688
493
695
521
578
523
596
505
447
491
619
696
658
341
325
403
461
363
465
465
466
461
295
299
311
351
315
346
321
Module:2	RCU:0	branch:1	card:7
561
503
493
468
538
538
496
513
646
486
471
493
540
677
515
668
371
446
371
340
426
366
427
370
344
376
380
463
381
460
415
436
Module:2	RCU:0	branch:1	card:6
615
555
625
543
640
547
639
657
531
552
550
526
545
563
551
559
331
333
334
371
353
353
358
426
363
406
401
395
404
343
403
380
Module:2	RCU:0	branch:1	card:5
428
713
458
703
473
694
471
681
458
720
466
703
443
684
448
630
470
369
468
363
491
412
435
382
462
376
439
300
429
298
326
296
Module:2	RCU:0	branch:1	card:4
506
391
691
668
661
411
480
423
686
423
490
424
441
450
413
439
443
466
437
403
464
493
501
400
505
393
521
475
501
485
470
438
Module:2	RCU:0	branch:1	card:3
458
560
554
563
530
496
566
528
440
500
567
470
481
563
538
463
531
532
526
548
518
526
528
553
536
545
536
521
613
558
548
620
Module:2	RCU:0	branch:1	card:2
392
503
531
517
521
456
285
530
440
469
508
431
464
534
421
523
585
631
483
606
571
611
571
621
581
495
607
471
603
496
629
493
Module:2	RCU:0	branch:1	card:1
434
490
391
376
410
455
448
464
476
380
406
390
408
386
475
443
401
376
478
421
493
436
591
450
483
421
480
481
531
481
534
478
Module:2	RCU:0	branch:0	card:14
370
356
403
396
462
357
391
392
328
351
450
406
390
366
396
316
663
627
608
631
604
626
625
623
615
616
604
576
651
591
628
554
Module:2	RCU:0	branch:0	card:13
406
426
397
426
406
465
442
425
436
456
424
462
427
462
428
456
641
653
643
551
663
676
655
673
650
663
646
660
646
653
636
655
Module:2	RCU:0	branch:0	card:12
490
486
476
486
487
511
480
511
473
513
488
584
486
501
483
507
540
613
556
615
556
613
535
308
590
631
573
623
608
621
601
607
Module:2	RCU:0	branch:0	card:11
318
548
499
538
507
534
517
478
521
463
523
453
533
391
530
467
517
491
498
496
521
516
563
553
493
533
565
518
572
555
533
638
Module:2	RCU:0	branch:0	card:10
526
567
540
337
321
546
533
336
320
605
521
288
553
286
545
288
676
668
671
652
666
619
692
656
648
641
661
631
626
533
602
556
Module:2	RCU:0	branch:0	card:9
516
527
510
520
376
425
381
433
440
515
449
305
466
533
486
315
704
660
678
658
696
663
623
677
643
638
658
638
635
650
690
683
Module:2	RCU:0	branch:0	card:8
433
469
586
460
440
498
494
380
393
386
400
462
441
459
472
476
372
702
414
688
634
698
629
681
393
695
613
676
664
698
703
710
Module:2	RCU:0	branch:0	card:7
383
483
368
411
418
423
498
398
356
476
350
395
407
366
401
428
657
692
666
666
691
680
691
711
683
702
664
681
633
363
703
506
Module:2	RCU:0	branch:0	card:6
427
338
525
302
529
352
388
348
396
381
491
321
573
311
298
351
593
651
620
646
626
640
628
665
631
628
618
656
596
671
611
676
Module:2	RCU:0	branch:0	card:5
508
411
376
540
376
552
368
401
545
406
428
391
405
396
421
435
458
403
408
388
421
438
449
493
449
499
440
531
411
531
407
531
Module:2	RCU:0	branch:0	card:4
501
500
473
470
470
458
441
467
467
508
446
476
359
365
328
361
536
580
576
588
558
561
556
606
556
606
580
628
580
613
581
571
Module:2	RCU:0	branch:0	card:3
336
521
403
435
331
428
415
333
546
337
516
536
293
546
535
491
486
400
479
408
458
511
506
510
507
507
496
498
432
426
426
428
Module:2	RCU:0	branch:0	card:2
546
608
541
601
543
596
546
348
565
382
471
580
585
372
592
383
341
466
388
465
361
422
380
414
396
433
391
453
384
446
424
433
Module:2	RCU:0	branch:0	card:1
317
534
533
458
301
527
525
481
494
506
393
591
591
535
331
319
282
449
533
443
525
444
503
480
521
572
526
546
545
566
537
420
