Module:0	RCU:0	branch:0	card:0
5
5
5
5
5
5
5
5
5
5
5
5
5
5
5
5
5
5
5
5
5
5
5
5
5
5
5
5
5
5
5
5
Module:1	RCU:0	branch:0	card:5
512
512
512
512
512
512
512
512
512
512
512
512
512
512
512
512
512
512
512
512
512
512
512
512
512
512
512
512
512
512
512
512
Module:1	RCU:0	branch:0	card:6
512
512
512
512
512
512
512
512
512
512
512
512
512
512
512
512
512
512
512
512
512
512
512
512
512
512
512
512
512
512
512
512
Module:1	RCU:0	branch:0	card:7
512
512
512
512
512
512
512
512
512
512
512
512
512
512
512
512
512
512
512
512
512
512
512
512
512
512
512
512
512
512
512
512
Module:1	RCU:0	branch:0	card:13
512
512
512
512
512
512
512
512
512
512
512
512
512
512
512
512
512
512
512
512
512
512
512
512
512
512
512
512
512
512
512
512
Module:1	RCU:0	branch:1	card:5
512
512
512
512
512
512
512
512
512
512
512
512
512
512
512
512
512
512
512
512
512
512
512
512
512
512
512
512
512
512
512
512
Module:1	RCU:1	branch:0	card:5
512
512
512
512
512
512
512
512
512
512
512
512
512
512
512
512
512
512
512
512
512
512
512
512
512
512
512
512
512
512
512
512
Module:1	RCU:1	branch:0	card:6
512
512
512
512
512
512
512
512
512
512
512
512
512
512
512
512
512
512
512
512
512
512
512
512
512
512
512
512
512
512
512
512
Module:1	RCU:1	branch:0	card:12
512
512
512
512
512
512
512
512
512
512
512
512
512
512
512
512
512
512
512
512
512
512
512
512
512
512
512
512
512
512
512
512
Module:1	RCU:1	branch:1	card:3
512
512
512
512
512
512
512
512
512
512
512
512
512
512
512
512
512
512
512
512
512
512
512
512
512
512
512
512
512
512
512
512
Module:1	RCU:1	branch:1	card:5
512
512
512
512
512
512
512
512
512
512
512
512
512
512
512
512
512
512
512
512
512
512
512
512
512
512
512
512
512
512
512
512
Module:2	RCU:0	branch:0	card:0
512
512
512
512
512
512
512
512
512
512
512
512
512
512
512
512
512
512
512
512
512
512
512
512
512
512
512
512
512
512
512
512
Module:2	RCU:0	branch:0	card:1
493
512
512
512
512
512
502
512
512
512
512
512
512
512
512
512
512
512
512
512
512
512
512
512
512
512
512
512
512
512
512
512
Module:2	RCU:0	branch:0	card:2
510
512
512
512
512
512
509
512
508
512
508
512
497
512
512
512
512
512
512
512
512
512
512
512
512
512
512
512
512
512
512
512
Module:2	RCU:0	branch:0	card:3
276
276
276
276
276
276
276
276
276
276
276
276
276
276
276
276
276
276
276
276
276
276
276
276
276
276
276
276
276
276
276
276
Module:2	RCU:0	branch:0	card:4
512
512
512
512
512
512
512
512
512
512
512
512
512
512
512
512
512
512
512
512
512
512
512
512
512
512
512
512
512
512
512
512
Module:2	RCU:0	branch:0	card:5
512
512
512
512
512
512
512
512
512
512
512
512
512
512
512
512
512
512
512
512
512
512
512
512
512
512
512
512
512
512
512
512
Module:2	RCU:0	branch:0	card:6
22
512
23
512
33
512
333
512
512
512
512
512
768
512
512
512
512
512
512
512
512
512
512
512
512
512
512
512
512
512
512
512
Module:2	RCU:0	branch:0	card:7
496
496
496
496
496
496
496
496
496
496
496
496
496
496
496
496
496
496
496
496
496
496
496
496
496
496
496
496
496
496
496
496
Module:2	RCU:0	branch:0	card:8
512
512
512
512
512
512
517
512
512
512
512
512
512
512
512
512
512
512
512
512
512
512
512
512
512
512
512
512
512
512
512
512
Module:2	RCU:0	branch:0	card:9
512
512
512
512
512
512
444
512
22
512
512
512
512
512
213
512
876
512
512
512
512
512
512
512
512
512
512
512
512
512
512
512
Module:2	RCU:0	branch:0	card:10
496
496
496
496
496
496
496
496
496
496
496
496
496
496
496
496
496
496
496
496
496
496
496
496
496
496
496
496
496
496
496
496
Module:2	RCU:0	branch:0	card:11
512
512
512
512
512
512
512
512
512
512
512
512
512
512
512
512
512
512
512
512
512
512
512
512
512
512
512
512
512
512
512
512
Module:2	RCU:0	branch:0	card:12
512
512
512
512
512
512
512
512
512
512
512
512
512
512
512
512
512
512
512
512
512
512
512
512
512
512
512
512
512
512
512
512
Module:2	RCU:0	branch:0	card:13
512
512
506
512
512
512
501
512
512
512
512
512
512
512
500
512
512
512
512
512
512
512
512
512
512
512
512
512
512
512
512
512
Module:2	RCU:0	branch:1	card:1
512
512
512
512
512
512
512
512
512
512
512
512
512
512
512
512
512
512
512
512
512
512
512
512
512
512
512
512
512
512
512
512
Module:2	RCU:0	branch:1	card:2
475
512
652
512
522
512
512
512
512
395
512
506
512
512
512
512
512
510
512
512
512
512
512
512
512
512
512
512
512
512
512
512
Module:2	RCU:0	branch:1	card:3
509
512
512
512
512
512
512
512
512
512
505
512
512
512
506
512
512
512
512
512
512
512
512
512
512
512
512
512
512
512
512
512
Module:2	RCU:0	branch:1	card:4
502
512
512
512
512
512
517
512
507
512
512
501
512
512
512
666
512
777
512
888
512
512
512
512
512
512
512
512
512
512
512
512
Module:2	RCU:0	branch:1	card:5
512
512
512
512
512
512
512
512
512
512
512
512
512
512
512
512
512
512
512
512
512
512
512
512
512
512
512
512
512
512
512
512
Module:2	RCU:0	branch:1	card:6
512
512
512
512
512
512
512
512
512
512
512
512
512
512
512
512
543
512
512
512
512
512
512
512
512
512
512
512
512
512
512
512
Module:2	RCU:0	branch:1	card:7
517
512
501
512
512
512
512
512
512
512
512
512
503
512
510
512
512
512
512
512
512
512
512
512
512
512
512
512
512
512
512
512
Module:2	RCU:0	branch:1	card:8
276
276
276
276
276
276
276
276
276
276
276
276
276
276
276
276
276
276
276
276
276
276
276
276
276
276
276
276
276
276
276
276
Module:2	RCU:0	branch:1	card:9
516
99
502
65
495
444
123
421
222
342
33
761
456
321
675
434
231
444
222
543
345
777
233
888
342
879
342
533
532
231
100
999
Module:2	RCU:0	branch:1	card:10
508
512
509
512
512
512
512
512
512
512
512
512
512
512
512
512
512
512
512
512
512
512
512
512
512
512
512
512
512
512
512
512
Module:2	RCU:0	branch:1	card:11
276
276
276
276
276
276
276
276
276
276
276
276
276
276
276
276
276
276
276
276
276
276
276
276
276
276
276
276
276
276
276
276
Module:2	RCU:0	branch:1	card:12
501
501
501
501
501
501
501
501
501
501
501
501
501
501
501
501
501
501
501
501
501
501
501
501
501
501
501
501
501
501
501
501
Module:2	RCU:0	branch:1	card:13
502
512
512
512
512
512
512
512
512
512
512
512
512
512
512
512
512
512
512
512
495
512
478
512
488
512
448
512
470
512
464
512
Module:2	RCU:1	branch:0	card:1
512
512
512
512
512
512
512
512
512
512
512
512
512
512
512
512
512
512
512
512
512
512
512
512
512
512
512
512
512
512
512
512
Module:2	RCU:1	branch:0	card:4
512
512
512
512
512
512
512
512
512
512
512
512
512
512
512
512
512
512
512
512
512
512
512
512
512
512
512
512
512
512
512
512
Module:2	RCU:1	branch:0	card:5
512
512
512
512
512
512
512
512
512
512
512
512
512
512
512
512
512
512
512
512
512
512
512
512
512
512
512
512
512
512
512
512
Module:2	RCU:1	branch:0	card:6
512
512
512
512
512
512
512
512
512
512
512
512
512
512
512
512
512
512
512
512
512
512
512
512
512
512
512
512
512
512
512
512
Module:2	RCU:1	branch:0	card:7
512
512
512
512
512
512
512
512
512
512
512
512
512
512
512
512
512
512
512
512
512
512
512
512
512
512
512
512
512
512
512
512
Module:2	RCU:1	branch:0	card:8
512
512
512
512
512
512
512
512
512
512
512
512
512
512
512
512
512
512
512
512
512
512
512
512
512
512
512
512
512
512
512
512
Module:2	RCU:1	branch:0	card:9
512
512
512
512
512
512
512
512
512
512
512
512
512
512
512
512
512
512
512
512
512
512
512
512
512
512
512
512
512
512
512
512
Module:2	RCU:1	branch:0	card:10
512
512
512
512
512
512
512
512
512
512
512
512
512
512
512
512
512
512
512
512
512
512
512
512
512
512
512
512
512
512
512
512
Module:2	RCU:1	branch:0	card:11
512
512
512
512
512
512
512
512
512
512
512
512
512
512
512
512
512
512
512
512
512
512
512
512
512
512
512
512
512
512
512
512
Module:2	RCU:1	branch:0	card:12
512
512
512
512
512
512
512
512
512
512
512
512
512
512
512
512
512
512
512
512
512
512
512
512
512
512
512
512
512
512
512
512
Module:2	RCU:1	branch:0	card:13
512
512
512
512
512
512
512
512
512
512
512
512
512
512
512
512
512
512
512
512
512
512
512
512
512
512
512
512
512
512
512
512
Module:2	RCU:1	branch:1	card:1
512
512
512
512
512
512
512
512
512
512
512
512
512
512
512
512
512
512
512
512
512
512
512
512
512
512
512
512
512
512
512
512
Module:2	RCU:1	branch:1	card:2
512
512
512
512
512
512
512
512
512
512
512
512
512
512
512
512
512
512
512
512
512
512
512
512
512
512
512
512
512
512
512
512
Module:2	RCU:1	branch:1	card:3
512
512
512
512
512
512
512
512
512
512
512
512
512
512
512
512
512
512
512
512
512
512
512
512
512
512
512
512
512
512
512
512
Module:2	RCU:1	branch:1	card:4
350
350
350
350
350
350
350
350
350
350
350
350
350
350
350
350
350
350
350
350
350
350
350
350
350
350
350
350
350
350
350
350
Module:2	RCU:1	branch:1	card:5
350
350
350
350
350
350
350
350
350
350
350
350
350
350
350
350
350
350
350
350
350
350
350
350
350
350
350
350
350
350
350
350
Module:2	RCU:1	branch:1	card:6
512
512
512
512
512
512
512
512
512
512
512
512
512
512
512
512
512
512
512
512
512
512
512
512
512
512
512
512
512
512
512
512
Module:2	RCU:1	branch:1	card:7
512
512
512
512
512
512
512
512
512
512
512
512
512
512
512
512
512
512
512
512
512
512
512
512
512
512
512
512
512
512
512
512
Module:2	RCU:1	branch:1	card:8
512
512
512
512
512
512
512
512
512
512
512
512
512
512
512
512
512
512
512
512
512
512
512
512
512
512
512
512
512
512
512
512
Module:2	RCU:1	branch:1	card:9
512
512
512
512
512
512
512
512
512
512
512
512
512
512
512
512
512
512
512
512
512
512
512
512
512
512
512
512
512
512
512
512
Module:2	RCU:1	branch:1	card:10
512
512
512
512
512
512
512
512
512
512
512
512
512
512
515
512
512
512
512
512
512
512
512
512
512
512
512
512
512
512
512
512
Module:2	RCU:1	branch:1	card:11
512
512
512
512
512
512
512
512
512
512
512
512
512
512
512
512
512
512
512
512
512
512
512
512
512
512
512
512
512
512
512
512
Module:2	RCU:1	branch:1	card:12
512
512
512
512
507
512
512
512
512
512
512
512
512
512
512
512
512
512
512
512
512
512
512
512
512
512
512
512
512
512
512
512
Module:2	RCU:1	branch:1	card:13
512
512
512
512
512
512
499
512
512
512
512
512
512
512
512
512
512
512
512
512
512
512
512
512
512
512
512
512
512
512
512
512
Module:2	RCU:2	branch:0	card:2
512
512
512
512
512
512
512
512
512
512
512
512
512
512
512
512
512
512
512
512
512
512
512
512
512
512
512
512
512
512
512
512
Module:2	RCU:2	branch:0	card:3
512
512
512
512
512
512
512
512
512
512
512
512
512
512
512
512
512
512
512
512
512
512
512
512
512
512
512
512
512
512
512
512
Module:2	RCU:2	branch:0	card:4
512
512
512
512
512
512
512
512
512
512
512
512
512
512
512
512
512
512
512
512
512
512
512
512
512
512
512
512
512
512
512
512
Module:2	RCU:2	branch:0	card:5
512
512
512
512
512
512
512
512
512
512
512
512
512
512
512
512
512
512
512
512
512
512
512
512
512
512
512
512
512
512
512
512
Module:2	RCU:2	branch:0	card:6
512
512
512
512
512
512
512
512
512
512
512
512
512
512
512
512
512
512
512
512
512
512
512
512
512
512
512
512
512
512
512
512
Module:2	RCU:2	branch:0	card:7
512
512
512
512
512
512
512
512
512
512
512
512
512
512
512
512
512
512
512
512
512
512
512
512
512
512
512
512
512
512
512
512
Module:2	RCU:2	branch:0	card:8
512
512
512
512
512
512
512
512
512
512
512
512
512
512
512
512
512
512
512
512
512
512
512
512
512
512
512
512
512
512
512
512
Module:2	RCU:2	branch:0	card:9
512
512
512
512
512
512
512
512
512
512
512
512
512
512
512
512
512
512
512
512
512
512
512
512
512
512
512
512
512
512
512
512
Module:2	RCU:2	branch:0	card:10
512
512
512
512
512
512
512
512
512
512
512
512
512
512
512
512
512
512
512
512
512
512
512
512
512
512
512
512
512
512
512
512
Module:2	RCU:2	branch:0	card:11
512
512
512
512
512
512
512
512
512
512
512
512
512
512
512
512
512
512
512
512
512
512
512
512
512
512
512
512
512
512
512
512
Module:2	RCU:2	branch:0	card:12
512
512
512
512
512
512
512
512
512
512
512
512
512
512
512
512
512
512
512
512
512
512
512
512
512
512
512
512
512
512
512
512
Module:2	RCU:2	branch:0	card:13
512
512
512
512
512
512
512
512
512
512
512
512
512
512
512
512
512
512
512
512
512
512
512
512
512
512
512
512
512
512
512
512
Module:2	RCU:2	branch:1	card:1
512
512
512
512
512
512
512
512
512
512
512
512
512
512
512
512
512
512
512
512
512
512
512
512
512
512
512
512
512
512
512
512
Module:2	RCU:2	branch:1	card:2
512
512
512
512
512
512
512
512
512
512
512
512
512
512
512
512
512
512
512
512
512
512
512
512
512
512
512
512
512
512
512
512
Module:2	RCU:2	branch:1	card:3
512
512
512
512
512
512
512
512
512
512
512
512
512
512
512
512
512
512
512
512
512
512
512
512
512
512
512
512
512
512
512
512
Module:2	RCU:2	branch:1	card:4
463
463
463
463
463
463
463
463
463
463
463
463
463
463
463
463
463
463
463
463
463
463
463
463
463
463
463
463
463
463
463
463
Module:2	RCU:2	branch:1	card:5
463
463
463
463
463
463
463
463
463
463
463
463
463
463
463
463
463
463
463
463
463
463
463
463
463
463
463
463
463
463
463
463
Module:2	RCU:2	branch:1	card:6
463
463
463
463
463
463
463
463
463
463
463
463
463
463
463
463
463
463
463
463
463
463
463
463
463
463
463
463
463
463
463
463
Module:2	RCU:2	branch:1	card:7
508
512
512
512
512
512
512
512
512
512
512
512
512
512
512
512
504
512
512
512
512
512
512
512
512
512
512
512
512
512
512
512
Module:2	RCU:2	branch:1	card:8
493
493
493
493
493
493
493
493
493
493
493
493
493
493
493
493
493
493
493
493
493
493
493
493
493
493
493
493
493
493
493
493
Module:2	RCU:2	branch:1	card:9
512
512
512
512
512
512
512
512
512
512
512
512
512
512
512
512
512
512
512
512
512
512
512
512
512
512
512
512
512
512
512
512
Module:2	RCU:2	branch:1	card:10
512
512
512
512
512
512
512
512
512
512
512
512
512
512
512
512
512
512
512
512
512
512
512
512
512
512
512
512
512
512
512
512
Module:2	RCU:2	branch:1	card:11
512
512
512
512
512
512
512
512
512
512
512
512
512
512
512
512
512
512
512
512
512
512
512
512
512
512
512
512
512
512
512
512
Module:2	RCU:2	branch:1	card:12
495
495
495
495
495
495
495
495
495
495
495
495
495
495
495
495
495
495
495
495
495
495
495
495
495
495
495
495
495
495
495
495
Module:2	RCU:2	branch:1	card:13
512
512
512
512
512
512
512
512
512
512
512
512
512
512
512
512
512
512
512
512
512
512
512
512
512
512
512
512
512
512
512
512
Module:2	RCU:3	branch:0	card:1
512
512
512
512
512
512
512
512
512
512
512
512
512
512
512
512
512
512
512
512
512
512
512
512
512
512
512
512
512
512
512
512
Module:2	RCU:3	branch:0	card:2
512
512
512
512
512
512
512
512
512
512
512
512
512
512
512
512
512
512
512
512
512
512
512
512
512
512
512
512
512
512
512
512
Module:2	RCU:3	branch:0	card:3
512
512
512
512
512
512
512
512
512
512
512
512
512
512
512
512
512
512
512
512
512
512
512
512
512
512
512
512
512
512
512
512
Module:2	RCU:3	branch:0	card:4
512
512
512
512
512
512
512
512
512
512
512
512
512
512
512
512
512
512
512
512
512
512
512
512
512
512
512
512
512
512
512
512
Module:2	RCU:3	branch:0	card:5
512
512
512
512
512
512
512
512
512
512
512
512
512
512
512
512
512
512
512
512
512
512
512
512
512
512
512
512
512
512
512
512
Module:2	RCU:3	branch:0	card:6
512
512
512
512
512
512
512
512
512
512
512
512
512
512
512
512
512
512
512
512
512
512
512
512
512
512
512
512
512
512
512
512
Module:2	RCU:3	branch:0	card:7
512
512
512
512
512
512
512
512
512
512
512
512
512
512
512
512
512
512
512
512
512
512
512
512
512
512
512
512
512
512
512
512
Module:2	RCU:3	branch:0	card:8
512
512
512
512
512
512
512
512
512
512
512
512
512
512
512
512
512
512
512
512
512
512
512
512
512
512
512
512
512
512
512
512
Module:2	RCU:3	branch:0	card:9
1007
1007
1007
1007
1007
1007
1007
1007
1007
1007
1007
1007
1007
1007
1007
1007
1007
1007
1007
1007
1007
1007
1007
1007
1007
1007
1007
1007
1007
1007
1007
1007
Module:2	RCU:3	branch:0	card:10
512
512
512
512
512
512
512
512
512
512
512
512
512
512
512
512
512
512
512
512
512
512
512
512
512
512
512
512
512
512
512
512
Module:2	RCU:3	branch:0	card:11
512
512
512
512
512
512
512
512
512
512
512
512
512
512
512
512
512
512
512
512
512
512
512
512
512
512
512
512
512
512
512
512
Module:2	RCU:3	branch:0	card:12
806
806
806
806
806
806
806
806
806
806
806
806
806
806
806
806
806
806
806
806
806
806
806
806
806
806
806
806
806
806
806
806
Module:2	RCU:3	branch:0	card:13
512
512
512
512
512
512
512
512
512
512
512
512
512
512
512
512
512
512
512
512
512
512
512
512
512
512
512
512
512
512
512
512
Module:2	RCU:3	branch:1	card:1
1007
1007
1007
1007
1007
1007
1007
1007
1007
1007
1007
1007
1007
1007
1007
1007
1007
1007
1007
1007
1007
1007
1007
1007
1007
1007
1007
1007
1007
1007
1007
1007
Module:2	RCU:3	branch:1	card:2
512
512
512
512
512
512
512
512
512
512
512
512
512
512
512
512
512
512
512
512
512
512
512
512
512
512
512
512
512
512
512
512
Module:2	RCU:3	branch:1	card:3
450
512
512
512
512
512
512
512
512
512
512
512
512
512
512
512
512
512
512
512
512
512
512
512
512
512
512
512
512
512
512
512
Module:2	RCU:3	branch:1	card:4
512
512
512
512
512
512
512
512
512
512
512
512
512
512
512
507
512
512
512
512
512
512
512
512
512
512
512
512
512
512
512
512
Module:2	RCU:3	branch:1	card:5
1007
1007
1007
1007
1007
1007
1007
1007
1007
1007
1007
1007
1007
1007
1007
1007
1007
1007
1007
1007
1007
1007
1007
1007
1007
1007
1007
1007
1007
1007
1007
1007
Module:2	RCU:3	branch:1	card:6
993
993
993
993
993
993
993
993
993
993
993
993
993
993
993
993
993
993
993
993
993
993
993
993
993
993
993
993
993
993
993
993
Module:2	RCU:3	branch:1	card:7
512
512
512
512
512
512
512
512
512
512
512
512
512
512
512
512
512
512
488
512
512
512
512
512
512
512
512
512
512
512
512
512
Module:2	RCU:3	branch:1	card:8
993
993
993
993
993
993
993
993
993
993
993
993
993
993
993
993
993
993
993
993
993
993
993
993
993
993
993
993
993
993
993
993
Module:2	RCU:3	branch:1	card:9
512
512
512
512
512
512
512
512
512
512
512
512
512
512
512
512
512
512
512
512
512
512
512
512
512
512
512
512
512
512
512
512
Module:2	RCU:3	branch:1	card:10
806
806
806
806
806
806
806
806
806
806
806
806
806
806
806
806
806
806
806
806
806
806
806
806
806
806
806
806
806
806
806
806
Module:2	RCU:3	branch:1	card:11
512
512
512
512
512
512
512
512
512
512
512
512
512
512
512
512
512
512
512
512
512
512
512
512
512
512
512
512
512
512
512
512
Module:2	RCU:3	branch:1	card:12
512
512
512
512
512
512
512
512
512
512
512
512
512
512
512
512
512
512
512
512
512
512
512
512
512
512
512
512
512
512
512
512
Module:2	RCU:3	branch:1	card:13
512
512
512
512
512
512
512
512
512
512
512
512
512
512
512
512
512
512
512
512
512
512
512
512
512
512
512
512
512
512
512
512
