Module:1	RCU:0	branch:0	card:5
60432112
-1074532512
-1074532776
134580440
189638928
134592323
28738
7340032
7340544
6455376
32
6455326
7340032
189638928
-1074532728
134570459
189477640
75251700
60432112
-1074532512
-1074532728
74319008
75253216
134588172
-1074532712
60289772
-1074532696
134570704
134588172
189477120
512
60289772
Module:1	RCU:0	branch:0	card:6
60432112
-1074532512
-1074532776
134580440
189638928
134592323
28738
7340032
7340544
6455376
32
6455326
7340032
189638928
-1074532728
134570459
189477640
75251700
60432112
-1074532512
-1074532728
74319008
75253216
134588172
-1074532712
60289772
-1074532696
134570704
134588172
189477120
512
60289772
Module:1	RCU:0	branch:0	card:7
60432112
-1074532512
-1074532776
134580440
189638928
134592323
28738
7340032
7340544
6455376
32
6455326
7340032
189638928
-1074532728
134570459
189477640
75251700
60432112
-1074532512
-1074532728
74319008
75253216
134588172
-1074532712
60289772
-1074532696
134570704
134588172
189477120
512
60289772
Module:1	RCU:0	branch:0	card:13
60432112
-1074532512
-1074532776
134580440
189638928
134592323
28738
7340032
7340544
6455376
32
6455326
7340032
189638928
-1074532728
134570459
189477640
75251700
60432112
-1074532512
-1074532728
74319008
75253216
134588172
-1074532712
60289772
-1074532696
134570704
134588172
189477120
512
60289772
Module:1	RCU:0	branch:1	card:5
60432112
-1074532512
-1074532776
134580440
189638928
134592323
28738
7340032
7340544
6455376
32
6455326
7340032
189638928
-1074532728
134570459
189477640
75251700
60432112
-1074532512
-1074532728
74319008
75253216
134588172
-1074532712
60289772
-1074532696
134570704
134588172
189477120
512
60289772
Module:1	RCU:1	branch:0	card:5
60432112
-1074532512
-1074532776
134580440
189638928
134592323
28738
7340032
7340544
6455376
32
6455326
7340032
189638928
-1074532728
134570459
189477640
75251700
60432112
-1074532512
-1074532728
74319008
75253216
134588172
-1074532712
60289772
-1074532696
134570704
134588172
189477120
512
60289772
Module:1	RCU:1	branch:0	card:6
60432112
-1074532512
-1074532776
134580440
189638928
134592323
28738
7340032
7340544
6455376
32
6455326
7340032
189638928
-1074532728
134570459
189477640
75251700
60432112
-1074532512
-1074532728
74319008
75253216
134588172
-1074532712
60289772
-1074532696
134570704
134588172
189477120
512
60289772
Module:1	RCU:1	branch:0	card:12
60432112
-1074532512
-1074532776
134580440
189638928
134592323
28738
7340032
7340544
6455376
32
6455326
7340032
189638928
-1074532728
134570459
189477640
75251700
60432112
-1074532512
-1074532728
74319008
75253216
134588172
-1074532712
60289772
-1074532696
134570704
134588172
189477120
512
60289772
Module:1	RCU:1	branch:1	card:3
60432112
-1074532512
-1074532776
134580440
189638928
134592323
28738
7340032
7340544
6455376
32
6455326
7340032
189638928
-1074532728
134570459
189477640
75251700
60432112
-1074532512
-1074532728
74319008
75253216
134588172
-1074532712
60289772
-1074532696
134570704
134588172
189477120
512
60289772
Module:1	RCU:1	branch:1	card:5
60432112
-1074532512
-1074532776
134580440
189638928
134592323
28738
7340032
7340544
6455376
32
6455326
7340032
189638928
-1074532728
134570459
189477640
75251700
60432112
-1074532512
-1074532728
74319008
75253216
134588172
-1074532712
60289772
-1074532696
134570704
134588172
189477120
512
60289772
Module:2	RCU:0	branch:0	card:1
0
0
0
0
0
0
0
0
0
0
0
0
0
0
0
0
0
0
0
0
0
0
0
0
0
0
0
0
0
0
0
0
Module:2	RCU:0	branch:0	card:2
0
0
0
0
0
0
0
0
0
0
0
0
0
0
0
0
0
0
0
0
0
0
0
0
0
0
0
0
0
0
0
0
Module:2	RCU:0	branch:0	card:3
0
0
0
0
0
0
0
0
0
0
0
0
0
0
0
0
0
0
0
0
0
0
0
0
0
0
0
0
0
0
0
0
Module:2	RCU:0	branch:0	card:4
0
0
0
0
0
0
0
0
0
0
0
0
0
0
0
0
0
0
0
0
0
0
0
0
0
0
0
0
0
0
0
0
Module:2	RCU:0	branch:0	card:5
0
0
0
0
0
0
0
0
0
0
0
0
0
0
0
0
0
0
0
0
0
0
0
0
0
0
0
0
0
0
0
0
Module:2	RCU:0	branch:0	card:6
512
512
512
512
512
512
512
512
512
512
512
512
512
512
512
512
512
512
512
512
512
512
512
512
512
512
512
512
512
512
512
512
Module:2	RCU:0	branch:0	card:7
0
0
0
0
0
0
0
0
0
0
0
0
0
0
0
0
0
0
0
0
0
0
0
0
0
0
0
0
0
0
0
0
Module:2	RCU:0	branch:0	card:8
512
512
512
512
512
512
512
512
512
512
512
512
512
512
512
512
512
512
512
512
512
512
512
512
512
512
512
512
512
512
512
512
Module:2	RCU:0	branch:0	card:9
512
512
512
512
512
512
512
512
512
512
512
512
512
512
512
512
512
512
512
512
512
512
512
512
512
512
512
512
512
512
512
512
Module:2	RCU:0	branch:0	card:10
512
512
512
512
512
512
512
512
512
512
512
512
512
512
512
512
512
512
512
512
512
512
512
512
512
512
512
512
512
512
512
512
Module:2	RCU:0	branch:0	card:11
512
512
512
512
512
512
512
512
512
512
512
512
512
512
512
512
512
512
512
512
512
512
512
512
512
512
512
512
512
512
512
512
Module:2	RCU:0	branch:0	card:12
0
0
0
0
0
0
0
0
0
0
0
0
0
0
0
0
0
0
0
0
0
0
0
0
0
0
0
0
0
0
0
0
Module:2	RCU:0	branch:0	card:13
0
0
0
0
0
0
0
0
0
0
0
0
0
0
0
0
0
0
0
0
0
0
0
0
0
0
0
0
0
0
0
0
Module:2	RCU:0	branch:0	card:14
498
498
498
498
498
498
498
498
498
498
498
498
498
498
498
498
498
498
498
498
498
498
498
498
498
498
498
498
498
498
498
498
Module:2	RCU:0	branch:1	card:1
0
0
0
0
0
0
0
0
0
0
0
0
0
0
0
0
0
0
0
0
0
0
0
0
0
0
0
0
0
0
0
0
Module:2	RCU:0	branch:1	card:2
0
0
0
0
0
0
0
0
0
0
0
0
0
0
0
0
0
0
0
0
0
0
0
0
0
0
0
0
0
0
0
0
Module:2	RCU:0	branch:1	card:3
0
0
0
0
0
0
0
0
0
0
0
0
0
0
0
0
0
0
0
0
0
0
0
0
0
0
0
0
0
0
0
0
Module:2	RCU:0	branch:1	card:4
0
0
0
0
0
0
0
0
0
0
0
0
0
0
0
0
0
0
0
0
0
0
0
0
0
0
0
0
0
0
0
0
Module:2	RCU:0	branch:1	card:5
0
0
0
0
0
0
0
0
0
0
0
0
0
0
0
0
0
0
0
0
0
0
0
0
0
0
0
0
0
0
0
0
Module:2	RCU:0	branch:1	card:6
0
0
0
0
0
0
0
0
0
0
0
0
0
0
0
0
0
0
0
0
0
0
0
0
0
0
0
0
0
0
0
0
Module:2	RCU:0	branch:1	card:7
0
0
0
0
0
0
0
0
0
0
0
0
0
0
0
0
0
0
0
0
0
0
0
0
0
0
0
0
0
0
0
0
Module:2	RCU:0	branch:1	card:8
0
0
0
0
0
0
0
0
0
0
0
0
0
0
0
0
0
0
0
0
0
0
0
0
0
0
0
0
0
0
0
0
Module:2	RCU:0	branch:1	card:9
0
0
0
0
0
0
0
0
0
0
0
0
0
0
0
0
0
0
0
0
0
0
0
0
0
0
0
0
0
0
0
0
Module:2	RCU:0	branch:1	card:10
0
0
0
0
0
0
0
0
0
0
0
0
0
0
0
0
0
0
0
0
0
0
0
0
0
0
0
0
0
0
0
0
Module:2	RCU:0	branch:1	card:11
0
0
0
0
0
0
0
0
0
0
0
0
0
0
0
0
0
0
0
0
0
0
0
0
0
0
0
0
0
0
0
0
Module:2	RCU:0	branch:1	card:12
0
0
0
0
0
0
0
0
0
0
0
0
0
0
0
0
0
0
0
0
0
0
0
0
0
0
0
0
0
0
0
0
Module:2	RCU:0	branch:1	card:13
0
0
0
0
0
0
0
0
0
0
0
0
0
0
0
0
0
0
0
0
0
0
0
0
0
0
0
0
0
0
0
0
Module:2	RCU:0	branch:1	card:14
0
0
0
0
0
0
0
0
0
0
0
0
0
0
0
0
0
0
0
0
0
0
0
0
0
0
0
0
0
0
0
0
Module:2	RCU:1	branch:0	card:1
0
0
0
0
0
0
0
0
0
0
0
0
0
0
0
0
0
0
0
0
0
0
0
0
0
0
0
0
0
0
0
0
Module:2	RCU:1	branch:0	card:2
0
0
0
0
0
0
0
0
0
0
0
0
0
0
0
0
0
0
0
0
0
0
0
0
0
0
0
0
0
0
0
0
Module:2	RCU:1	branch:0	card:3
0
0
0
0
0
0
0
0
0
0
0
0
0
0
0
0
0
0
0
0
0
0
0
0
0
0
0
0
0
0
0
0
Module:2	RCU:1	branch:0	card:4
0
0
0
0
0
0
0
0
0
0
0
0
0
0
0
0
0
0
0
0
0
0
0
0
0
0
0
0
0
0
0
0
Module:2	RCU:1	branch:0	card:5
0
0
0
0
0
0
0
0
0
0
0
0
0
0
0
0
0
0
0
0
0
0
0
0
0
0
0
0
0
0
0
0
Module:2	RCU:1	branch:0	card:6
0
0
0
0
0
0
0
0
0
0
0
0
0
0
0
0
0
0
0
0
0
0
0
0
0
0
0
0
0
0
0
0
Module:2	RCU:1	branch:0	card:7
0
0
0
0
0
0
0
0
0
0
0
0
0
0
0
0
0
0
0
0
0
0
0
0
0
0
0
0
0
0
0
0
Module:2	RCU:1	branch:0	card:8
0
0
0
0
0
0
0
0
0
0
0
0
0
0
0
0
0
0
0
0
0
0
0
0
0
0
0
0
0
0
0
0
Module:2	RCU:1	branch:0	card:9
0
0
0
0
0
0
0
0
0
0
0
0
0
0
0
0
0
0
0
0
0
0
0
0
0
0
0
0
0
0
0
0
Module:2	RCU:1	branch:0	card:10
0
0
0
0
0
0
0
0
0
0
0
0
0
0
0
0
0
0
0
0
0
0
0
0
0
0
0
0
0
0
0
0
Module:2	RCU:1	branch:0	card:11
0
0
0
0
0
0
0
0
0
0
0
0
0
0
0
0
0
0
0
0
0
0
0
0
0
0
0
0
0
0
0
0
Module:2	RCU:1	branch:0	card:12
0
0
0
0
0
0
0
0
0
0
0
0
0
0
0
0
0
0
0
0
0
0
0
0
0
0
0
0
0
0
0
0
Module:2	RCU:1	branch:0	card:13
0
0
0
0
0
0
0
0
0
0
0
0
0
0
0
0
0
0
0
0
0
0
0
0
0
0
0
0
0
0
0
0
Module:2	RCU:1	branch:1	card:1
0
0
0
0
0
0
0
0
0
0
0
0
0
0
0
0
0
0
0
0
0
0
0
0
0
0
0
0
0
0
0
0
Module:2	RCU:1	branch:1	card:2
0
0
0
0
0
0
0
0
0
0
0
0
0
0
0
0
0
0
0
0
0
0
0
0
0
0
0
0
0
0
0
0
Module:2	RCU:1	branch:1	card:3
0
0
0
0
0
0
0
0
0
0
0
0
0
0
0
0
0
0
0
0
0
0
0
0
0
0
0
0
0
0
0
0
Module:2	RCU:1	branch:1	card:4
0
0
0
0
0
0
0
0
0
0
0
0
0
0
0
0
0
0
0
0
0
0
0
0
0
0
0
0
0
0
0
0
Module:2	RCU:1	branch:1	card:5
0
0
0
0
0
0
0
0
0
0
0
0
0
0
0
0
0
0
0
0
0
0
0
0
0
0
0
0
0
0
0
0
Module:2	RCU:1	branch:1	card:6
0
0
0
0
0
0
0
0
0
0
0
0
0
0
0
0
0
0
0
0
0
0
0
0
0
0
0
0
0
0
0
0
Module:2	RCU:1	branch:1	card:7
0
0
0
0
0
0
0
0
0
0
0
0
0
0
0
0
0
0
0
0
0
0
0
0
0
0
0
0
0
0
0
0
Module:2	RCU:1	branch:1	card:8
0
0
0
0
0
0
0
0
0
0
0
0
0
0
0
0
0
0
0
0
0
0
0
0
0
0
0
0
0
0
0
0
Module:2	RCU:1	branch:1	card:9
0
0
0
0
0
0
0
0
0
0
0
0
0
0
0
0
0
0
0
0
0
0
0
0
0
0
0
0
0
0
0
0
Module:2	RCU:1	branch:1	card:10
0
0
0
0
0
0
0
0
0
0
0
0
0
0
0
0
0
0
0
0
0
0
0
0
0
0
0
0
0
0
0
0
Module:2	RCU:1	branch:1	card:11
0
0
0
0
0
0
0
0
0
0
0
0
0
0
0
0
0
0
0
0
0
0
0
0
0
0
0
0
0
0
0
0
Module:2	RCU:1	branch:1	card:12
0
0
0
0
0
0
0
0
0
0
0
0
0
0
0
0
0
0
0
0
0
0
0
0
0
0
0
0
0
0
0
0
Module:2	RCU:1	branch:1	card:13
0
0
0
0
0
0
0
0
0
0
0
0
0
0
0
0
0
0
0
0
0
0
0
0
0
0
0
0
0
0
0
0
Module:2	RCU:1	branch:1	card:14
0
0
0
0
0
0
0
0
0
0
0
0
0
0
0
0
0
0
0
0
0
0
0
0
0
0
0
0
0
0
0
0
Module:2	RCU:2	branch:0	card:1
0
0
0
0
0
0
0
0
0
0
0
0
0
0
0
0
0
0
0
0
0
0
0
0
0
0
0
0
0
0
0
0
Module:2	RCU:2	branch:0	card:2
0
0
0
0
0
0
0
0
0
0
0
0
0
0
0
0
0
0
0
0
0
0
0
0
0
0
0
0
0
0
0
0
Module:2	RCU:2	branch:0	card:3
0
0
0
0
0
0
0
0
0
0
0
0
0
0
0
0
0
0
0
0
0
0
0
0
0
0
0
0
0
0
0
0
Module:2	RCU:2	branch:0	card:4
0
0
0
0
0
0
0
0
0
0
0
0
0
0
0
0
0
0
0
0
0
0
0
0
0
0
0
0
0
0
0
0
Module:2	RCU:2	branch:0	card:5
0
0
0
0
0
0
0
0
0
0
0
0
0
0
0
0
0
0
0
0
0
0
0
0
0
0
0
0
0
0
0
0
Module:2	RCU:2	branch:0	card:6
0
0
0
0
0
0
0
0
0
0
0
0
0
0
0
0
0
0
0
0
0
0
0
0
0
0
0
0
0
0
0
0
Module:2	RCU:2	branch:0	card:7
0
0
0
0
0
0
0
0
0
0
0
0
0
0
0
0
0
0
0
0
0
0
0
0
0
0
0
0
0
0
0
0
Module:2	RCU:2	branch:0	card:8
0
0
0
0
0
0
0
0
0
0
0
0
0
0
0
0
0
0
0
0
0
0
0
0
0
0
0
0
0
0
0
0
Module:2	RCU:2	branch:0	card:9
0
0
0
0
0
0
0
0
0
0
0
0
0
0
0
0
0
0
0
0
0
0
0
0
0
0
0
0
0
0
0
0
Module:2	RCU:2	branch:0	card:10
0
0
0
0
0
0
0
0
0
0
0
0
0
0
0
0
0
0
0
0
0
0
0
0
0
0
0
0
0
0
0
0
Module:2	RCU:2	branch:0	card:11
0
0
0
0
0
0
0
0
0
0
0
0
0
0
0
0
0
0
0
0
0
0
0
0
0
0
0
0
0
0
0
0
Module:2	RCU:2	branch:0	card:12
0
0
0
0
0
0
0
0
0
0
0
0
0
0
0
0
0
0
0
0
0
0
0
0
0
0
0
0
0
0
0
0
Module:2	RCU:2	branch:0	card:13
0
0
0
0
0
0
0
0
0
0
0
0
0
0
0
0
0
0
0
0
0
0
0
0
0
0
0
0
0
0
0
0
Module:2	RCU:2	branch:0	card:14
0
0
0
0
0
0
0
0
0
0
0
0
0
0
0
0
0
0
0
0
0
0
0
0
0
0
0
0
0
0
0
0
Module:2	RCU:2	branch:1	card:1
0
0
0
0
0
0
0
0
0
0
0
0
0
0
0
0
0
0
0
0
0
0
0
0
0
0
0
0
0
0
0
0
Module:2	RCU:2	branch:1	card:2
0
0
0
0
0
0
0
0
0
0
0
0
0
0
0
0
0
0
0
0
0
0
0
0
0
0
0
0
0
0
0
0
Module:2	RCU:2	branch:1	card:3
0
0
0
0
0
0
0
0
0
0
0
0
0
0
0
0
0
0
0
0
0
0
0
0
0
0
0
0
0
0
0
0
Module:2	RCU:2	branch:1	card:4
0
0
0
0
0
0
0
0
0
0
0
0
0
0
0
0
0
0
0
0
0
0
0
0
0
0
0
0
0
0
0
0
Module:2	RCU:2	branch:1	card:5
0
0
0
0
0
0
0
0
0
0
0
0
0
0
0
0
0
0
0
0
0
0
0
0
0
0
0
0
0
0
0
0
Module:2	RCU:2	branch:1	card:6
0
0
0
0
0
0
0
0
0
0
0
0
0
0
0
0
0
0
0
0
0
0
0
0
0
0
0
0
0
0
0
0
Module:2	RCU:2	branch:1	card:7
0
0
0
0
0
0
0
0
0
0
0
0
0
0
0
0
0
0
0
0
0
0
0
0
0
0
0
0
0
0
0
0
Module:2	RCU:2	branch:1	card:8
0
0
0
0
0
0
0
0
0
0
0
0
0
0
0
0
0
0
0
0
0
0
0
0
0
0
0
0
0
0
0
0
Module:2	RCU:2	branch:1	card:9
0
0
0
0
0
0
0
0
0
0
0
0
0
0
0
0
0
0
0
0
0
0
0
0
0
0
0
0
0
0
0
0
Module:2	RCU:2	branch:1	card:10
0
0
0
0
0
0
0
0
0
0
0
0
0
0
0
0
0
0
0
0
0
0
0
0
0
0
0
0
0
0
0
0
Module:2	RCU:2	branch:1	card:11
0
0
0
0
0
0
0
0
0
0
0
0
0
0
0
0
0
0
0
0
0
0
0
0
0
0
0
0
0
0
0
0
Module:2	RCU:2	branch:1	card:12
0
0
0
0
0
0
0
0
0
0
0
0
0
0
0
0
0
0
0
0
0
0
0
0
0
0
0
0
0
0
0
0
Module:2	RCU:2	branch:1	card:13
0
0
0
0
0
0
0
0
0
0
0
0
0
0
0
0
0
0
0
0
0
0
0
0
0
0
0
0
0
0
0
0
Module:2	RCU:2	branch:1	card:14
0
0
0
0
0
0
0
0
0
0
0
0
0
0
0
0
0
0
0
0
0
0
0
0
0
0
0
0
0
0
0
0
Module:2	RCU:3	branch:0	card:1
0
0
0
0
0
0
0
0
0
0
0
0
0
0
0
0
0
0
0
0
0
0
0
0
0
0
0
0
0
0
0
0
Module:2	RCU:3	branch:0	card:2
0
0
0
0
0
0
0
0
0
0
0
0
0
0
0
0
0
0
0
0
0
0
0
0
0
0
0
0
0
0
0
0
Module:2	RCU:3	branch:0	card:3
0
0
0
0
0
0
0
0
0
0
0
0
0
0
0
0
0
0
0
0
0
0
0
0
0
0
0
0
0
0
0
0
Module:2	RCU:3	branch:0	card:4
0
0
0
0
0
0
0
0
0
0
0
0
0
0
0
0
0
0
0
0
0
0
0
0
0
0
0
0
0
0
0
0
Module:2	RCU:3	branch:0	card:5
0
0
0
0
0
0
0
0
0
0
0
0
0
0
0
0
0
0
0
0
0
0
0
0
0
0
0
0
0
0
0
0
Module:2	RCU:3	branch:0	card:6
0
0
0
0
0
0
0
0
0
0
0
0
0
0
0
0
0
0
0
0
0
0
0
0
0
0
0
0
0
0
0
0
Module:2	RCU:3	branch:0	card:7
0
0
0
0
0
0
0
0
0
0
0
0
0
0
0
0
0
0
0
0
0
0
0
0
0
0
0
0
0
0
0
0
Module:2	RCU:3	branch:0	card:8
0
0
0
0
0
0
0
0
0
0
0
0
0
0
0
0
0
0
0
0
0
0
0
0
0
0
0
0
0
0
0
0
Module:2	RCU:3	branch:0	card:9
0
0
0
0
0
0
0
0
0
0
0
0
0
0
0
0
0
0
0
0
0
0
0
0
0
0
0
0
0
0
0
0
Module:2	RCU:3	branch:0	card:10
0
0
0
0
0
0
0
0
0
0
0
0
0
0
0
0
0
0
0
0
0
0
0
0
0
0
0
0
0
0
0
0
Module:2	RCU:3	branch:0	card:11
0
0
0
0
0
0
0
0
0
0
0
0
0
0
0
0
0
0
0
0
0
0
0
0
0
0
0
0
0
0
0
0
Module:2	RCU:3	branch:0	card:12
0
0
0
0
0
0
0
0
0
0
0
0
0
0
0
0
0
0
0
0
0
0
0
0
0
0
0
0
0
0
0
0
Module:2	RCU:3	branch:0	card:13
0
0
0
0
0
0
0
0
0
0
0
0
0
0
0
0
0
0
0
0
0
0
0
0
0
0
0
0
0
0
0
0
Module:2	RCU:3	branch:0	card:14
0
0
0
0
0
0
0
0
0
0
0
0
0
0
0
0
0
0
0
0
0
0
0
0
0
0
0
0
0
0
0
0
Module:2	RCU:3	branch:1	card:1
0
0
0
0
0
0
0
0
0
0
0
0
0
0
0
0
0
0
0
0
0
0
0
0
0
0
0
0
0
0
0
0
Module:2	RCU:3	branch:1	card:2
0
0
0
0
0
0
0
0
0
0
0
0
0
0
0
0
0
0
0
0
0
0
0
0
0
0
0
0
0
0
0
0
Module:2	RCU:3	branch:1	card:3
0
0
0
0
0
0
0
0
0
0
0
0
0
0
0
0
0
0
0
0
0
0
0
0
0
0
0
0
0
0
0
0
Module:2	RCU:3	branch:1	card:4
0
0
0
0
0
0
0
0
0
0
0
0
0
0
0
0
0
0
0
0
0
0
0
0
0
0
0
0
0
0
0
0
Module:2	RCU:3	branch:1	card:5
0
0
0
0
0
0
0
0
0
0
0
0
0
0
0
0
0
0
0
0
0
0
0
0
0
0
0
0
0
0
0
0
Module:2	RCU:3	branch:1	card:6
0
0
0
0
0
0
0
0
0
0
0
0
0
0
0
0
0
0
0
0
0
0
0
0
0
0
0
0
0
0
0
0
Module:2	RCU:3	branch:1	card:7
0
0
0
0
0
0
0
0
0
0
0
0
0
0
0
0
0
0
0
0
0
0
0
0
0
0
0
0
0
0
0
0
Module:2	RCU:3	branch:1	card:8
0
0
0
0
0
0
0
0
0
0
0
0
0
0
0
0
0
0
0
0
0
0
0
0
0
0
0
0
0
0
0
0
Module:2	RCU:3	branch:1	card:9
0
0
0
0
0
0
0
0
0
0
0
0
0
0
0
0
0
0
0
0
0
0
0
0
0
0
0
0
0
0
0
0
Module:2	RCU:3	branch:1	card:10
0
0
0
0
0
0
0
0
0
0
0
0
0
0
0
0
0
0
0
0
0
0
0
0
0
0
0
0
0
0
0
0
Module:2	RCU:3	branch:1	card:11
0
0
0
0
0
0
0
0
0
0
0
0
0
0
0
0
0
0
0
0
0
0
0
0
0
0
0
0
0
0
0
0
Module:2	RCU:3	branch:1	card:12
0
0
0
0
0
0
0
0
0
0
0
0
0
0
0
0
0
0
0
0
0
0
0
0
0
0
0
0
0
0
0
0
Module:2	RCU:3	branch:1	card:13
512
512
512
512
512
512
512
512
512
512
512
512
512
512
512
512
512
512
512
512
512
512
512
512
512
512
512
512
512
512
512
512
Module:2	RCU:3	branch:1	card:14
497
497
497
497
497
497
497
497
497
497
497
497
497
497
497
497
497
497
497
497
497
497
497
497
497
497
497
497
497
497
497
497
