Module:2	RCU:3	branch:1	card:14
1023
861
850
891
893
1023
739
1023
736
839
676
847
680
928
685
949
728
828
726
838
680
837
738
846
713
839
668
866
458
1023
469
1023
Module:2	RCU:3	branch:1	card:13
837
855
818
840
914
882
558
621
591
623
611
625
639
625
528
624
659
656
715
757
693
706
688
723
648
716
739
701
746
685
708
725
Module:2	RCU:3	branch:1	card:12
587
639
604
632
603
962
585
562
578
569
576
580
578
526
583
527
622
637
637
613
631
673
658
736
610
743
630
485
591
674
615
673
Module:2	RCU:3	branch:1	card:11
614
553
651
547
641
546
631
547
631
550
641
556
651
567
669
574
578
614
598
607
583
480
608
598
593
602
631
616
623
590
621
625
Module:2	RCU:3	branch:1	card:10
510
669
660
667
656
710
656
700
624
700
673
708
691
713
681
650
527
571
531
554
534
561
540
553
536
556
544
543
568
555
568
573
Module:2	RCU:3	branch:1	card:9
822
532
825
523
777
577
788
499
796
493
798
500
785
516
813
486
527
651
631
596
622
651
639
636
628
483
634
511
657
516
638
506
Module:2	RCU:3	branch:1	card:8
673
740
726
745
728
750
741
773
751
818
776
817
769
788
715
791
514
542
652
541
606
507
573
591
553
617
552
591
510
569
571
584
Module:2	RCU:3	branch:1	card:7
722
729
703
753
685
692
677
686
686
741
713
730
706
752
753
756
608
556
581
516
555
502
660
720
523
573
526
566
613
540
571
537
Module:2	RCU:3	branch:1	card:6
646
612
614
685
643
697
621
678
741
681
603
678
606
708
639
704
766
526
742
483
751
596
605
603
591
529
565
533
574
536
533
481
Module:2	RCU:3	branch:1	card:5
564
693
565
661
570
668
596
538
483
632
483
616
529
608
529
607
703
738
736
783
743
760
716
751
781
756
752
756
721
780
749
771
Module:2	RCU:3	branch:1	card:4
616
723
620
704
631
668
652
658
678
645
686
560
655
569
690
568
670
650
683
771
711
758
733
733
673
767
599
768
776
681
732
722
Module:2	RCU:3	branch:1	card:3
495
756
544
774
505
733
665
723
702
628
727
731
745
739
741
580
652
685
663
606
711
701
698
687
690
686
699
636
678
690
633
700
Module:2	RCU:3	branch:1	card:2
1006
739
658
623
658
574
651
626
636
625
580
547
593
515
609
503
576
603
588
666
578
626
571
579
598
640
615
718
654
673
616
663
Module:2	RCU:3	branch:1	card:1
594
587
518
622
550
611
559
601
561
512
588
547
596
549
588
554
776
680
781
754
646
744
725
681
736
751
661
665
731
546
776
585
Module:2	RCU:3	branch:0	card:14
744
801
944
877
832
970
841
970
800
966
443
931
831
833
776
819
946
974
880
973
885
942
929
1005
952
1023
986
1023
999
1018
941
999
Module:2	RCU:3	branch:0	card:13
565
624
730
551
735
518
683
565
691
531
715
797
559
795
610
773
650
705
708
838
693
853
837
758
816
721
754
739
637
707
620
713
Module:2	RCU:3	branch:0	card:12
532
648
685
643
563
701
546
691
654
597
519
795
687
722
545
720
706
805
675
716
763
746
756
731
723
637
718
787
795
711
824
680
Module:2	RCU:3	branch:0	card:11
579
600
610
563
588
657
511
641
580
577
631
654
598
557
628
542
761
784
851
843
853
750
728
721
713
706
681
670
717
820
774
691
Module:2	RCU:3	branch:0	card:10
800
600
738
765
702
677
586
661
678
640
666
575
672
612
831
605
733
604
583
740
673
711
751
803
718
720
716
697
606
692
668
787
Module:2	RCU:3	branch:0	card:9
601
815
666
644
594
868
549
838
693
760
577
862
823
573
697
684
713
689
676
683
704
695
605
653
694
675
765
775
770
779
697
631
Module:2	RCU:3	branch:0	card:8
631
561
707
560
702
603
745
492
651
585
559
615
640
630
646
625
699
690
612
717
577
726
716
677
674
668
693
672
585
611
598
601
Module:2	RCU:3	branch:0	card:7
750
697
717
708
780
803
781
774
685
680
680
621
642
632
643
719
575
612
615
514
676
645
576
616
591
732
549
781
590
742
585
643
Module:2	RCU:3	branch:0	card:6
591
704
655
728
658
709
789
753
781
730
755
665
761
740
746
690
640
554
564
569
501
629
631
501
558
512
631
550
507
487
513
580
Module:2	RCU:3	branch:0	card:5
539
593
666
583
669
651
549
647
695
612
597
627
693
606
665
639
661
620
651
624
517
636
713
627
615
619
606
618
594
628
599
535
Module:2	RCU:3	branch:0	card:4
789
751
735
730
722
727
713
644
715
713
835
668
818
652
814
552
698
717
687
707
689
739
669
711
704
640
722
686
726
668
712
667
Module:2	RCU:3	branch:0	card:3
828
790
755
781
751
726
789
719
729
741
639
705
797
814
768
602
707
680
705
683
723
697
735
681
748
678
756
702
740
711
736
699
Module:2	RCU:3	branch:0	card:2
811
749
628
827
835
743
832
738
770
719
748
734
746
721
757
789
644
615
651
596
590
717
730
643
619
726
616
728
632
715
633
725
Module:2	RCU:3	branch:0	card:1
654
943
652
1023
573
757
586
776
653
786
640
759
649
751
542
754
542
917
551
628
555
529
553
781
543
732
553
581
578
600
635
922
Module:2	RCU:2	branch:1	card:14
579
705
638
698
646
695
664
685
668
660
669
638
673
592
718
584
570
518
596
538
537
779
518
660
790
796
641
654
581
626
580
637
Module:2	RCU:2	branch:1	card:13
508
785
567
745
556
766
715
759
722
753
726
747
730
752
746
764
500
518
499
515
598
586
613
613
734
750
768
588
572
578
550
539
Module:2	RCU:2	branch:1	card:12
622
604
561
628
640
666
636
523
628
513
616
508
570
507
612
505
768
557
511
503
498
616
773
787
606
560
553
493
568
488
771
758
Module:2	RCU:2	branch:1	card:11
797
584
568
536
565
535
566
538
591
540
599
541
595
544
575
551
623
623
616
676
618
678
663
686
635
595
659
743
676
571
667
771
Module:2	RCU:2	branch:1	card:10
856
770
873
763
834
781
835
778
831
775
830
769
826
765
691
766
621
602
628
631
476
623
588
661
598
643
611
649
583
641
610
658
Module:2	RCU:2	branch:1	card:9
663
769
503
809
513
818
525
820
529
820
524
820
798
818
789
815
550
575
574
564
570
557
584
546
576
565
593
571
586
763
595
578
Module:2	RCU:2	branch:1	card:8
1023
1023
1023
1023
1023
1023
800
593
692
603
707
613
573
617
573
615
649
524
491
556
483
543
511
525
503
563
540
573
536
580
556
555
Module:2	RCU:2	branch:1	card:7
711
739
715
743
743
733
746
733
738
725
738
716
743
706
752
793
763
675
653
651
621
614
583
678
718
647
646
616
643
614
646
679
Module:2	RCU:2	branch:1	card:6
680
684
653
706
648
760
636
759
633
616
628
636
678
648
677
656
759
616
753
616
755
704
617
701
617
754
701
611
701
619
673
701
Module:2	RCU:2	branch:1	card:5
675
706
730
686
506
703
664
668
650
678
666
689
686
688
692
675
813
746
815
753
541
725
669
726
603
728
598
753
608
722
475
758
Module:2	RCU:2	branch:1	card:4
494
761
740
782
716
775
707
767
658
771
743
777
749
652
756
634
591
786
591
791
588
789
590
781
792
816
791
798
786
817
788
818
Module:2	RCU:2	branch:1	card:3
576
582
513
543
503
587
531
587
551
582
557
575
554
566
552
726
613
555
586
551
576
561
652
558
526
561
525
563
521
555
510
589
Module:2	RCU:2	branch:1	card:2
714
672
722
606
683
665
678
709
711
624
693
615
641
597
649
628
565
682
651
661
620
592
606
558
671
616
661
656
600
589
523
571
Module:2	RCU:2	branch:1	card:1
1023
1023
1023
1023
736
686
656
691
694
709
706
673
713
721
711
737
865
643
673
611
680
593
762
568
735
642
486
644
585
611
566
603
Module:2	RCU:2	branch:0	card:14
625
701
548
608
696
632
676
593
611
594
623
671
584
690
703
618
673
628
673
631
666
582
658
578
623
573
626
571
628
570
628
567
Module:2	RCU:2	branch:0	card:13
741
607
703
620
641
712
682
711
654
628
700
644
677
623
640
665
528
747
761
769
756
768
727
662
736
655
754
633
534
652
735
648
Module:2	RCU:2	branch:0	card:12
751
773
766
718
758
672
885
712
759
709
727
802
816
763
780
747
714
520
695
539
690
531
562
531
566
554
602
772
594
759
579
749
Module:2	RCU:2	branch:0	card:11
766
704
828
762
794
740
800
771
768
817
784
812
809
742
809
710
715
712
728
737
749
720
743
704
750
721
761
728
729
584
739
607
Module:2	RCU:2	branch:0	card:10
695
629
668
650
574
750
602
745
676
824
667
786
645
790
661
729
723
667
698
699
692
708
704
699
732
730
714
685
690
713
687
673
Module:2	RCU:2	branch:0	card:9
791
684
780
754
852
655
870
730
803
654
798
737
740
683
672
730
701
691
701
710
697
718
720
622
717
614
623
608
627
609
644
617
Module:2	RCU:2	branch:0	card:8
780
871
799
753
710
693
729
761
808
846
794
762
772
685
773
686
749
660
678
680
709
684
758
752
725
656
737
663
675
655
670
643
Module:2	RCU:2	branch:0	card:7
748
742
714
739
819
801
812
808
830
750
793
500
804
792
789
794
634
517
595
507
612
703
500
686
538
676
540
680
698
740
487
723
Module:2	RCU:2	branch:0	card:6
780
810
719
796
692
726
726
592
728
802
794
838
793
864
854
809
767
624
807
662
790
679
788
640
701
716
648
656
555
600
676
643
Module:2	RCU:2	branch:0	card:5
823
710
793
754
795
675
657
702
701
733
757
749
760
755
664
629
831
771
744
762
731
755
718
759
755
732
762
750
751
748
759
782
Module:2	RCU:2	branch:0	card:4
851
807
921
795
820
774
813
827
817
860
832
877
847
883
834
830
672
809
906
815
890
807
797
790
785
785
776
778
798
810
832
804
Module:2	RCU:2	branch:0	card:3
932
853
907
849
875
880
882
857
874
860
906
811
859
837
880
866
840
804
861
832
853
842
882
858
846
853
864
893
892
896
870
890
Module:2	RCU:2	branch:0	card:2
681
903
702
885
654
900
697
904
610
891
590
888
717
849
709
866
646
637
693
693
709
685
694
711
720
691
711
683
710
683
718
683
Module:2	RCU:2	branch:0	card:1
630
634
688
697
415
599
654
458
639
412
658
783
616
691
535
663
530
704
471
572
564
524
578
484
551
648
533
521
486
406
608
683
Module:2	RCU:1	branch:1	card:14
566
891
585
969
623
979
651
895
883
895
886
945
960
1016
868
887
974
1001
1023
950
1023
1023
1015
964
1023
1023
1023
1023
1023
1023
867
1023
Module:2	RCU:1	branch:1	card:13
666
692
845
775
828
812
753
783
722
654
652
879
646
744
725
877
617
794
630
834
818
671
800
697
704
611
713
781
596
804
661
808
Module:2	RCU:1	branch:1	card:12
600
747
688
773
776
875
896
713
789
751
669
705
648
714
694
702
758
727
723
713
743
734
817
738
784
764
701
728
711
550
801
577
Module:2	RCU:1	branch:1	card:11
756
801
781
683
673
678
723
665
785
736
816
709
801
690
702
664
758
596
645
769
814
843
805
788
786
750
812
768
776
846
765
774
Module:2	RCU:1	branch:1	card:10
662
713
805
805
824
826
807
756
822
668
786
750
792
834
698
756
662
773
803
737
753
847
757
658
642
808
653
717
649
601
775
690
Module:2	RCU:1	branch:1	card:9
873
865
781
775
796
863
841
855
847
825
858
692
833
713
844
806
660
814
661
735
770
743
887
821
841
812
618
669
825
706
796
571
Module:2	RCU:1	branch:1	card:8
718
878
701
850
729
850
712
812
737
835
757
822
762
916
651
866
690
640
609
616
656
695
671
701
660
643
691
706
695
641
676
722
Module:2	RCU:1	branch:1	card:7
615
666
614
582
630
582
561
593
611
586
749
590
587
584
609
614
697
694
682
646
651
709
679
716
671
639
721
652
703
658
646
779
Module:2	RCU:1	branch:1	card:6
621
693
682
687
558
697
553
701
690
760
618
750
562
756
695
727
789
752
777
747
795
762
802
753
829
755
808
693
817
684
779
663
Module:2	RCU:1	branch:1	card:5
650
705
656
698
679
616
671
618
711
588
686
597
777
603
784
614
740
609
777
629
746
765
711
744
766
736
658
733
598
777
617
764
Module:2	RCU:1	branch:1	card:4
679
745
666
661
675
668
713
636
760
678
828
659
784
667
727
685
866
792
718
805
736
767
735
791
734
785
753
785
804
760
802
789
Module:2	RCU:1	branch:1	card:3
636
670
656
636
697
685
701
506
682
584
664
526
709
558
730
556
667
858
790
845
808
838
822
862
827
828
819
837
844
851
852
854
Module:2	RCU:1	branch:1	card:2
683
708
671
628
616
643
665
653
751
676
744
651
775
731
707
673
719
636
699
661
691
656
710
686
697
672
685
681
710
671
630
695
Module:2	RCU:1	branch:1	card:1
743
616
618
610
765
788
758
771
710
706
719
780
753
673
688
634
728
788
649
692
740
700
733
698
774
624
753
707
766
697
658
747
Module:2	RCU:1	branch:0	card:14
708
973
476
1023
700
995
669
1021
568
1023
766
1023
506
834
457
964
708
957
700
959
678
995
696
1023
701
1023
720
1023
712
934
609
1004
Module:2	RCU:1	branch:0	card:13
621
698
561
685
627
756
691
526
758
626
732
771
551
533
515
695
646
618
643
581
654
625
652
701
643
706
622
578
617
706
615
586
Module:2	RCU:1	branch:0	card:12
678
518
662
633
705
632
708
658
721
573
718
668
719
668
598
590
746
775
744
780
743
785
741
780
738
761
649
809
652
573
771
645
Module:2	RCU:1	branch:0	card:11
681
726
736
756
725
750
741
766
746
766
587
658
729
676
748
696
785
707
788
711
791
715
798
721
804
831
808
823
727
758
713
748
Module:2	RCU:1	branch:0	card:10
605
785
583
755
746
793
786
788
786
798
776
711
782
716
766
701
846
766
851
766
843
762
846
756
843
750
841
730
768
767
766
777
Module:2	RCU:1	branch:0	card:9
598
560
599
623
590
653
573
554
622
516
618
550
598
586
827
561
678
813
681
806
686
796
691
775
831
805
824
832
817
836
814
841
Module:2	RCU:1	branch:0	card:8
488
661
700
554
666
558
661
488
720
501
723
471
705
646
666
631
648
693
721
693
718
606
719
689
581
555
610
738
618
661
693
675
Module:2	RCU:1	branch:0	card:7
716
696
695
746
741
533
735
636
715
633
742
711
760
715
735
732
577
656
583
623
678
629
676
633
667
638
661
638
663
637
663
642
Module:2	RCU:1	branch:0	card:6
663
740
728
736
702
686
730
676
723
711
678
671
671
686
666
693
808
574
796
611
621
610
612
611
608
543
601
544
582
533
578
546
Module:2	RCU:1	branch:0	card:5
613
698
671
631
683
656
693
686
695
715
656
711
699
693
646
655
821
726
824
739
826
762
806
776
745
773
811
792
818
783
822
778
Module:2	RCU:1	branch:0	card:4
651
524
638
525
643
552
669
556
660
578
666
551
484
588
505
588
831
743
832
797
783
792
772
789
850
811
840
808
836
817
753
816
Module:2	RCU:1	branch:0	card:3
721
755
711
749
718
753
705
600
676
578
713
603
740
638
753
643
725
658
776
693
778
835
754
823
646
835
622
761
676
837
669
818
Module:2	RCU:1	branch:0	card:2
535
556
697
571
563
574
540
550
560
488
462
689
671
716
554
690
756
686
774
695
769
678
752
683
701
715
718
699
725
711
746
748
Module:2	RCU:1	branch:0	card:1
665
481
651
776
662
600
655
513
733
556
663
648
661
585
658
648
555
771
771
766
785
771
796
772
811
748
806
759
757
766
751
691
Module:2	RCU:0	branch:1	card:14
720
741
716
762
591
743
1023
1023
1023
969
1023
1023
1020
1023
1023
1023
999
975
1023
1023
698
1023
1023
775
940
1023
1023
969
1011
1023
1017
1023
Module:2	RCU:0	branch:1	card:13
753
695
736
767
808
800
1023
1023
1023
1023
732
961
742
583
851
1023
790
1023
799
1023
753
948
761
1023
734
647
698
1023
806
679
798
1023
Module:2	RCU:0	branch:1	card:12
798
701
796
726
682
716
1023
1023
673
716
736
752
730
735
649
761
579
772
557
811
653
761
600
807
607
774
787
769
728
752
738
761
Module:2	RCU:0	branch:1	card:11
738
751
803
775
625
773
628
795
653
774
823
680
799
802
777
743
691
741
708
686
625
636
735
687
655
780
694
759
681
625
673
664
Module:2	RCU:0	branch:1	card:10
886
847
790
780
823
808
712
622
778
857
783
803
874
810
789
809
721
724
794
718
804
628
645
627
651
668
744
618
732
625
647
662
Module:2	RCU:0	branch:1	card:9
835
796
648
887
781
738
626
825
784
814
826
648
804
893
784
792
569
677
557
675
560
678
641
683
725
738
692
711
721
731
707
707
Module:2	RCU:0	branch:1	card:8
622
658
683
863
668
870
696
753
708
776
693
614
652
797
883
823
548
512
568
653
539
651
661
684
652
495
492
499
541
497
541
535
Module:2	RCU:0	branch:1	card:7
736
678
668
643
713
713
671
688
837
663
674
683
731
855
713
875
568
648
584
543
634
583
624
571
537
564
576
667
570
656
609
628
Module:2	RCU:0	branch:1	card:6
790
730
800
718
815
722
814
832
732
739
728
719
735
754
752
761
530
510
536
554
554
538
537
613
546
593
581
578
603
534
598
553
Module:2	RCU:0	branch:1	card:5
603
888
633
878
648
869
646
856
662
927
669
898
646
891
652
828
670
583
662
583
703
632
638
590
648
608
649
507
647
517
566
515
Module:2	RCU:0	branch:1	card:4
681
566
866
843
836
586
655
598
898
607
687
613
606
635
603
632
644
639
628
594
664
685
704
577
670
584
710
665
675
688
659
646
Module:2	RCU:0	branch:1	card:3
633
735
729
738
705
671
741
703
645
697
770
664
667
771
751
663
729
731
742
762
768
735
754
763
775
735
774
736
857
776
886
848
Module:2	RCU:0	branch:1	card:2
567
678
706
692
696
631
460
705
998
963
683
935
639
1023
978
698
779
850
716
813
771
827
1023
796
1023
1022
1023
961
1023
1018
1023
1014
Module:2	RCU:0	branch:1	card:1
733
666
628
689
661
683
606
689
624
682
635
663
660
671
650
531
643
526
594
465
568
628
525
561
503
543
462
527
623
466
536
641
Module:2	RCU:0	branch:0	card:14
545
531
578
571
637
532
566
567
503
526
625
581
565
541
571
491
838
802
783
806
779
801
800
798
790
791
779
751
826
766
803
729
Module:2	RCU:0	branch:0	card:13
581
601
572
601
581
640
617
600
611
631
599
637
602
637
603
631
816
828
818
726
838
851
830
848
825
838
821
835
821
828
811
830
Module:2	RCU:0	branch:0	card:12
665
661
651
661
662
686
655
686
648
688
663
759
661
676
658
682
715
788
731
790
731
788
710
483
765
806
748
798
783
796
776
782
Module:2	RCU:0	branch:0	card:11
493
723
674
713
682
709
692
653
696
638
698
628
708
566
705
642
692
666
673
671
696
691
738
728
668
708
740
693
747
730
708
813
Module:2	RCU:0	branch:0	card:10
701
742
715
512
496
721
708
511
495
780
696
463
728
461
720
463
851
843
846
827
841
794
867
831
823
816
836
806
801
708
777
731
Module:2	RCU:0	branch:0	card:9
691
702
685
695
551
600
556
608
615
690
624
480
641
708
661
490
879
835
853
833
871
838
798
852
818
813
833
813
810
825
865
858
Module:2	RCU:0	branch:0	card:8
608
644
761
635
615
673
669
555
568
561
575
637
616
634
647
651
547
877
589
863
809
873
804
856
568
870
788
851
839
873
878
885
Module:2	RCU:0	branch:0	card:7
558
658
543
586
593
598
673
573
531
651
525
570
582
541
576
603
832
867
841
841
866
855
866
886
858
877
839
856
808
538
878
681
Module:2	RCU:0	branch:0	card:6
602
513
700
477
704
527
563
523
571
556
666
496
748
486
473
526
768
826
795
821
801
815
803
840
806
803
793
831
771
846
786
851
Module:2	RCU:0	branch:0	card:5
683
586
551
715
551
727
543
576
720
581
603
566
580
571
596
610
633
578
583
563
596
613
624
668
624
674
615
706
586
706
582
706
Module:2	RCU:0	branch:0	card:4
676
675
648
645
645
633
616
642
642
683
621
651
534
540
503
536
711
755
751
763
733
736
731
781
731
781
755
803
755
788
756
746
Module:2	RCU:0	branch:0	card:3
511
696
578
610
506
603
590
508
721
512
691
711
468
721
710
666
661
575
654
583
633
686
681
685
682
682
671
673
607
601
601
603
Module:2	RCU:0	branch:0	card:2
721
783
716
776
718
771
721
523
740
557
646
755
760
547
767
558
516
641
563
640
536
597
555
589
571
608
566
628
559
621
599
608
Module:2	RCU:0	branch:0	card:1
492
709
615
651
703
720
644
716
637
696
683
698
661
716
650
698
600
756
565
725
630
776
596
768
759
791
763
781
738
803
753
767
