Module:2	RCU:3	branch:1	card:14
481
321
332
330
333
451
539
511
536
299
476
308
480
388
485
410
528
288
526
298
480
298
538
306
513
300
468
326
258
558
269
562
Module:2	RCU:3	branch:1	card:13
327
339
315
331
357
327
358
421
391
423
411
425
439
425
328
424
459
456
515
557
493
506
488
523
448
516
539
501
546
485
508
525
Module:2	RCU:3	branch:1	card:12
372
391
404
406
403
358
385
362
378
369
376
380
378
326
383
327
422
437
437
413
431
473
458
536
410
543
430
285
391
474
415
473
Module:2	RCU:3	branch:1	card:11
430
352
451
347
441
346
431
347
431
350
441
356
451
367
469
374
378
414
398
407
383
280
408
398
393
402
431
416
423
390
421
425
Module:2	RCU:3	branch:1	card:10
291
483
460
467
456
510
456
500
424
500
473
508
491
513
481
450
327
371
331
354
334
361
340
353
336
356
344
343
368
355
368
373
Module:2	RCU:3	branch:1	card:9
616
318
625
323
577
377
588
299
596
293
598
300
585
316
613
286
327
451
431
396
422
451
439
436
428
283
434
311
457
316
438
306
Module:2	RCU:3	branch:1	card:8
476
536
526
545
528
550
541
573
551
618
576
617
569
588
515
591
314
342
452
341
406
307
373
391
353
417
352
391
310
369
371
384
Module:2	RCU:3	branch:1	card:7
513
531
503
553
485
492
477
486
486
541
513
530
506
552
553
556
408
356
381
316
355
302
460
520
323
373
326
366
413
340
371
337
Module:2	RCU:3	branch:1	card:6
450
444
448
508
443
497
421
478
541
481
403
478
406
508
439
504
566
326
542
283
551
396
405
403
391
329
365
333
374
336
333
281
Module:2	RCU:3	branch:1	card:5
368
456
370
461
370
468
396
338
283
432
283
416
329
408
329
407
503
538
536
583
543
560
516
551
581
556
552
556
521
580
549
571
Module:2	RCU:3	branch:1	card:4
408
520
420
504
431
468
452
458
478
445
486
360
455
369
490
368
470
450
483
571
511
558
533
533
473
567
399
568
576
481
532
522
Module:2	RCU:3	branch:1	card:3
286
561
296
558
305
533
465
523
502
428
527
531
545
539
541
380
452
485
463
406
511
501
498
487
490
486
499
436
478
490
433
500
Module:2	RCU:3	branch:1	card:2
453
421
458
423
458
374
451
426
436
425
380
347
393
315
409
303
376
403
388
466
378
426
371
379
398
440
415
518
454
473
416
463
Module:2	RCU:3	branch:1	card:1
394
387
318
422
350
411
359
401
361
312
388
347
396
349
388
354
576
480
581
554
446
544
525
481
536
551
461
465
531
346
576
385
Module:2	RCU:3	branch:0	card:14
263
270
436
346
335
438
341
411
303
408
243
366
366
313
299
291
440
408
380
409
381
405
393
421
402
508
443
472
467
427
404
433
Module:2	RCU:3	branch:0	card:13
338
391
523
302
520
303
477
321
481
270
483
563
313
550
386
540
426
467
471
606
480
606
602
516
583
521
522
478
425
471
360
458
Module:2	RCU:3	branch:0	card:12
303
426
467
436
329
478
321
470
443
343
298
553
457
482
338
481
468
609
448
481
537
515
541
493
500
409
495
555
580
494
585
440
Module:2	RCU:3	branch:0	card:11
376
401
393
352
385
431
296
422
356
345
411
433
376
329
411
314
561
562
603
613
613
516
500
510
484
488
456
439
468
586
556
531
Module:2	RCU:3	branch:0	card:10
585
391
541
556
500
473
401
463
485
441
441
383
458
393
646
398
536
418
383
538
473
501
546
587
508
507
526
475
398
478
461
563
Module:2	RCU:3	branch:0	card:9
394
610
431
433
378
644
325
626
462
531
353
633
603
361
500
501
523
486
491
483
495
505
410
465
488
479
563
553
552
565
498
435
Module:2	RCU:3	branch:0	card:8
436
353
508
373
508
433
588
386
486
408
368
402
451
423
457
416
515
508
447
536
405
536
528
503
471
481
507
501
421
450
434
426
Module:2	RCU:3	branch:0	card:7
535
477
483
484
558
588
551
571
460
463
460
404
411
408
421
508
371
411
376
332
473
451
383
401
371
523
323
570
383
535
391
461
Module:2	RCU:3	branch:0	card:6
391
500
455
511
445
490
581
531
573
523
558
476
562
525
531
468
438
336
353
347
301
429
416
298
345
295
433
361
324
287
303
410
Module:2	RCU:3	branch:0	card:5
346
402
474
396
473
444
348
453
506
398
366
433
500
430
463
433
454
436
457
446
333
456
519
466
436
475
426
454
416
459
400
342
Module:2	RCU:3	branch:0	card:4
570
534
511
525
503
505
496
426
488
474
605
451
594
437
581
323
486
511
476
511
466
508
455
507
484
429
494
448
502
453
508
453
Module:2	RCU:3	branch:0	card:3
591
557
543
550
536
492
536
481
476
476
418
458
573
588
565
378
506
477
493
473
510
476
521
478
529
468
531
491
532
493
523
493
Module:2	RCU:3	branch:0	card:2
559
524
388
598
606
528
598
520
538
516
548
526
546
507
517
585
418
404
440
397
398
508
508
401
403
516
403
523
405
525
407
523
Module:2	RCU:3	branch:0	card:1
454
433
452
566
373
557
386
576
453
586
440
559
449
551
342
554
342
433
351
428
355
329
353
331
343
280
353
381
378
400
435
410
Module:2	RCU:2	branch:1	card:14
379
505
438
498
446
495
464
485
468
460
469
438
473
392
518
384
370
318
396
338
337
579
318
460
590
596
441
454
381
426
380
437
Module:2	RCU:2	branch:1	card:13
303
553
323
545
356
566
515
559
522
553
526
547
530
552
546
564
300
318
299
315
398
386
413
413
534
550
568
388
372
378
350
339
Module:2	RCU:2	branch:1	card:12
451
418
361
428
440
466
436
323
428
313
416
308
370
307
412
305
568
357
311
303
298
416
573
587
406
360
353
293
368
288
571
558
Module:2	RCU:2	branch:1	card:11
572
373
368
336
365
335
366
338
391
340
399
341
395
344
375
351
423
423
416
476
418
478
463
486
435
395
459
543
476
371
467
571
Module:2	RCU:2	branch:1	card:10
612
547
628
563
634
581
635
578
631
575
630
569
626
565
491
566
421
402
428
431
276
423
388
461
398
443
411
449
383
441
410
458
Module:2	RCU:2	branch:1	card:9
416
569
303
609
313
618
325
620
329
620
324
620
598
618
589
615
350
375
374
364
370
357
384
346
376
365
393
371
386
563
395
378
Module:2	RCU:2	branch:1	card:8
596
361
598
344
598
389
600
393
492
403
507
413
373
417
373
415
449
324
291
356
283
343
311
325
303
363
340
373
336
380
356
355
Module:2	RCU:2	branch:1	card:7
513
521
515
531
543
533
546
533
538
525
538
516
543
506
552
593
563
475
453
451
421
414
383
478
518
447
446
416
443
414
446
479
Module:2	RCU:2	branch:1	card:6
458
471
458
556
448
560
436
559
433
416
428
436
478
448
477
456
559
416
553
416
555
504
417
501
417
554
501
411
501
419
473
501
Module:2	RCU:2	branch:1	card:5
451
495
530
498
306
503
464
468
450
478
466
489
486
488
492
475
613
546
615
553
341
525
469
526
403
528
398
553
408
522
275
558
Module:2	RCU:2	branch:1	card:4
294
570
518
582
516
575
507
567
458
571
543
577
549
452
556
434
391
586
391
591
388
589
390
581
592
616
591
598
586
617
588
618
Module:2	RCU:2	branch:1	card:3
321
348
313
343
303
387
331
387
351
382
357
375
354
366
352
526
413
355
386
351
376
361
452
358
326
361
325
363
321
355
310
389
Module:2	RCU:2	branch:1	card:2
471
452
476
406
483
465
478
509
511
424
493
415
441
397
449
428
365
482
451
461
420
392
406
358
471
416
461
456
400
389
323
371
Module:2	RCU:2	branch:1	card:1
404
433
481
321
332
330
333
451
539
511
536
299
476
308
480
388
485
410
528
288
526
298
480
298
538
306
513
300
468
326
258
558
Module:2	RCU:2	branch:0	card:14
425
501
348
408
496
432
476
393
411
394
423
471
384
490
503
418
473
428
473
431
466
382
458
378
423
373
426
371
428
370
428
367
Module:2	RCU:2	branch:0	card:13
511
387
488
376
423
458
446
480
432
393
475
416
463
380
401
426
316
553
562
556
559
567
556
461
557
458
558
458
322
456
553
460
Module:2	RCU:2	branch:0	card:12
540
563
549
491
547
475
622
490
547
497
510
603
618
569
570
525
513
305
511
340
501
348
366
351
368
353
406
561
400
565
394
568
Module:2	RCU:2	branch:0	card:11
563
483
598
551
590
535
585
546
568
609
583
602
591
513
587
506
528
532
538
535
550
535
545
534
543
531
544
526
548
390
520
406
Module:2	RCU:2	branch:0	card:10
451
405
451
406
386
515
388
523
468
582
440
573
395
561
439
528
539
485
510
505
506
521
511
518
513
551
513
488
489
491
498
485
Module:2	RCU:2	branch:0	card:9
538
435
541
509
616
421
621
499
563
424
558
497
491
446
428
496
478
473
476
483
476
487
481
391
501
393
393
391
392
391
419
408
Module:2	RCU:2	branch:0	card:8
541
626
607
533
496
478
513
546
581
620
581
550
571
475
566
476
556
451
496
478
500
475
554
550
538
459
543
450
459
451
452
450
Module:2	RCU:2	branch:0	card:7
523
537
510
528
605
604
600
606
626
521
598
296
603
581
576
583
448
299
426
306
430
503
298
496
301
505
308
493
511
538
287
532
Module:2	RCU:2	branch:0	card:6
538
576
500
567
453
505
493
371
499
564
551
623
568
622
623
583
541
419
553
441
558
444
561
443
478
492
429
427
333
392
433
413
Module:2	RCU:2	branch:0	card:5
588
479
572
536
558
434
448
471
484
501
548
521
552
531
444
398
595
533
509
532
505
529
495
523
525
520
533
517
535
517
533
540
Module:2	RCU:2	branch:0	card:4
613
568
693
558
587
574
597
586
611
640
618
660
636
666
608
610
453
583
665
586
651
576
559
571
557
566
550
558
570
586
580
586
Module:2	RCU:2	branch:0	card:3
685
618
693
625
648
661
656
621
641
628
680
603
635
611
642
612
611
598
607
568
601
606
614
618
628
631
634
648
636
653
628
658
Module:2	RCU:2	branch:0	card:2
458
671
461
666
433
686
476
675
385
665
376
672
488
644
486
641
411
464
468
483
483
480
492
478
492
473
494
471
497
469
483
469
Module:2	RCU:2	branch:0	card:1
338
453
263
270
436
346
335
438
341
411
303
408
243
366
366
313
299
291
440
408
380
409
381
405
393
421
402
508
443
472
467
427
Module:2	RCU:1	branch:1	card:14
366
351
385
430
423
439
451
355
381
365
383
361
450
418
376
351
453
396
468
411
566
425
458
396
455
456
506
456
509
453
338
453
Module:2	RCU:1	branch:1	card:13
466
492
645
575
628
612
553
583
524
416
446
655
450
636
532
677
415
578
412
591
589
468
588
478
496
384
481
552
378
566
446
570
Module:2	RCU:1	branch:1	card:12
400
547
488
573
576
675
696
513
574
544
440
501
427
498
478
489
538
508
527
496
520
526
538
520
565
548
486
520
489
335
492
339
Module:2	RCU:1	branch:1	card:11
556
601
581
483
473
478
523
465
574
511
624
511
591
496
486
483
571
385
461
566
606
646
563
578
586
546
622
561
564
651
580
581
Module:2	RCU:1	branch:1	card:10
462
513
605
605
624
626
607
556
619
461
567
546
588
624
521
543
481
561
606
541
593
631
556
453
456
606
463
531
461
401
593
486
Module:2	RCU:1	branch:1	card:9
673
665
581
575
596
663
641
655
632
610
643
493
646
530
644
604
446
606
459
543
566
566
646
623
623
607
423
461
639
496
591
375
Module:2	RCU:1	branch:1	card:8
518
678
501
650
529
650
512
612
550
634
541
636
554
695
460
663
490
440
409
416
456
495
481
474
468
450
493
502
495
448
476
490
Module:2	RCU:1	branch:1	card:7
415
466
414
382
430
382
361
393
396
380
535
388
368
375
400
391
501
471
494
453
443
503
467
513
441
425
515
468
508
466
438
576
Module:2	RCU:1	branch:1	card:6
421
493
482
487
358
497
353
501
476
532
361
523
345
525
485
512
568
530
563
526
566
521
578
537
578
528
578
473
581
466
574
470
Module:2	RCU:1	branch:1	card:5
450
505
456
498
479
416
471
418
488
390
475
406
587
388
596
404
560
405
600
441
570
557
516
552
580
551
453
541
401
565
412
566
Module:2	RCU:1	branch:1	card:4
479
545
466
461
475
468
513
436
532
441
593
428
521
436
491
456
621
551
506
580
503
553
516
575
533
528
531
554
581
528
551
548
Module:2	RCU:1	branch:1	card:3
436
470
456
436
497
485
501
306
453
336
436
326
457
358
490
356
440
616
557
618
581
626
603
629
601
601
590
607
610
608
598
630
Module:2	RCU:1	branch:1	card:2
483
508
471
428
416
443
465
453
521
451
521
435
543
497
472
461
504
428
491
438
473
438
486
456
473
458
466
463
471
451
401
451
Module:2	RCU:1	branch:1	card:1
543
416
418
410
565
588
558
571
510
506
519
580
553
473
488
434
528
565
449
466
540
488
533
473
574
401
553
485
566
478
458
498
Module:2	RCU:1	branch:0	card:14
508
433
276
502
500
456
469
481
368
566
566
510
306
294
257
424
508
418
500
419
478
455
496
547
501
521
520
541
512
395
409
465
Module:2	RCU:1	branch:0	card:13
421
498
361
485
427
556
491
326
558
426
532
571
351
333
315
495
446
418
443
381
454
425
452
501
443
506
422
378
417
506
415
386
Module:2	RCU:1	branch:0	card:12
478
318
462
433
505
432
508
458
521
373
518
468
519
468
398
390
546
575
544
580
543
585
541
580
538
561
449
609
452
373
571
445
Module:2	RCU:1	branch:0	card:11
481
526
536
556
525
550
541
566
546
566
387
458
529
476
548
496
585
507
588
511
591
515
598
521
604
631
608
623
527
558
513
548
Module:2	RCU:1	branch:0	card:10
405
585
383
555
546
593
586
588
586
598
576
511
582
516
566
501
646
566
651
566
643
562
646
556
643
550
641
530
568
567
566
577
Module:2	RCU:1	branch:0	card:9
398
360
399
423
390
453
373
354
422
316
418
350
398
386
627
361
478
613
481
606
486
596
491
575
631
605
624
632
617
636
614
641
Module:2	RCU:1	branch:0	card:8
288
461
500
354
466
358
461
288
520
301
523
271
505
446
466
431
448
493
521
493
518
406
519
489
381
355
410
538
418
461
493
475
Module:2	RCU:1	branch:0	card:7
516
496
495
546
541
333
535
436
515
433
542
511
560
515
535
532
377
456
383
423
478
429
476
433
467
438
461
438
463
437
463
442
Module:2	RCU:1	branch:0	card:6
463
540
528
536
502
486
530
476
523
511
478
471
471
486
466
493
608
374
596
411
421
410
412
411
408
343
401
344
382
333
378
346
Module:2	RCU:1	branch:0	card:5
413
498
471
431
483
456
493
486
495
515
456
511
499
493
446
455
621
526
624
539
626
562
606
576
545
573
611
592
618
583
622
578
Module:2	RCU:1	branch:0	card:4
451
324
438
325
443
352
469
356
460
378
466
351
284
388
305
388
631
543
632
597
583
592
572
589
650
611
640
608
636
617
553
616
Module:2	RCU:1	branch:0	card:3
521
555
511
549
518
553
505
400
476
378
513
403
540
438
553
443
525
458
576
493
578
635
554
623
446
635
422
561
476
637
469
618
Module:2	RCU:1	branch:0	card:2
335
356
497
371
363
374
340
350
360
288
262
489
471
516
354
490
556
486
574
495
569
478
552
483
501
515
518
499
525
511
546
548
Module:2	RCU:1	branch:0	card:1
465
281
451
576
462
400
455
313
533
356
463
448
461
385
458
448
355
571
571
566
585
571
596
572
611
548
606
559
557
566
551
491
Module:2	RCU:0	branch:1	card:14
520
541
516
562
391
543
564
526
568
413
524
533
523
534
539
530
504
417
510
536
498
471
586
575
430
485
520
408
508
551
466
461
Module:2	RCU:0	branch:1	card:13
553
495
536
567
608
600
598
605
567
568
443
447
500
473
609
538
545
528
552
585
502
571
513
603
484
598
449
585
558
596
550
525
Module:2	RCU:0	branch:1	card:12
598
501
596
526
482
516
558
540
504
534
550
548
551
543
510
560
392
571
381
601
445
583
422
593
405
556
577
570
527
537
521
546
Module:2	RCU:0	branch:1	card:11
538
551
603
575
425
573
428
595
449
574
575
475
586
596
567
532
439
522
470
457
406
441
500
438
409
526
467
525
431
416
420
451
Module:2	RCU:0	branch:1	card:10
686
647
590
580
623
608
512
422
571
656
588
598
678
630
600
653
525
504
591
518
596
415
443
403
441
465
527
398
528
403
440
458
Module:2	RCU:0	branch:1	card:9
635
596
448
687
581
538
426
625
579
616
631
448
626
675
576
591
338
465
336
476
338
480
438
472
491
513
479
499
508
521
490
496
Module:2	RCU:0	branch:1	card:8
422
458
483
663
468
670
496
553
498
571
480
422
466
594
671
633
316
300
378
436
338
440
440
441
436
270
274
286
326
290
321
296
Module:2	RCU:0	branch:1	card:7
536
478
468
443
513
513
471
488
621
461
446
468
515
652
490
643
346
421
346
315
401
341
402
345
319
351
355
438
356
435
390
411
Module:2	RCU:0	branch:1	card:6
590
530
600
518
615
522
614
632
506
527
525
501
520
538
526
534
306
308
309
346
328
328
333
401
338
381
376
370
379
318
378
355
Module:2	RCU:0	branch:1	card:5
403
688
433
678
448
669
446
656
433
695
441
678
418
659
423
605
445
344
443
338
466
387
410
357
437
351
414
275
404
273
301
271
Module:2	RCU:0	branch:1	card:4
481
366
666
643
636
386
455
398
661
398
465
399
416
425
388
414
418
441
412
378
439
468
476
375
480
368
496
450
476
460
445
413
Module:2	RCU:0	branch:1	card:3
433
535
529
538
505
471
541
503
415
475
542
445
456
538
513
438
506
507
501
523
493
501
503
528
511
520
511
496
588
533
523
595
Module:2	RCU:0	branch:1	card:2
367
478
506
492
496
431
260
505
415
444
483
406
439
509
396
498
560
606
458
581
546
586
546
596
556
470
582
446
578
471
604
468
Module:2	RCU:0	branch:1	card:1
409
465
366
351
385
430
423
439
451
355
381
365
383
361
450
418
376
351
453
396
468
411
566
425
458
396
455
456
506
456
509
453
Module:2	RCU:0	branch:0	card:14
345
331
378
371
437
332
366
367
303
326
425
381
365
341
371
291
638
602
583
606
579
601
600
598
590
591
579
551
626
566
603
529
Module:2	RCU:0	branch:0	card:13
381
401
372
401
381
440
417
400
411
431
399
437
402
437
403
431
616
628
618
526
638
651
630
648
625
638
621
635
621
628
611
630
Module:2	RCU:0	branch:0	card:12
465
461
451
461
462
486
455
486
448
488
463
559
461
476
458
482
515
588
531
590
531
588
510
283
565
606
548
598
583
596
576
582
Module:2	RCU:0	branch:0	card:11
293
523
474
513
482
509
492
453
496
438
498
428
508
366
505
442
492
466
473
471
496
491
538
528
468
508
540
493
547
530
508
613
Module:2	RCU:0	branch:0	card:10
501
542
515
312
296
521
508
311
295
580
496
263
528
261
520
263
651
643
646
627
641
594
667
631
623
616
636
606
601
508
577
531
Module:2	RCU:0	branch:0	card:9
491
502
485
495
351
400
356
408
415
490
424
280
441
508
461
290
679
635
653
633
671
638
598
652
618
613
633
613
610
625
665
658
Module:2	RCU:0	branch:0	card:8
408
444
561
435
415
473
469
355
368
361
375
437
416
434
447
451
347
677
389
663
609
673
604
656
368
670
588
651
639
673
678
685
Module:2	RCU:0	branch:0	card:7
358
458
343
386
393
398
473
373
331
451
325
370
382
341
376
403
632
667
641
641
666
655
666
686
658
677
639
656
608
338
678
481
Module:2	RCU:0	branch:0	card:6
402
313
500
277
504
327
363
323
371
356
466
296
548
286
273
326
568
626
595
621
601
615
603
640
606
603
593
631
571
646
586
651
Module:2	RCU:0	branch:0	card:5
483
386
351
515
351
527
343
376
520
381
403
366
380
371
396
410
433
378
383
363
396
413
424
468
424
474
415
506
386
506
382
506
Module:2	RCU:0	branch:0	card:4
476
475
448
445
445
433
416
442
442
483
421
451
334
340
303
336
511
555
551
563
533
536
531
581
531
581
555
603
555
588
556
546
Module:2	RCU:0	branch:0	card:3
311
496
378
410
306
403
390
308
521
312
491
511
268
521
510
466
461
375
454
383
433
486
481
485
482
482
471
473
407
401
401
403
Module:2	RCU:0	branch:0	card:2
521
583
516
576
518
571
521
323
540
357
446
555
560
347
567
358
316
441
363
440
336
397
355
389
371
408
366
428
359
421
399
408
Module:2	RCU:0	branch:0	card:1
292
509
508
433
276
502
500
456
469
481
368
566
566
510
306
294
257
424
508
418
500
419
478
455
496
547
501
521
520
541
512
395
