Module:2	RCU:3	branch:1	card:14
906
746
757
755
758
876
964
936
961
724
901
733
905
813
910
835
953
713
951
723
905
723
963
731
938
725
893
751
683
983
694
987
Module:2	RCU:3	branch:1	card:13
752
764
740
756
782
752
783
846
816
848
836
850
864
850
753
849
884
881
940
982
918
931
913
948
873
941
964
926
971
910
933
950
Module:2	RCU:3	branch:1	card:12
797
816
829
831
828
783
810
787
803
794
801
805
803
751
808
752
847
862
862
838
856
898
883
961
835
968
855
710
816
899
840
898
Module:2	RCU:3	branch:1	card:11
855
777
876
772
866
771
856
772
856
775
866
781
876
792
894
799
803
839
823
832
808
705
833
823
818
827
856
841
848
815
846
850
Module:2	RCU:3	branch:1	card:10
716
908
885
892
881
935
881
925
849
925
898
933
916
938
906
875
752
796
756
779
759
786
765
778
761
781
769
768
793
780
793
798
Module:2	RCU:3	branch:1	card:9
1023
743
1023
748
1002
802
1013
724
1021
718
1023
725
1010
741
1023
711
752
876
856
821
847
876
864
861
853
708
859
736
882
741
863
731
Module:2	RCU:3	branch:1	card:8
901
961
951
970
953
975
966
998
976
1023
1001
1023
994
1013
940
1016
739
767
877
766
831
732
798
816
778
842
777
816
735
794
796
809
Module:2	RCU:3	branch:1	card:7
938
956
928
978
910
917
902
911
911
966
938
955
931
977
978
981
833
781
806
741
780
727
885
945
748
798
751
791
838
765
796
762
Module:2	RCU:3	branch:1	card:6
875
869
873
933
868
922
846
903
966
906
828
903
831
933
864
929
991
751
967
708
976
821
830
828
816
754
790
758
799
761
758
706
Module:2	RCU:3	branch:1	card:5
793
881
795
886
795
893
821
763
708
857
708
841
754
833
754
832
928
963
961
1008
968
985
941
976
1006
981
977
981
946
1005
974
996
Module:2	RCU:3	branch:1	card:4
833
945
845
929
856
893
877
883
903
870
911
785
880
794
915
793
895
875
908
996
936
983
958
958
898
992
824
993
1001
906
957
947
Module:2	RCU:3	branch:1	card:3
711
986
721
983
730
958
890
948
927
853
952
956
970
964
966
805
877
910
888
831
936
926
923
912
915
911
924
861
903
915
858
925
Module:2	RCU:3	branch:1	card:2
878
846
883
848
883
799
876
851
861
850
805
772
818
740
834
728
801
828
813
891
803
851
796
804
823
865
840
943
879
898
841
888
Module:2	RCU:3	branch:1	card:1
819
812
743
847
775
836
784
826
786
737
813
772
821
774
813
779
1001
905
1006
979
871
969
950
906
961
976
886
890
956
771
1001
810
Module:2	RCU:3	branch:0	card:14
688
695
861
771
760
863
766
836
728
833
668
791
791
738
724
716
865
833
805
834
806
830
818
846
827
933
868
897
892
852
829
858
Module:2	RCU:3	branch:0	card:13
763
816
948
727
945
728
902
746
906
695
908
988
738
975
811
965
851
892
896
1023
905
1023
1023
941
1008
946
947
903
850
896
785
883
Module:2	RCU:3	branch:0	card:12
728
851
892
861
754
903
746
895
868
768
723
978
882
907
763
906
893
1023
873
906
962
940
966
918
925
834
920
980
1005
919
1010
865
Module:2	RCU:3	branch:0	card:11
801
826
818
777
810
856
721
847
781
770
836
858
801
754
836
739
986
987
1023
1023
1023
941
925
935
909
913
881
864
893
1011
981
956
Module:2	RCU:3	branch:0	card:10
1010
816
966
981
925
898
826
888
910
866
866
808
883
818
1023
823
961
843
808
963
898
926
971
1012
933
932
951
900
823
903
886
988
Module:2	RCU:3	branch:0	card:9
819
1023
856
858
803
1023
750
1023
887
956
778
1023
1023
786
925
926
948
911
916
908
920
930
835
890
913
904
988
978
977
990
923
860
Module:2	RCU:3	branch:0	card:8
861
778
933
798
933
858
1013
811
911
833
793
827
876
848
882
841
940
933
872
961
830
961
953
928
896
906
932
926
846
875
859
851
Module:2	RCU:3	branch:0	card:7
960
902
908
909
983
1013
976
996
885
888
885
829
836
833
846
933
796
836
801
757
898
876
808
826
796
948
748
995
808
960
816
886
Module:2	RCU:3	branch:0	card:6
816
925
880
936
870
915
1006
956
998
948
983
901
987
950
956
893
863
761
778
772
726
854
841
723
770
720
858
786
749
712
728
835
Module:2	RCU:3	branch:0	card:5
771
827
899
821
898
869
773
878
931
823
791
858
925
855
888
858
879
861
882
871
758
881
944
891
861
900
851
879
841
884
825
767
Module:2	RCU:3	branch:0	card:4
995
959
936
950
928
930
921
851
913
899
1023
876
1019
862
1006
748
911
936
901
936
891
933
880
932
909
854
919
873
927
878
933
878
Module:2	RCU:3	branch:0	card:3
1016
982
968
975
961
917
961
906
901
901
843
883
998
1013
990
803
931
902
918
898
935
901
946
903
954
893
956
916
957
918
948
918
Module:2	RCU:3	branch:0	card:2
984
949
813
1023
1023
953
1023
945
963
941
973
951
971
932
942
1010
843
829
865
822
823
933
933
826
828
941
828
948
830
950
832
948
Module:2	RCU:3	branch:0	card:1
879
858
877
991
798
982
811
1001
878
1011
865
984
874
976
767
979
767
858
776
853
780
754
778
756
768
705
778
806
803
825
860
835
Module:2	RCU:2	branch:1	card:14
804
930
863
923
871
920
889
910
893
885
894
863
898
817
943
809
795
743
821
763
762
1004
743
885
1015
1021
866
879
806
851
805
862
Module:2	RCU:2	branch:1	card:13
728
978
748
970
781
991
940
984
947
978
951
972
955
977
971
989
725
743
724
740
823
811
838
838
959
975
993
813
797
803
775
764
Module:2	RCU:2	branch:1	card:12
876
843
786
853
865
891
861
748
853
738
841
733
795
732
837
730
993
782
736
728
723
841
998
1012
831
785
778
718
793
713
996
983
Module:2	RCU:2	branch:1	card:11
997
798
793
761
790
760
791
763
816
765
824
766
820
769
800
776
848
848
841
901
843
903
888
911
860
820
884
968
901
796
892
996
Module:2	RCU:2	branch:1	card:10
1023
972
1023
988
1023
1006
1023
1003
1023
1000
1023
994
1023
990
916
991
846
827
853
856
701
848
813
886
823
868
836
874
808
866
835
883
Module:2	RCU:2	branch:1	card:9
841
994
728
1023
738
1023
750
1023
754
1023
749
1023
1023
1023
1014
1023
775
800
799
789
795
782
809
771
801
790
818
796
811
988
820
803
Module:2	RCU:2	branch:1	card:8
1021
786
1023
769
1023
814
1023
818
917
828
932
838
798
842
798
840
874
749
716
781
708
768
736
750
728
788
765
798
761
805
781
780
Module:2	RCU:2	branch:1	card:7
938
946
940
956
968
958
971
958
963
950
963
941
968
931
977
1018
988
900
878
876
846
839
808
903
943
872
871
841
868
839
871
904
Module:2	RCU:2	branch:1	card:6
883
896
883
981
873
985
861
984
858
841
853
861
903
873
902
881
984
841
978
841
980
929
842
926
842
979
926
836
926
844
898
926
Module:2	RCU:2	branch:1	card:5
876
920
955
923
731
928
889
893
875
903
891
914
911
913
917
900
1023
971
1023
978
766
950
894
951
828
953
823
978
833
947
700
983
Module:2	RCU:2	branch:1	card:4
719
995
943
1007
941
1000
932
992
883
996
968
1002
974
877
981
859
816
1011
816
1016
813
1014
815
1006
1017
1023
1016
1023
1011
1023
1013
1023
Module:2	RCU:2	branch:1	card:3
746
773
738
768
728
812
756
812
776
807
782
800
779
791
777
951
838
780
811
776
801
786
877
783
751
786
750
788
746
780
735
814
Module:2	RCU:2	branch:1	card:2
896
877
901
831
908
890
903
934
936
849
918
840
866
822
874
853
790
907
876
886
845
817
831
783
896
841
886
881
825
814
748
796
Module:2	RCU:2	branch:1	card:1
829
858
906
746
757
755
758
876
964
936
961
724
901
733
905
813
910
835
953
713
951
723
905
723
963
731
938
725
893
751
683
983
Module:2	RCU:2	branch:0	card:14
850
926
773
833
921
857
901
818
836
819
848
896
809
915
928
843
898
853
898
856
891
807
883
803
848
798
851
796
853
795
853
792
Module:2	RCU:2	branch:0	card:13
936
812
913
801
848
883
871
905
857
818
900
841
888
805
826
851
741
978
987
981
984
992
981
886
982
883
983
883
747
881
978
885
Module:2	RCU:2	branch:0	card:12
965
988
974
916
972
900
1023
915
972
922
935
1023
1023
994
995
950
938
730
936
765
926
773
791
776
793
778
831
986
825
990
819
993
Module:2	RCU:2	branch:0	card:11
988
908
1023
976
1015
960
1010
971
993
1023
1008
1023
1016
938
1012
931
953
957
963
960
975
960
970
959
968
956
969
951
973
815
945
831
Module:2	RCU:2	branch:0	card:10
876
830
876
831
811
940
813
948
893
1007
865
998
820
986
864
953
964
910
935
930
931
946
936
943
938
976
938
913
914
916
923
910
Module:2	RCU:2	branch:0	card:9
963
860
966
934
1023
846
1023
924
988
849
983
922
916
871
853
921
903
898
901
908
901
912
906
816
926
818
818
816
817
816
844
833
Module:2	RCU:2	branch:0	card:8
966
1023
1023
958
921
903
938
971
1006
1023
1006
975
996
900
991
901
981
876
921
903
925
900
979
975
963
884
968
875
884
876
877
875
Module:2	RCU:2	branch:0	card:7
948
962
935
953
1023
1023
1023
1023
1023
946
1023
721
1023
1006
1001
1008
873
724
851
731
855
928
723
921
726
930
733
918
936
963
712
957
Module:2	RCU:2	branch:0	card:6
963
1001
925
992
878
930
918
796
924
989
976
1023
993
1023
1023
1008
966
844
978
866
983
869
986
868
903
917
854
852
758
817
858
838
Module:2	RCU:2	branch:0	card:5
1013
904
997
961
983
859
873
896
909
926
973
946
977
956
869
823
1020
958
934
957
930
954
920
948
950
945
958
942
960
942
958
965
Module:2	RCU:2	branch:0	card:4
1023
993
1023
983
1012
999
1022
1011
1023
1023
1023
1023
1023
1023
1023
1023
878
1008
1023
1011
1023
1001
984
996
982
991
975
983
995
1011
1005
1011
Module:2	RCU:2	branch:0	card:3
1023
1023
1023
1023
1023
1023
1023
1023
1023
1023
1023
1023
1023
1023
1023
1023
1023
1023
1023
993
1023
1023
1023
1023
1023
1023
1023
1023
1023
1023
1023
1023
Module:2	RCU:2	branch:0	card:2
883
1023
886
1023
858
1023
901
1023
810
1023
801
1023
913
1023
911
1023
836
889
893
908
908
905
917
903
917
898
919
896
922
894
908
894
Module:2	RCU:2	branch:0	card:1
763
878
688
695
861
771
760
863
766
836
728
833
668
791
791
738
724
716
865
833
805
834
806
830
818
846
827
933
868
897
892
852
Module:2	RCU:1	branch:1	card:14
791
776
810
855
848
864
876
780
806
790
808
786
875
843
801
776
878
821
893
836
991
850
883
821
880
881
931
881
934
878
763
878
Module:2	RCU:1	branch:1	card:13
891
917
1023
1000
1023
1023
978
1008
949
841
871
1023
875
1023
957
1023
840
1003
837
1016
1014
893
1013
903
921
809
906
977
803
991
871
995
Module:2	RCU:1	branch:1	card:12
825
972
913
998
1001
1023
1023
938
999
969
865
926
852
923
903
914
963
933
952
921
945
951
963
945
990
973
911
945
914
760
917
764
Module:2	RCU:1	branch:1	card:11
981
1023
1006
908
898
903
948
890
999
936
1023
936
1016
921
911
908
996
810
886
991
1023
1023
988
1003
1011
971
1023
986
989
1023
1005
1006
Module:2	RCU:1	branch:1	card:10
887
938
1023
1023
1023
1023
1023
981
1023
886
992
971
1013
1023
946
968
906
986
1023
966
1018
1023
981
878
881
1023
888
956
886
826
1018
911
Module:2	RCU:1	branch:1	card:9
1023
1023
1006
1000
1021
1023
1023
1023
1023
1023
1023
918
1023
955
1023
1023
871
1023
884
968
991
991
1023
1023
1023
1023
848
886
1023
921
1016
800
Module:2	RCU:1	branch:1	card:8
943
1023
926
1023
954
1023
937
1023
975
1023
966
1023
979
1023
885
1023
915
865
834
841
881
920
906
899
893
875
918
927
920
873
901
915
Module:2	RCU:1	branch:1	card:7
840
891
839
807
855
807
786
818
821
805
960
813
793
800
825
816
926
896
919
878
868
928
892
938
866
850
940
893
933
891
863
1001
Module:2	RCU:1	branch:1	card:6
846
918
907
912
783
922
778
926
901
957
786
948
770
950
910
937
993
955
988
951
991
946
1003
962
1003
953
1003
898
1006
891
999
895
Module:2	RCU:1	branch:1	card:5
875
930
881
923
904
841
896
843
913
815
900
831
1012
813
1021
829
985
830
1023
866
995
982
941
977
1005
976
878
966
826
990
837
991
Module:2	RCU:1	branch:1	card:4
904
970
891
886
900
893
938
861
957
866
1018
853
946
861
916
881
1023
976
931
1005
928
978
941
1000
958
953
956
979
1006
953
976
973
Module:2	RCU:1	branch:1	card:3
861
895
881
861
922
910
926
731
878
761
861
751
882
783
915
781
865
1023
982
1023
1006
1023
1023
1023
1023
1023
1015
1023
1023
1023
1023
1023
Module:2	RCU:1	branch:1	card:2
908
933
896
853
841
868
890
878
946
876
946
860
968
922
897
886
929
853
916
863
898
863
911
881
898
883
891
888
896
876
826
876
Module:2	RCU:1	branch:1	card:1
968
841
843
835
990
1013
983
996
935
931
944
1005
978
898
913
859
953
990
874
891
965
913
958
898
999
826
978
910
991
903
883
923
Module:2	RCU:1	branch:0	card:14
933
858
701
927
925
881
894
906
793
991
991
935
731
719
682
849
933
843
925
844
903
880
921
972
926
946
945
966
937
820
834
890
Module:2	RCU:1	branch:0	card:13
846
923
786
910
852
981
916
751
983
851
957
996
776
758
740
920
871
843
868
806
879
850
877
926
868
931
847
803
842
931
840
811
Module:2	RCU:1	branch:0	card:12
903
743
887
858
930
857
933
883
946
798
943
893
944
893
823
815
971
1000
969
1005
968
1010
966
1005
963
986
874
1023
877
798
996
870
Module:2	RCU:1	branch:0	card:11
906
951
961
981
950
975
966
991
971
991
812
883
954
901
973
921
1010
932
1013
936
1016
940
1023
946
1023
1023
1023
1023
952
983
938
973
Module:2	RCU:1	branch:0	card:10
830
1010
808
980
971
1018
1011
1013
1011
1023
1001
936
1007
941
991
926
1023
991
1023
991
1023
987
1023
981
1023
975
1023
955
993
992
991
1002
Module:2	RCU:1	branch:0	card:9
823
785
824
848
815
878
798
779
847
741
843
775
823
811
1023
786
903
1023
906
1023
911
1021
916
1000
1023
1023
1023
1023
1023
1023
1023
1023
Module:2	RCU:1	branch:0	card:8
713
886
925
779
891
783
886
713
945
726
948
696
930
871
891
856
873
918
946
918
943
831
944
914
806
780
835
963
843
886
918
900
Module:2	RCU:1	branch:0	card:7
941
921
920
971
966
758
960
861
940
858
967
936
985
940
960
957
802
881
808
848
903
854
901
858
892
863
886
863
888
862
888
867
Module:2	RCU:1	branch:0	card:6
888
965
953
961
927
911
955
901
948
936
903
896
896
911
891
918
1023
799
1021
836
846
835
837
836
833
768
826
769
807
758
803
771
Module:2	RCU:1	branch:0	card:5
838
923
896
856
908
881
918
911
920
940
881
936
924
918
871
880
1023
951
1023
964
1023
987
1023
1001
970
998
1023
1017
1023
1008
1023
1003
Module:2	RCU:1	branch:0	card:4
876
749
863
750
868
777
894
781
885
803
891
776
709
813
730
813
1023
968
1023
1022
1008
1017
997
1014
1023
1023
1023
1023
1023
1023
978
1023
Module:2	RCU:1	branch:0	card:3
946
980
936
974
943
978
930
825
901
803
938
828
965
863
978
868
950
883
1001
918
1003
1023
979
1023
871
1023
847
986
901
1023
894
1023
Module:2	RCU:1	branch:0	card:2
760
781
922
796
788
799
765
775
785
713
687
914
896
941
779
915
981
911
999
920
994
903
977
908
926
940
943
924
950
936
971
973
Module:2	RCU:1	branch:0	card:1
890
706
876
1001
887
825
880
738
958
781
888
873
886
810
883
873
780
996
996
991
1010
996
1021
997
1023
973
1023
984
982
991
976
916
Module:2	RCU:0	branch:1	card:14
945
966
941
987
816
968
989
951
993
838
949
958
948
959
964
955
929
842
935
961
923
896
1011
1000
855
910
945
833
933
976
891
886
Module:2	RCU:0	branch:1	card:13
978
920
961
992
1023
1023
1023
1023
992
993
868
872
925
898
1023
963
970
953
977
1010
927
996
938
1023
909
1023
874
1010
983
1021
975
950
Module:2	RCU:0	branch:1	card:12
1023
926
1021
951
907
941
983
965
929
959
975
973
976
968
935
985
817
996
806
1023
870
1008
847
1018
830
981
1002
995
952
962
946
971
Module:2	RCU:0	branch:1	card:11
963
976
1023
1000
850
998
853
1020
874
999
1000
900
1011
1021
992
957
864
947
895
882
831
866
925
863
834
951
892
950
856
841
845
876
Module:2	RCU:0	branch:1	card:10
1023
1023
1015
1005
1023
1023
937
847
996
1023
1013
1023
1023
1023
1023
1023
950
929
1016
943
1021
840
868
828
866
890
952
823
953
828
865
883
Module:2	RCU:0	branch:1	card:9
1023
1021
873
1023
1006
963
851
1023
1004
1023
1023
873
1023
1023
1001
1016
763
890
761
901
763
905
863
897
916
938
904
924
933
946
915
921
Module:2	RCU:0	branch:1	card:8
847
883
908
1023
893
1023
921
978
923
996
905
847
891
1019
1023
1023
741
725
803
861
763
865
865
866
861
695
699
711
751
715
746
721
Module:2	RCU:0	branch:1	card:7
961
903
893
868
938
938
896
913
1023
886
871
893
940
1023
915
1023
771
846
771
740
826
766
827
770
744
776
780
863
781
860
815
836
Module:2	RCU:0	branch:1	card:6
1015
955
1023
943
1023
947
1023
1023
931
952
950
926
945
963
951
959
731
733
734
771
753
753
758
826
763
806
801
795
804
743
803
780
Module:2	RCU:0	branch:1	card:5
828
1023
858
1023
873
1023
871
1023
858
1023
866
1023
843
1023
848
1023
870
769
868
763
891
812
835
782
862
776
839
700
829
698
726
696
Module:2	RCU:0	branch:1	card:4
906
791
1023
1023
1023
811
880
823
1023
823
890
824
841
850
813
839
843
866
837
803
864
893
901
800
905
793
921
875
901
885
870
838
Module:2	RCU:0	branch:1	card:3
858
960
954
963
930
896
966
928
840
900
967
870
881
963
938
863
931
932
926
948
918
926
928
953
936
945
936
921
1013
958
948
1020
Module:2	RCU:0	branch:1	card:2
792
903
931
917
921
856
685
930
840
869
908
831
864
934
821
923
985
1023
883
1006
971
1011
971
1021
981
895
1007
871
1003
896
1023
893
Module:2	RCU:0	branch:1	card:1
834
890
791
776
810
855
848
864
876
780
806
790
808
786
875
843
801
776
878
821
893
836
991
850
883
821
880
881
931
881
934
878
Module:2	RCU:0	branch:0	card:14
770
756
803
796
862
757
791
792
728
751
850
806
790
766
796
716
1023
1023
1008
1023
1004
1023
1023
1023
1015
1016
1004
976
1023
991
1023
954
Module:2	RCU:0	branch:0	card:13
806
826
797
826
806
865
842
825
836
856
824
862
827
862
828
856
1023
1023
1023
951
1023
1023
1023
1023
1023
1023
1023
1023
1023
1023
1023
1023
Module:2	RCU:0	branch:0	card:12
890
886
876
886
887
911
880
911
873
913
888
984
886
901
883
907
940
1013
956
1015
956
1013
935
708
990
1023
973
1023
1008
1021
1001
1007
Module:2	RCU:0	branch:0	card:11
718
948
899
938
907
934
917
878
921
863
923
853
933
791
930
867
917
891
898
896
921
916
963
953
893
933
965
918
972
955
933
1023
Module:2	RCU:0	branch:0	card:10
926
967
940
737
721
946
933
736
720
1005
921
688
953
686
945
688
1023
1023
1023
1023
1023
1019
1023
1023
1023
1023
1023
1023
1023
933
1002
956
Module:2	RCU:0	branch:0	card:9
916
927
910
920
776
825
781
833
840
915
849
705
866
933
886
715
1023
1023
1023
1023
1023
1023
1023
1023
1023
1023
1023
1023
1023
1023
1023
1023
Module:2	RCU:0	branch:0	card:8
833
869
986
860
840
898
894
780
793
786
800
862
841
859
872
876
772
1023
814
1023
1023
1023
1023
1023
793
1023
1013
1023
1023
1023
1023
1023
Module:2	RCU:0	branch:0	card:7
783
883
768
811
818
823
898
798
756
876
750
795
807
766
801
828
1023
1023
1023
1023
1023
1023
1023
1023
1023
1023
1023
1023
1023
763
1023
906
Module:2	RCU:0	branch:0	card:6
827
738
925
702
929
752
788
748
796
781
891
721
973
711
698
751
993
1023
1020
1023
1023
1023
1023
1023
1023
1023
1018
1023
996
1023
1011
1023
Module:2	RCU:0	branch:0	card:5
908
811
776
940
776
952
768
801
945
806
828
791
805
796
821
835
858
803
808
788
821
838
849
893
849
899
840
931
811
931
807
931
Module:2	RCU:0	branch:0	card:4
901
900
873
870
870
858
841
867
867
908
846
876
759
765
728
761
936
980
976
988
958
961
956
1006
956
1006
980
1023
980
1013
981
971
Module:2	RCU:0	branch:0	card:3
736
921
803
835
731
828
815
733
946
737
916
936
693
946
935
891
886
800
879
808
858
911
906
910
907
907
896
898
832
826
826
828
Module:2	RCU:0	branch:0	card:2
946
1008
941
1001
943
996
946
748
965
782
871
980
985
772
992
783
741
866
788
865
761
822
780
814
796
833
791
853
784
846
824
833
Module:2	RCU:0	branch:0	card:1
717
934
933
858
701
927
925
881
894
906
793
991
991
935
731
719
682
849
933
843
925
844
903
880
921
972
926
946
945
966
937
820
