Module:2	 RCU:0	 branch:0	 card:1
742
0
958
0
726
0
950
0
919
0
818
0
1016
0
756
0
707
0
958
0
950
0
928
0
946
0
951
0
970
0
962
0
Module:2	 RCU:0	 branch:0	 card:2
971
1023
966
1023
968
1021
971
773
990
807
896
1005
1010
797
1017
808
766
891
813
890
786
847
805
839
821
858
816
878
809
871
849
858
Module:2	 RCU:0	 branch:0	 card:3
0
946
0
860
0
853
0
758
0
762
0
961
0
971
0
916
0
825
0
833
0
936
0
935
0
932
0
923
0
851
0
853
Module:2	 RCU:0	 branch:0	 card:4
926
0
898
0
895
0
866
0
892
0
871
0
784
0
753
0
961
0
1001
0
983
0
981
0
981
0
1005
0
1005
0
1006
0
Module:2	 RCU:0	 branch:0	 card:5
933
836
801
965
801
977
793
826
970
831
853
816
830
821
846
860
883
828
833
813
846
863
874
918
874
924
865
956
836
956
832
956
Module:2	 RCU:0	 branch:0	 card:6
0
763
0
727
0
777
0
773
0
806
0
746
0
736
0
776
0
1023
0
1023
0
1023
0
1023
0
1023
0
1023
0
1023
0
1023
Module:2	 RCU:0	 branch:0	 card:7
808
0
793
0
843
0
923
0
781
0
775
0
832
0
826
0
1023
0
1023
0
1023
0
1023
0
1023
0
1023
0
1023
0
1023
0
Module:2	 RCU:0	 branch:0	 card:8
858
894
1011
885
865
923
919
805
818
811
825
887
866
884
897
901
797
1023
839
1023
1023
1023
1023
1023
818
1023
1023
1023
1023
1023
1023
1023
Module:2	 RCU:0	 branch:0	 card:9
0
952
0
945
0
850
0
858
0
940
0
730
0
958
0
740
0
1023
0
1023
0
1023
0
1023
0
1023
0
1023
0
1023
0
1023
Module:2	 RCU:0	 branch:0	 card:10
951
0
965
0
746
0
958
0
745
0
946
0
978
0
970
0
1023
0
1023
0
1023
0
1023
0
1023
0
1023
0
1023
0
1023
0
Module:2	 RCU:0	 branch:0	 card:11
743
973
924
963
932
959
942
903
946
888
948
878
958
816
955
892
942
916
923
921
946
941
988
978
918
958
990
943
997
980
958
1023
Module:2	 RCU:0	 branch:0	 card:12
0
911
0
911
0
936
0
936
0
938
0
1009
0
926
0
932
0
1023
0
1023
0
1023
0
733
0
1023
0
1023
0
1023
0
1023
Module:2	 RCU:0	 branch:0	 card:13
831
0
822
0
831
0
867
0
861
0
849
0
852
0
853
0
1023
0
1023
0
1023
0
1023
0
1023
0
1023
0
1023
0
1023
0
Module:2	 RCU:0	 branch:0	 card:14
795
781
828
821
887
782
816
817
753
776
875
831
815
791
821
741
1023
1023
1023
1023
1023
1023
1023
1023
1023
1023
1023
1001
1023
1016
1023
979
Module:2	 RCU:0	 branch:1	 card:1
859
0
816
0
835
0
873
0
901
0
831
0
833
0
900
0
826
0
903
0
918
0
1016
0
908
0
905
0
956
0
959
0
Module:2	 RCU:0	 branch:1	 card:2
817
928
956
942
946
881
710
955
865
894
933
856
889
959
846
948
1010
1023
908
1023
996
1023
996
1023
1006
920
1023
896
1023
921
1023
918
Module:2	 RCU:0	 branch:1	 card:3
0
985
0
988
0
921
0
953
0
925
0
895
0
988
0
888
0
957
0
973
0
951
0
978
0
970
0
946
0
983
0
1023
Module:2	 RCU:0	 branch:1	 card:4
931
0
1023
0
1023
0
905
0
1023
0
915
0
866
0
838
0
868
0
862
0
889
0
926
0
930
0
946
0
926
0
895
0
Module:2	 RCU:0	 branch:1	 card:5
853
1023
883
1023
898
1023
896
1023
883
1023
891
1023
868
1023
873
1023
895
794
893
788
916
837
860
807
887
801
864
725
854
723
751
721
Module:2	 RCU:0	 branch:1	 card:6
0
980
0
968
0
972
0
1023
0
977
0
951
0
988
0
984
0
758
0
796
0
778
0
851
0
831
0
820
0
768
0
805
Module:2	 RCU:0	 branch:1	 card:7
986
0
918
0
963
0
921
0
1023
0
896
0
965
0
940
0
796
0
796
0
851
0
852
0
769
0
805
0
806
0
840
0
Module:2	 RCU:0	 branch:1	 card:8
872
908
933
1023
918
1023
946
1003
948
1021
930
872
916
1023
1023
1023
766
750
828
886
788
890
890
891
886
720
724
736
776
740
771
746
Module:2	 RCU:0	 branch:1	 card:9
0
1023
0
1023
0
988
0
1023
0
1023
0
898
0
1023
0
1023
0
915
0
926
0
930
0
922
0
963
0
949
0
971
0
946
Module:2	 RCU:0	 branch:1	 card:10
1023
0
1023
0
1023
0
962
0
1021
0
1023
0
1023
0
1023
0
975
0
1023
0
1023
0
893
0
891
0
977
0
978
0
890
0
Module:2	 RCU:0	 branch:1	 card:11
988
1001
1023
1023
875
1023
878
1023
899
1023
1023
925
1023
1023
1017
982
889
972
920
907
856
891
950
888
859
976
917
975
881
866
870
901
Module:2	 RCU:0	 branch:1	 card:12
0
951
0
976
0
966
0
990
0
984
0
998
0
993
0
1010
0
1021
0
1023
0
1023
0
1023
0
1006
0
1020
0
987
0
996
Module:2	 RCU:0	 branch:1	 card:13
1003
0
986
0
1023
0
1023
0
1017
0
893
0
950
0
1023
0
995
0
1002
0
952
0
963
0
934
0
899
0
1008
0
1000
0
Module:2	 RCU:0	 branch:1	 card:14
970
991
966
1012
841
993
1014
976
1018
863
974
983
973
984
989
980
954
867
960
986
948
921
1023
1023
880
935
970
858
958
1001
916
911
Module:2	 RCU:1	 branch:0	 card:1
0
731
0
1023
0
850
0
763
0
806
0
898
0
835
0
898
0
1021
0
1016
0
1021
0
1022
0
998
0
1009
0
1016
0
941
Module:2	 RCU:1	 branch:0	 card:2
785
0
947
0
813
0
790
0
810
0
712
0
921
0
804
0
1006
0
1023
0
1019
0
1002
0
951
0
968
0
975
0
996
0
Module:2	 RCU:1	 branch:0	 card:3
971
1005
961
999
968
1003
955
850
926
828
963
853
990
888
1003
893
975
908
1023
943
1023
1023
1004
1023
896
1023
872
1011
926
1023
919
1023
Module:2	 RCU:1	 branch:0	 card:4
0
774
0
775
0
802
0
806
0
828
0
801
0
838
0
838
0
993
0
1023
0
1023
0
1023
0
1023
0
1023
0
1023
0
1023
Module:2	 RCU:1	 branch:0	 card:5
863
0
921
0
933
0
943
0
945
0
906
0
949
0
896
0
1023
0
1023
0
1023
0
1023
0
995
0
1023
0
1023
0
1023
0
Module:2	 RCU:1	 branch:0	 card:6
913
990
978
986
952
936
980
926
973
961
928
921
921
936
916
943
1023
824
1023
861
871
860
862
861
858
793
851
794
832
783
828
796
Module:2	 RCU:1	 branch:0	 card:7
0
946
0
996
0
783
0
886
0
883
0
961
0
965
0
982
0
906
0
873
0
879
0
883
0
888
0
888
0
887
0
892
Module:2	 RCU:1	 branch:0	 card:8
738
0
950
0
916
0
911
0
970
0
973
0
955
0
916
0
898
0
971
0
968
0
969
0
831
0
860
0
868
0
943
0
Module:2	 RCU:1	 branch:0	 card:9
848
810
849
873
840
903
823
804
872
766
868
800
848
836
1023
811
928
1023
931
1023
936
1023
941
1023
1023
1023
1023
1023
1023
1023
1023
1023
Module:2	 RCU:1	 branch:0	 card:10
0
1023
0
1005
0
1023
0
1023
0
1023
0
961
0
966
0
951
0
1016
0
1016
0
1012
0
1006
0
1000
0
980
0
1017
0
1023
Module:2	 RCU:1	 branch:0	 card:11
931
0
986
0
975
0
991
0
996
0
837
0
979
0
998
0
1023
0
1023
0
1023
0
1023
0
1023
0
1023
0
977
0
963
0
Module:2	 RCU:1	 branch:0	 card:12
928
768
912
883
955
882
958
908
971
823
968
918
969
918
848
840
996
1023
994
1023
993
1023
991
1023
988
1011
899
1023
902
823
1021
895
Module:2	 RCU:1	 branch:0	 card:13
0
948
0
935
0
1006
0
776
0
876
0
1021
0
783
0
945
0
868
0
831
0
875
0
951
0
956
0
828
0
956
0
836
Module:2	 RCU:1	 branch:0	 card:14
958
0
726
0
950
0
919
0
818
0
1016
0
756
0
707
0
958
0
950
0
928
0
946
0
951
0
970
0
962
0
859
0
Module:2	 RCU:1	 branch:1	 card:1
0
866
0
860
0
1023
0
1021
0
956
0
1023
0
923
0
884
0
1015
0
916
0
938
0
923
0
851
0
935
0
928
0
948
Module:2	 RCU:1	 branch:1	 card:2
933
0
921
0
866
0
915
0
971
0
971
0
993
0
922
0
954
0
941
0
923
0
936
0
923
0
916
0
921
0
851
0
Module:2	 RCU:1	 branch:1	 card:3
886
920
906
886
947
935
951
756
903
786
886
776
907
808
940
806
890
1023
1007
1023
1023
1023
1023
1023
1023
1023
1023
1023
1023
1023
1023
1023
Module:2	 RCU:1	 branch:1	 card:4
0
995
0
911
0
918
0
886
0
891
0
878
0
886
0
906
0
1001
0
1023
0
1003
0
1023
0
978
0
1004
0
978
0
998
Module:2	 RCU:1	 branch:1	 card:5
900
0
906
0
929
0
921
0
938
0
925
0
1023
0
1023
0
1010
0
1023
0
1020
0
966
0
1023
0
903
0
851
0
862
0
Module:2	 RCU:1	 branch:1	 card:6
871
943
932
937
808
947
803
951
926
982
811
973
795
975
935
962
1018
980
1013
976
1016
971
1023
987
1023
978
1023
923
1023
916
1023
920
Module:2	 RCU:1	 branch:1	 card:7
0
916
0
832
0
832
0
843
0
830
0
838
0
825
0
841
0
921
0
903
0
953
0
963
0
875
0
918
0
916
0
1023
Module:2	 RCU:1	 branch:1	 card:8
968
0
951
0
979
0
962
0
1000
0
991
0
1004
0
910
0
940
0
859
0
906
0
931
0
918
0
943
0
945
0
926
0
Module:2	 RCU:1	 branch:1	 card:9
1023
1023
1023
1023
1023
1023
1023
1023
1023
1023
1023
943
1023
980
1023
1023
896
1023
909
993
1016
1016
1023
1023
1023
1023
873
911
1023
946
1023
825
Module:2	 RCU:1	 branch:1	 card:10
0
963
0
1023
0
1023
0
1006
0
911
0
996
0
1023
0
993
0
1011
0
991
0
1023
0
903
0
1023
0
981
0
851
0
936
Module:2	 RCU:1	 branch:1	 card:11
1006
0
1023
0
923
0
973
0
1023
0
1023
0
1023
0
936
0
1021
0
911
0
1023
0
1013
0
1023
0
1023
0
1014
0
1023
0
Module:2	 RCU:1	 branch:1	 card:12
850
997
938
1023
1023
1023
1023
963
1023
994
890
951
877
948
928
939
988
958
977
946
970
976
988
970
1015
998
936
970
939
785
942
789
Module:2	 RCU:1	 branch:1	 card:13
0
942
0
1023
0
1023
0
1023
0
866
0
1023
0
1023
0
1023
0
1023
0
1023
0
918
0
928
0
834
0
1002
0
1016
0
1020
Module:2	 RCU:1	 branch:1	 card:14
816
0
835
0
873
0
901
0
831
0
833
0
900
0
826
0
903
0
918
0
1016
0
908
0
905
0
956
0
959
0
788
0
Module:2	 RCU:2	 branch:0	 card:1
788
0
713
0
886
0
785
0
791
0
753
0
693
0
816
0
749
0
890
0
830
0
831
0
843
0
852
0
893
0
917
0
Module:2	 RCU:2	 branch:0	 card:2
908
1023
911
1023
883
1023
926
1023
835
1023
826
1023
938
1023
936
1023
861
914
918
933
933
930
942
928
942
923
944
921
947
919
933
919
Module:2	 RCU:2	 branch:0	 card:3
0
1023
0
1023
0
1023
0
1023
0
1023
0
1023
0
1023
0
1023
0
1023
0
1018
0
1023
0
1023
0
1023
0
1023
0
1023
0
1023
Module:2	 RCU:2	 branch:0	 card:4
1023
0
1023
0
1023
0
1023
0
1023
0
1023
0
1023
0
1023
0
903
0
1023
0
1023
0
1009
0
1007
0
1000
0
1020
0
1023
0
Module:2	 RCU:2	 branch:0	 card:5
1023
929
1022
986
1008
884
898
921
934
951
998
971
1002
981
894
848
1023
983
959
982
955
979
945
973
975
970
983
967
985
967
983
990
Module:2	 RCU:2	 branch:0	 card:6
0
1023
0
1017
0
955
0
821
0
1014
0
1023
0
1023
0
1023
0
869
0
891
0
894
0
893
0
942
0
877
0
842
0
863
Module:2	 RCU:2	 branch:0	 card:7
973
0
960
0
1023
0
1023
0
1023
0
1023
0
1023
0
1023
0
898
0
876
0
880
0
748
0
751
0
758
0
961
0
737
0
Module:2	 RCU:2	 branch:0	 card:8
991
1023
1023
983
946
928
963
996
1023
1023
1023
1000
1021
925
1016
926
1006
901
946
928
950
925
1004
1000
988
909
993
900
909
901
902
900
Module:2	 RCU:2	 branch:0	 card:9
0
885
0
959
0
871
0
949
0
874
0
947
0
896
0
946
0
923
0
933
0
937
0
841
0
843
0
841
0
841
0
858
Module:2	 RCU:2	 branch:0	 card:10
901
0
901
0
836
0
838
0
918
0
890
0
845
0
889
0
989
0
960
0
956
0
961
0
963
0
963
0
939
0
948
0
Module:2	 RCU:2	 branch:0	 card:11
1013
933
1023
1001
1023
985
1023
996
1018
1023
1023
1023
1023
963
1023
956
978
982
988
985
1000
985
995
984
993
981
994
976
998
840
970
856
Module:2	 RCU:2	 branch:0	 card:12
0
1013
0
941
0
925
0
940
0
947
0
1023
0
1019
0
975
0
755
0
790
0
798
0
801
0
803
0
1011
0
1015
0
1018
Module:2	 RCU:2	 branch:0	 card:13
961
0
938
0
873
0
896
0
882
0
925
0
913
0
851
0
766
0
1012
0
1009
0
1006
0
1007
0
1008
0
772
0
1003
0
Module:2	 RCU:2	 branch:0	 card:14
875
951
798
858
946
882
926
843
861
844
873
921
834
940
953
868
923
878
923
881
916
832
908
828
873
823
876
821
878
820
878
817
Module:2	 RCU:2	 branch:1	 card:1
854
0
931
0
782
0
783
0
989
0
986
0
926
0
930
0
935
0
978
0
976
0
930
0
988
0
963
0
918
0
708
0
Module:2	 RCU:2	 branch:1	 card:2
921
902
926
856
933
915
928
959
961
874
943
865
891
847
899
878
815
932
901
911
870
842
856
808
921
866
911
906
850
839
773
821
Module:2	 RCU:2	 branch:1	 card:3
0
798
0
793
0
837
0
837
0
832
0
825
0
816
0
976
0
805
0
801
0
811
0
808
0
811
0
813
0
805
0
839
Module:2	 RCU:2	 branch:1	 card:4
744
0
968
0
966
0
957
0
908
0
993
0
999
0
1006
0
841
0
841
0
838
0
840
0
1023
0
1023
0
1023
0
1023
0
Module:2	 RCU:2	 branch:1	 card:5
901
945
980
948
756
953
914
918
900
928
916
939
936
938
942
925
1023
996
1023
1003
791
975
919
976
853
978
848
1003
858
972
725
1008
Module:2	 RCU:2	 branch:1	 card:6
0
921
0
1006
0
1010
0
1009
0
866
0
886
0
898
0
906
0
866
0
866
0
954
0
951
0
1004
0
861
0
869
0
951
Module:2	 RCU:2	 branch:1	 card:7
963
0
965
0
993
0
996
0
988
0
988
0
993
0
1002
0
1013
0
903
0
871
0
833
0
968
0
896
0
893
0
896
0
Module:2	 RCU:2	 branch:1	 card:8
1023
811
1023
794
1023
839
1023
843
942
853
957
863
823
867
823
865
899
774
741
806
733
793
761
775
753
813
790
823
786
830
806
805
Module:2	 RCU:2	 branch:1	 card:9
0
1019
0
1023
0
1023
0
1023
0
1023
0
1023
0
1023
0
1023
0
825
0
814
0
807
0
796
0
815
0
821
0
1013
0
828
Module:2	 RCU:2	 branch:1	 card:10
1023
0
1023
0
1023
0
1023
0
1023
0
1023
0
1023
0
941
0
871
0
878
0
726
0
838
0
848
0
861
0
833
0
860
0
Module:2	 RCU:2	 branch:1	 card:11
1022
823
818
786
815
785
816
788
841
790
849
791
845
794
825
801
873
873
866
926
868
928
913
936
885
845
909
993
926
821
917
1021
Module:2	 RCU:2	 branch:1	 card:12
0
868
0
878
0
916
0
773
0
763
0
758
0
757
0
755
0
807
0
753
0
866
0
1023
0
810
0
743
0
738
0
1008
Module:2	 RCU:2	 branch:1	 card:13
753
0
773
0
806
0
965
0
972
0
976
0
980
0
996
0
750
0
749
0
848
0
863
0
984
0
1018
0
822
0
800
0
Module:2	 RCU:2	 branch:1	 card:14
829
955
888
948
896
945
914
935
918
910
919
888
923
842
968
834
820
768
846
788
787
1023
768
910
1023
1023
891
904
831
876
830
887
Module:2	 RCU:3	 branch:0	 card:1
0
883
0
1016
0
1007
0
1023
0
1023
0
1009
0
1001
0
1004
0
883
0
878
0
779
0
781
0
730
0
831
0
850
0
860
Module:2	 RCU:3	 branch:0	 card:2
1009
0
838
0
1023
0
1023
0
988
0
998
0
996
0
967
0
868
0
890
0
848
0
958
0
853
0
853
0
855
0
857
0
Module:2	 RCU:3	 branch:0	 card:3
1023
1007
993
1000
986
942
986
931
926
926
868
908
1023
1023
1015
828
956
927
943
923
960
926
971
928
979
918
981
941
982
943
973
943
Module:2	 RCU:3	 branch:0	 card:4
0
984
0
975
0
955
0
876
0
924
0
901
0
887
0
773
0
961
0
961
0
958
0
957
0
879
0
898
0
903
0
903
Module:2	 RCU:3	 branch:0	 card:5
796
0
924
0
923
0
798
0
956
0
816
0
950
0
913
0
904
0
907
0
783
0
969
0
886
0
876
0
866
0
850
0
Module:2	 RCU:3	 branch:0	 card:6
841
950
905
961
895
940
1023
981
1023
973
1008
926
1012
975
981
918
888
786
803
797
751
879
866
748
795
745
883
811
774
737
753
860
Module:2	 RCU:3	 branch:0	 card:7
0
927
0
934
0
1023
0
1021
0
913
0
854
0
858
0
958
0
861
0
782
0
901
0
851
0
973
0
1020
0
985
0
911
Module:2	 RCU:3	 branch:0	 card:8
886
0
958
0
958
0
1023
0
936
0
818
0
901
0
907
0
965
0
897
0
855
0
978
0
921
0
957
0
871
0
884
0
Module:2	 RCU:3	 branch:0	 card:9
844
1023
881
883
828
1023
775
1023
912
981
803
1023
1023
811
950
951
973
936
941
933
945
955
860
915
938
929
1013
1003
1002
1015
948
885
Module:2	 RCU:3	 branch:0	 card:10
0
841
0
1006
0
923
0
913
0
891
0
833
0
843
0
848
0
868
0
988
0
951
0
1023
0
957
0
925
0
928
0
1013
Module:2	 RCU:3	 branch:0	 card:11
826
0
843
0
835
0
746
0
806
0
861
0
826
0
861
0
1011
0
1023
0
1023
0
950
0
934
0
906
0
918
0
1006
0
Module:2	 RCU:3	 branch:0	 card:12
753
876
917
886
779
928
771
920
893
793
748
1003
907
932
788
931
918
1023
898
931
987
965
991
943
950
859
945
1005
1023
944
1023
890
Module:2	 RCU:3	 branch:0	 card:13
0
841
0
752
0
753
0
771
0
720
0
1013
0
1000
0
990
0
917
0
1023
0
1023
0
966
0
971
0
928
0
921
0
908
Module:2	 RCU:3	 branch:0	 card:14
713
0
886
0
785
0
791
0
753
0
693
0
816
0
749
0
890
0
830
0
831
0
843
0
852
0
893
0
917
0
854
0
Module:2	 RCU:3	 branch:1	 card:1
0
837
0
872
0
861
0
851
0
762
0
797
0
799
0
804
0
930
0
1004
0
994
0
931
0
1001
0
915
0
796
0
835
Module:2	 RCU:3	 branch:1	 card:2
903
0
908
0
908
0
901
0
886
0
830
0
843
0
859
0
826
0
838
0
828
0
821
0
848
0
865
0
904
0
866
0
Module:2	 RCU:3	 branch:1	 card:3
736
1011
746
1008
755
983
915
973
952
878
977
981
995
989
991
830
902
935
913
856
961
951
948
937
940
936
949
886
928
940
883
950
Module:2	 RCU:3	 branch:1	 card:4
0
970
0
954
0
918
0
908
0
895
0
810
0
819
0
818
0
900
0
1021
0
1008
0
983
0
1017
0
1018
0
931
0
972
Module:2	 RCU:3	 branch:1	 card:5
818
0
820
0
820
0
846
0
733
0
733
0
779
0
779
0
953
0
986
0
993
0
966
0
1023
0
1002
0
971
0
999
0
Module:2	 RCU:3	 branch:1	 card:6
900
894
898
958
893
947
871
928
991
931
853
928
856
958
889
954
1016
776
992
733
1001
846
855
853
841
779
815
783
824
786
783
731
Module:2	 RCU:3	 branch:1	 card:7
0
981
0
1003
0
942
0
936
0
991
0
980
0
1002
0
1006
0
806
0
766
0
752
0
970
0
823
0
816
0
790
0
787
Module:2	 RCU:3	 branch:1	 card:8
926
0
976
0
978
0
991
0
1001
0
1023
0
1019
0
965
0
764
0
902
0
856
0
823
0
803
0
802
0
760
0
821
0
Module:2	 RCU:3	 branch:1	 card:9
1023
768
1023
773
1023
827
1023
749
1023
743
1023
750
1023
766
1023
736
777
901
881
846
872
901
889
886
878
733
884
761
907
766
888
756
Module:2	 RCU:3	 branch:1	 card:10
0
933
0
917
0
960
0
950
0
950
0
958
0
963
0
900
0
821
0
804
0
811
0
803
0
806
0
793
0
805
0
823
Module:2	 RCU:3	 branch:1	 card:11
880
0
901
0
891
0
881
0
881
0
891
0
901
0
919
0
828
0
848
0
833
0
858
0
843
0
881
0
873
0
871
0
Module:2	 RCU:3	 branch:1	 card:12
822
841
854
856
853
808
835
812
828
819
826
830
828
776
833
777
872
887
887
863
881
923
908
986
860
993
880
735
841
924
865
923
Module:2	 RCU:3	 branch:1	 card:13
0
789
0
781
0
777
0
871
0
873
0
875
0
875
0
874
0
906
0
1007
0
956
0
973
0
966
0
951
0
935
0
975
Module:2	 RCU:3	 branch:1	 card:14
931
0
782
0
783
0
989
0
986
0
926
0
930
0
935
0
978
0
976
0
930
0
988
0
963
0
918
0
708
0
719
0
