Module:2	 RCU:0	 branch:0	 card:1
0
0
958
883
726
952
0
0
919
931
818
1016
0
0
756
744
707
874
0
0
950
869
928
905
0
0
951
971
970
991
0
0
Module:2	 RCU:0	 branch:0	 card:2
0
0
966
1023
968
1021
0
0
990
807
896
1005
0
0
1017
808
766
891
0
0
786
847
805
839
0
0
816
878
809
871
0
0
Module:2	 RCU:0	 branch:0	 card:3
0
0
828
860
756
853
0
0
971
762
941
961
0
0
960
916
911
825
0
0
883
936
931
935
0
0
921
923
857
851
0
0
Module:2	 RCU:0	 branch:0	 card:4
0
0
898
895
895
883
0
0
892
933
871
901
0
0
753
786
961
1005
0
0
983
986
981
1023
0
0
1005
1023
1005
1023
0
0
Module:2	 RCU:0	 branch:0	 card:5
0
0
801
965
801
977
0
0
970
831
853
816
0
0
846
860
883
828
0
0
846
863
874
918
0
0
865
956
836
956
0
0
Module:2	 RCU:0	 branch:0	 card:6
0
0
950
727
954
777
0
0
821
806
916
746
0
0
723
776
1018
1023
0
0
1023
1023
1023
1023
0
0
1023
1023
1021
1023
0
0
Module:2	 RCU:0	 branch:0	 card:7
0
0
793
836
843
848
0
0
781
901
775
820
0
0
826
853
1023
1023
0
0
1023
1023
1023
1023
0
0
1023
1023
1023
788
0
0
Module:2	 RCU:0	 branch:0	 card:8
0
0
1011
885
865
923
0
0
818
811
825
887
0
0
897
901
797
1023
0
0
1023
1023
1023
1023
0
0
1023
1023
1023
1023
0
0
Module:2	 RCU:0	 branch:0	 card:9
0
0
935
945
801
850
0
0
865
940
874
730
0
0
911
740
1023
1023
0
0
1023
1023
1023
1023
0
0
1023
1023
1023
1023
0
0
Module:2	 RCU:0	 branch:0	 card:10
0
0
965
762
746
971
0
0
745
1023
946
713
0
0
970
713
1023
1023
0
0
1023
1023
1023
1023
0
0
1023
1023
1023
958
0
0
Module:2	 RCU:0	 branch:0	 card:11
0
0
924
963
932
959
0
0
946
888
948
878
0
0
955
892
942
916
0
0
946
941
988
978
0
0
990
943
997
980
0
0
Module:2	 RCU:0	 branch:0	 card:12
0
0
901
911
912
936
0
0
898
938
913
1009
0
0
908
932
965
1023
0
0
981
1023
960
733
0
0
998
1023
1023
1023
0
0
Module:2	 RCU:0	 branch:0	 card:13
0
0
822
851
831
890
0
0
861
881
849
887
0
0
853
881
1023
1023
0
0
1023
1023
1023
1023
0
0
1023
1023
1023
1023
0
0
Module:2	 RCU:0	 branch:0	 card:14
0
0
828
821
887
782
0
0
753
776
875
831
0
0
821
741
1023
1023
0
0
1023
1023
1023
1023
0
0
1023
1001
1023
1016
0
0
Module:2	 RCU:0	 branch:1	 card:1
859
915
816
801
0
0
873
889
901
805
0
0
833
811
900
868
0
0
903
846
918
861
0
0
908
846
905
906
0
0
959
903
Module:2	 RCU:0	 branch:1	 card:2
817
928
956
942
0
0
710
955
865
894
0
0
889
959
846
948
0
0
908
1023
996
1023
0
0
1006
920
1023
896
0
0
1023
918
Module:2	 RCU:0	 branch:1	 card:3
883
985
979
988
0
0
991
953
865
925
0
0
906
988
963
888
0
0
951
973
943
951
0
0
961
970
961
946
0
0
973
1023
Module:2	 RCU:0	 branch:1	 card:4
931
816
1023
1023
0
0
905
848
1023
848
0
0
866
875
838
864
0
0
862
828
889
918
0
0
930
818
946
900
0
0
895
863
Module:2	 RCU:0	 branch:1	 card:5
853
1023
883
1023
0
0
896
1023
883
1023
0
0
868
1023
873
1023
0
0
893
788
916
837
0
0
887
801
864
725
0
0
751
721
Module:2	 RCU:0	 branch:1	 card:6
1023
980
1023
968
0
0
1023
1023
956
977
0
0
970
988
976
984
0
0
759
796
778
778
0
0
788
831
826
820
0
0
828
805
Module:2	 RCU:0	 branch:1	 card:7
986
928
918
893
0
0
921
938
1023
911
0
0
965
1023
940
1023
0
0
796
765
851
791
0
0
769
801
805
888
0
0
840
861
Module:2	 RCU:0	 branch:1	 card:8
872
908
933
1023
0
0
946
1003
948
1021
0
0
916
1023
1023
1023
0
0
828
886
788
890
0
0
886
720
724
736
0
0
771
746
Module:2	 RCU:0	 branch:1	 card:9
1023
1023
898
1023
0
0
876
1023
1023
1023
0
0
1023
1023
1023
1023
0
0
786
926
788
930
0
0
941
963
929
949
0
0
940
946
Module:2	 RCU:0	 branch:1	 card:10
1023
1023
1023
1023
0
0
962
872
1021
1023
0
0
1023
1023
1023
1023
0
0
1023
968
1023
865
0
0
891
915
977
848
0
0
890
908
Module:2	 RCU:0	 branch:1	 card:11
988
1001
1023
1023
0
0
878
1023
899
1023
0
0
1023
1023
1017
982
0
0
920
907
856
891
0
0
859
976
917
975
0
0
870
901
Module:2	 RCU:0	 branch:1	 card:12
1023
951
1023
976
0
0
1008
990
954
984
0
0
1001
993
960
1010
0
0
831
1023
895
1023
0
0
855
1006
1023
1020
0
0
971
996
Module:2	 RCU:0	 branch:1	 card:13
1003
945
986
1017
0
0
1023
1023
1017
1018
0
0
950
923
1023
988
0
0
1002
1023
952
1021
0
0
934
1023
899
1023
0
0
1000
975
Module:2	 RCU:0	 branch:1	 card:14
970
991
966
1012
0
0
1014
976
1018
863
0
0
973
984
989
980
0
0
960
986
948
921
0
0
880
935
970
858
0
0
916
911
Module:2	 RCU:1	 branch:0	 card:1
0
0
901
1023
912
850
0
0
983
806
913
898
0
0
908
898
805
1021
0
0
1023
1021
1023
1022
0
0
1023
1009
1007
1016
0
0
Module:2	 RCU:1	 branch:0	 card:2
0
0
947
821
813
824
0
0
810
738
712
939
0
0
804
940
1006
936
0
0
1019
928
1002
933
0
0
968
949
975
961
0
0
Module:2	 RCU:1	 branch:0	 card:3
0
0
961
999
968
1003
0
0
926
828
963
853
0
0
1003
893
975
908
0
0
1023
1023
1004
1023
0
0
872
1011
926
1023
0
0
Module:2	 RCU:1	 branch:0	 card:4
0
0
888
775
893
802
0
0
910
828
916
801
0
0
755
838
1023
993
0
0
1023
1023
1022
1023
0
0
1023
1023
1023
1023
0
0
Module:2	 RCU:1	 branch:0	 card:5
0
0
921
881
933
906
0
0
945
965
906
961
0
0
896
905
1023
976
0
0
1023
1012
1023
1023
0
0
1023
1023
1023
1023
0
0
Module:2	 RCU:1	 branch:0	 card:6
0
0
978
986
952
936
0
0
973
961
928
921
0
0
916
943
1023
824
0
0
871
860
862
861
0
0
851
794
832
783
0
0
Module:2	 RCU:1	 branch:0	 card:7
0
0
945
996
991
783
0
0
965
883
992
961
0
0
985
982
827
906
0
0
928
879
926
883
0
0
911
888
913
887
0
0
Module:2	 RCU:1	 branch:0	 card:8
0
0
950
804
916
808
0
0
970
751
973
721
0
0
916
881
898
943
0
0
968
856
969
939
0
0
860
988
868
911
0
0
Module:2	 RCU:1	 branch:0	 card:9
0
0
849
873
840
903
0
0
872
766
868
800
0
0
1023
811
928
1023
0
0
936
1023
941
1023
0
0
1023
1023
1023
1023
0
0
Module:2	 RCU:1	 branch:0	 card:10
0
0
833
1005
996
1023
0
0
1023
1023
1023
961
0
0
1016
951
1023
1016
0
0
1023
1012
1023
1006
0
0
1023
980
1018
1017
0
0
Module:2	 RCU:1	 branch:0	 card:11
0
0
986
1006
975
1000
0
0
996
1016
837
908
0
0
998
946
1023
957
0
0
1023
965
1023
971
0
0
1023
1023
977
1008
0
0
Module:2	 RCU:1	 branch:0	 card:12
0
0
912
883
955
882
0
0
971
823
968
918
0
0
848
840
996
1023
0
0
993
1023
991
1023
0
0
899
1023
902
823
0
0
Module:2	 RCU:1	 branch:0	 card:13
0
0
811
935
877
1006
0
0
1008
876
982
1021
0
0
765
945
896
868
0
0
904
875
902
951
0
0
872
828
867
956
0
0
Module:2	 RCU:1	 branch:0	 card:14
0
0
726
952
950
906
0
0
818
1016
1016
960
0
0
707
874
958
868
0
0
928
905
946
997
0
0
970
991
962
845
0
0
Module:2	 RCU:1	 branch:1	 card:1
993
866
868
860
0
0
1008
1021
960
956
0
0
1003
923
938
884
0
0
899
916
990
938
0
0
1023
851
1003
935
0
0
908
948
Module:2	 RCU:1	 branch:1	 card:2
933
958
921
878
0
0
915
903
971
901
0
0
993
947
922
911
0
0
941
888
923
888
0
0
923
908
916
913
0
0
851
901
Module:2	 RCU:1	 branch:1	 card:3
886
920
906
886
0
0
951
756
903
786
0
0
907
808
940
806
0
0
1007
1023
1023
1023
0
0
1023
1023
1023
1023
0
0
1023
1023
Module:2	 RCU:1	 branch:1	 card:4
929
995
916
911
0
0
963
886
982
891
0
0
971
886
941
906
0
0
956
1023
953
1003
0
0
983
978
981
1004
0
0
1001
998
Module:2	 RCU:1	 branch:1	 card:5
900
955
906
948
0
0
921
868
938
840
0
0
1023
838
1023
854
0
0
1023
891
1020
1007
0
0
1023
1001
903
991
0
0
862
1016
Module:2	 RCU:1	 branch:1	 card:6
871
943
932
937
0
0
803
951
926
982
0
0
795
975
935
962
0
0
1013
976
1016
971
0
0
1023
978
1023
923
0
0
1023
920
Module:2	 RCU:1	 branch:1	 card:7
865
916
864
832
0
0
811
843
846
830
0
0
818
825
850
841
0
0
944
903
893
953
0
0
891
875
965
918
0
0
888
1023
Module:2	 RCU:1	 branch:1	 card:8
968
1023
951
1023
0
0
962
1023
1000
1023
0
0
1004
1023
910
1023
0
0
859
866
906
945
0
0
918
900
943
952
0
0
926
940
Module:2	 RCU:1	 branch:1	 card:9
1023
1023
1023
1023
0
0
1023
1023
1023
1023
0
0
1023
980
1023
1023
0
0
909
993
1016
1016
0
0
1023
1023
873
911
0
0
1023
825
Module:2	 RCU:1	 branch:1	 card:10
912
963
1023
1023
0
0
1023
1006
1023
911
0
0
1023
1023
971
993
0
0
1023
991
1023
1023
0
0
906
1023
913
981
0
0
1023
936
Module:2	 RCU:1	 branch:1	 card:11
1006
1023
1023
933
0
0
973
915
1023
961
0
0
1023
946
936
933
0
0
911
1016
1023
1023
0
0
1023
996
1023
1011
0
0
1023
1023
Module:2	 RCU:1	 branch:1	 card:12
850
997
938
1023
0
0
1023
963
1023
994
0
0
877
948
928
939
0
0
977
946
970
976
0
0
1015
998
936
970
0
0
942
789
Module:2	 RCU:1	 branch:1	 card:13
916
942
1023
1023
0
0
1003
1023
974
866
0
0
900
1023
982
1023
0
0
862
1023
1023
918
0
0
946
834
931
1002
0
0
896
1020
Module:2	 RCU:1	 branch:1	 card:14
816
801
835
880
0
0
901
805
831
815
0
0
900
868
826
801
0
0
918
861
1016
875
0
0
905
906
956
906
0
0
788
903
Module:2	 RCU:2	 branch:0	 card:1
788
903
0
0
886
796
785
888
0
0
753
858
693
816
0
0
749
741
890
858
0
0
831
855
843
871
0
0
893
922
917
877
Module:2	 RCU:2	 branch:0	 card:2
908
1023
0
0
883
1023
926
1023
0
0
826
1023
938
1023
0
0
861
914
918
933
0
0
942
928
942
923
0
0
947
919
933
919
Module:2	 RCU:2	 branch:0	 card:3
1023
1023
0
0
1023
1023
1023
1023
0
0
1023
1023
1023
1023
0
0
1023
1023
1023
1018
0
0
1023
1023
1023
1023
0
0
1023
1023
1023
1023
Module:2	 RCU:2	 branch:0	 card:4
1023
1018
0
0
1023
1023
1023
1023
0
0
1023
1023
1023
1023
0
0
903
1023
1023
1023
0
0
1009
1021
1007
1016
0
0
1020
1023
1023
1023
Module:2	 RCU:2	 branch:0	 card:5
1023
929
0
0
1008
884
898
921
0
0
998
971
1002
981
0
0
1023
983
959
982
0
0
945
973
975
970
0
0
985
967
983
990
Module:2	 RCU:2	 branch:0	 card:6
988
1023
0
0
903
955
943
821
0
0
1001
1023
1018
1023
0
0
991
869
1003
891
0
0
1011
893
928
942
0
0
783
842
883
863
Module:2	 RCU:2	 branch:0	 card:7
973
987
0
0
1023
1023
1023
1023
0
0
1023
746
1023
1023
0
0
898
749
876
756
0
0
748
946
751
955
0
0
961
988
737
982
Module:2	 RCU:2	 branch:0	 card:8
991
1023
0
0
946
928
963
996
0
0
1023
1000
1021
925
0
0
1006
901
946
928
0
0
1004
1000
988
909
0
0
909
901
902
900
Module:2	 RCU:2	 branch:0	 card:9
988
885
0
0
1023
871
1023
949
0
0
1008
947
941
896
0
0
928
923
926
933
0
0
931
841
951
843
0
0
842
841
869
858
Module:2	 RCU:2	 branch:0	 card:10
901
855
0
0
836
965
838
973
0
0
890
1023
845
1011
0
0
989
935
960
955
0
0
961
968
963
1001
0
0
939
941
948
935
Module:2	 RCU:2	 branch:0	 card:11
1013
933
0
0
1023
985
1023
996
0
0
1023
1023
1023
963
0
0
978
982
988
985
0
0
995
984
993
981
0
0
998
840
970
856
Module:2	 RCU:2	 branch:0	 card:12
990
1013
0
0
997
925
1023
940
0
0
960
1023
1023
1019
0
0
963
755
961
790
0
0
816
801
818
803
0
0
850
1015
844
1018
Module:2	 RCU:2	 branch:0	 card:13
961
837
0
0
873
908
896
930
0
0
925
866
913
830
0
0
766
1003
1012
1006
0
0
1006
911
1007
908
0
0
772
906
1003
910
Module:2	 RCU:2	 branch:0	 card:14
875
951
0
0
946
882
926
843
0
0
873
921
834
940
0
0
923
878
923
881
0
0
908
828
873
823
0
0
878
820
878
817
Module:2	 RCU:2	 branch:1	 card:1
0
0
931
771
782
780
0
0
989
961
986
749
0
0
930
838
935
860
0
0
976
748
930
748
0
0
963
750
918
776
0
0
Module:2	 RCU:2	 branch:1	 card:2
0
0
926
856
933
915
0
0
961
874
943
865
0
0
899
878
815
932
0
0
870
842
856
808
0
0
911
906
850
839
0
0
Module:2	 RCU:2	 branch:1	 card:3
0
0
763
793
753
837
0
0
801
832
807
825
0
0
802
976
863
805
0
0
826
811
902
808
0
0
775
813
771
805
0
0
Module:2	 RCU:2	 branch:1	 card:4
0
0
968
1023
966
1023
0
0
908
1021
993
1023
0
0
1006
884
841
1023
0
0
838
1023
840
1023
0
0
1023
1023
1023
1023
0
0
Module:2	 RCU:2	 branch:1	 card:5
0
0
980
948
756
953
0
0
900
928
916
939
0
0
942
925
1023
996
0
0
791
975
919
976
0
0
848
1003
858
972
0
0
Module:2	 RCU:2	 branch:1	 card:6
0
0
908
1006
898
1010
0
0
883
866
878
886
0
0
927
906
1009
866
0
0
1005
954
867
951
0
0
951
861
951
869
0
0
Module:2	 RCU:2	 branch:1	 card:7
0
0
965
981
993
983
0
0
988
975
988
966
0
0
1002
1023
1013
925
0
0
871
864
833
928
0
0
896
866
893
864
0
0
Module:2	 RCU:2	 branch:1	 card:8
0
0
1023
794
1023
839
0
0
942
853
957
863
0
0
823
865
899
774
0
0
733
793
761
775
0
0
790
823
786
830
0
0
Module:2	 RCU:2	 branch:1	 card:9
0
0
753
1023
763
1023
0
0
779
1023
774
1023
0
0
1023
1023
800
825
0
0
820
807
834
796
0
0
843
821
836
1013
0
0
Module:2	 RCU:2	 branch:1	 card:10
0
0
1023
1013
1023
1023
0
0
1023
1023
1023
1019
0
0
941
1016
871
852
0
0
726
873
838
911
0
0
861
899
833
891
0
0
Module:2	 RCU:2	 branch:1	 card:11
0
0
818
786
815
785
0
0
841
790
849
791
0
0
825
801
873
873
0
0
868
928
913
936
0
0
909
993
926
821
0
0
Module:2	 RCU:2	 branch:1	 card:12
0
0
811
878
890
916
0
0
878
763
866
758
0
0
862
755
1018
807
0
0
748
866
1023
1023
0
0
803
743
818
738
0
0
Module:2	 RCU:2	 branch:1	 card:13
0
0
773
995
806
1016
0
0
972
1003
976
997
0
0
996
1014
750
768
0
0
848
836
863
863
0
0
1018
838
822
828
0
0
Module:2	 RCU:2	 branch:1	 card:14
0
0
888
948
896
945
0
0
918
910
919
888
0
0
968
834
820
768
0
0
787
1023
768
910
0
0
891
904
831
876
0
0
Module:2	 RCU:3	 branch:0	 card:1
904
883
0
0
823
1007
836
1023
0
0
890
1009
899
1001
0
0
792
883
801
878
0
0
803
781
793
730
0
0
828
850
885
860
Module:2	 RCU:3	 branch:0	 card:2
1009
974
0
0
1023
978
1023
970
0
0
998
976
996
957
0
0
868
854
890
847
0
0
958
851
853
966
0
0
855
975
857
973
Module:2	 RCU:3	 branch:0	 card:3
1023
1007
0
0
986
942
986
931
0
0
868
908
1023
1023
0
0
956
927
943
923
0
0
971
928
979
918
0
0
982
943
973
943
Module:2	 RCU:3	 branch:0	 card:4
1020
984
0
0
953
955
946
876
0
0
1023
901
1023
887
0
0
936
961
926
961
0
0
905
957
934
879
0
0
952
903
958
903
Module:2	 RCU:3	 branch:0	 card:5
796
852
0
0
923
894
798
903
0
0
816
883
950
880
0
0
904
886
907
896
0
0
969
916
886
925
0
0
866
909
850
792
Module:2	 RCU:3	 branch:0	 card:6
841
950
0
0
895
940
1023
981
0
0
1008
926
1012
975
0
0
888
786
803
797
0
0
866
748
795
745
0
0
774
737
753
860
Module:2	 RCU:3	 branch:0	 card:7
985
927
0
0
1008
1023
1001
1021
0
0
910
854
861
858
0
0
821
861
826
782
0
0
833
851
821
973
0
0
833
985
841
911
Module:2	 RCU:3	 branch:0	 card:8
886
803
0
0
958
883
1023
836
0
0
818
852
901
873
0
0
965
958
897
986
0
0
978
953
921
931
0
0
871
900
884
876
Module:2	 RCU:3	 branch:0	 card:9
844
1023
0
0
828
1023
775
1023
0
0
803
1023
1023
811
0
0
973
936
941
933
0
0
860
915
938
929
0
0
1002
1015
948
885
Module:2	 RCU:3	 branch:0	 card:10
1023
841
0
0
950
923
851
913
0
0
891
833
908
843
0
0
986
868
833
988
0
0
996
1023
958
957
0
0
848
928
911
1013
Module:2	 RCU:3	 branch:0	 card:11
826
851
0
0
835
881
746
872
0
0
861
883
826
779
0
0
1011
1012
1023
1023
0
0
950
960
934
938
0
0
918
1023
1006
981
Module:2	 RCU:3	 branch:0	 card:12
753
876
0
0
779
928
771
920
0
0
748
1003
907
932
0
0
918
1023
898
931
0
0
991
943
950
859
0
0
1023
944
1023
890
Module:2	 RCU:3	 branch:0	 card:13
788
841
0
0
970
753
927
771
0
0
933
1013
763
1000
0
0
876
917
921
1023
0
0
1023
966
1023
971
0
0
875
921
810
908
Module:2	 RCU:3	 branch:0	 card:14
713
720
0
0
785
888
791
861
0
0
693
816
816
763
0
0
890
858
830
859
0
0
843
871
852
958
0
0
917
877
854
883
Module:2	 RCU:3	 branch:1	 card:1
0
0
768
872
800
861
0
0
811
762
838
797
0
0
838
804
1023
930
0
0
896
994
975
931
0
0
911
915
981
796
0
0
Module:2	 RCU:3	 branch:1	 card:2
0
0
908
873
908
824
0
0
886
875
830
797
0
0
859
753
826
853
0
0
828
876
821
829
0
0
865
968
904
923
0
0
Module:2	 RCU:3	 branch:1	 card:3
0
0
746
1008
755
983
0
0
952
878
977
981
0
0
991
830
902
935
0
0
961
951
948
937
0
0
949
886
928
940
0
0
Module:2	 RCU:3	 branch:1	 card:4
0
0
870
954
881
918
0
0
928
895
936
810
0
0
940
818
920
900
0
0
961
1008
983
983
0
0
849
1018
1023
931
0
0
Module:2	 RCU:3	 branch:1	 card:5
0
0
820
911
820
918
0
0
733
882
733
866
0
0
779
857
953
988
0
0
993
1010
966
1001
0
0
1002
1006
971
1023
0
0
Module:2	 RCU:3	 branch:1	 card:6
0
0
898
958
893
947
0
0
991
931
853
928
0
0
889
954
1016
776
0
0
1001
846
855
853
0
0
815
783
824
786
0
0
Module:2	 RCU:3	 branch:1	 card:7
0
0
953
1003
935
942
0
0
936
991
963
980
0
0
1003
1006
858
806
0
0
805
752
910
970
0
0
776
816
863
790
0
0
Module:2	 RCU:3	 branch:1	 card:8
0
0
976
995
978
1000
0
0
1001
1023
1023
1023
0
0
965
1023
764
792
0
0
856
757
823
841
0
0
802
841
760
819
0
0
Module:2	 RCU:3	 branch:1	 card:9
0
0
1023
773
1023
827
0
0
1023
743
1023
750
0
0
1023
736
777
901
0
0
872
901
889
886
0
0
884
761
907
766
0
0
Module:2	 RCU:3	 branch:1	 card:10
0
0
910
917
906
960
0
0
874
950
923
958
0
0
931
900
777
821
0
0
784
811
790
803
0
0
794
793
818
805
0
0
Module:2	 RCU:3	 branch:1	 card:11
0
0
901
797
891
796
0
0
881
800
891
806
0
0
919
824
828
864
0
0
833
730
858
848
0
0
881
866
873
840
0
0
Module:2	 RCU:3	 branch:1	 card:12
0
0
854
856
853
808
0
0
828
819
826
830
0
0
833
777
872
887
0
0
881
923
908
986
0
0
880
735
841
924
0
0
Module:2	 RCU:3	 branch:1	 card:13
0
0
765
781
807
777
0
0
841
873
861
875
0
0
778
874
909
906
0
0
943
956
938
973
0
0
989
951
996
935
0
0
Module:2	 RCU:3	 branch:1	 card:14
0
0
782
780
783
901
0
0
986
749
926
758
0
0
935
860
978
738
0
0
930
748
988
756
0
0
918
776
708
1008
0
0
