Module:2	RCU:3	branch:1	card:14
756
596
607
605
608
726
814
786
811
574
751
583
755
663
760
685
803
563
801
573
755
573
813
581
788
575
743
601
533
833
544
837
Module:2	RCU:3	branch:1	card:13
602
614
590
606
632
602
633
696
666
698
686
700
714
700
603
699
734
731
790
832
768
781
763
798
723
791
814
776
821
760
783
800
Module:2	RCU:3	branch:1	card:12
647
666
679
681
678
633
660
637
653
644
651
655
653
601
658
602
697
712
712
688
706
748
733
811
685
818
705
560
666
749
690
748
Module:2	RCU:3	branch:1	card:11
705
627
726
622
716
621
706
622
706
625
716
631
726
642
744
649
653
689
673
682
658
555
683
673
668
677
706
691
698
665
696
700
Module:2	RCU:3	branch:1	card:10
566
758
735
742
731
785
731
775
699
775
748
783
766
788
756
725
602
646
606
629
609
636
615
628
611
631
619
618
643
630
643
648
Module:2	RCU:3	branch:1	card:9
891
593
900
598
852
652
863
574
871
568
873
575
860
591
888
561
602
726
706
671
697
726
714
711
703
558
709
586
732
591
713
581
Module:2	RCU:3	branch:1	card:8
751
811
801
820
803
825
816
848
826
893
851
892
844
863
790
866
589
617
727
616
681
582
648
666
628
692
627
666
585
644
646
659
Module:2	RCU:3	branch:1	card:7
788
806
778
828
760
767
752
761
761
816
788
805
781
827
828
831
683
631
656
591
630
577
735
795
598
648
601
641
688
615
646
612
Module:2	RCU:3	branch:1	card:6
725
719
723
783
718
772
696
753
816
756
678
753
681
783
714
779
841
601
817
558
826
671
680
678
666
604
640
608
649
611
608
556
Module:2	RCU:3	branch:1	card:5
643
731
645
736
645
743
671
613
558
707
558
691
604
683
604
682
778
813
811
858
818
835
791
826
856
831
827
831
796
855
824
846
Module:2	RCU:3	branch:1	card:4
683
795
695
779
706
743
727
733
753
720
761
635
730
644
765
643
745
725
758
846
786
833
808
808
748
842
674
843
851
756
807
797
Module:2	RCU:3	branch:1	card:3
561
836
571
833
580
808
740
798
777
703
802
806
820
814
816
655
727
760
738
681
786
776
773
762
765
761
774
711
753
765
708
775
Module:2	RCU:3	branch:1	card:2
728
696
733
698
733
649
726
701
711
700
655
622
668
590
684
578
651
678
663
741
653
701
646
654
673
715
690
793
729
748
691
738
Module:2	RCU:3	branch:1	card:1
669
662
593
697
625
686
634
676
636
587
663
622
671
624
663
629
851
755
856
829
721
819
800
756
811
826
736
740
806
621
851
660
Module:2	RCU:3	branch:0	card:14
538
545
711
621
610
713
616
686
578
683
518
641
641
588
574
566
715
683
655
684
656
680
668
696
677
783
718
747
742
702
679
708
Module:2	RCU:3	branch:0	card:13
613
666
798
577
795
578
752
596
756
545
758
838
588
825
661
815
701
742
746
881
755
881
877
791
858
796
797
753
700
746
635
733
Module:2	RCU:3	branch:0	card:12
578
701
742
711
604
753
596
745
718
618
573
828
732
757
613
756
743
884
723
756
812
790
816
768
775
684
770
830
855
769
860
715
Module:2	RCU:3	branch:0	card:11
651
676
668
627
660
706
571
697
631
620
686
708
651
604
686
589
836
837
878
888
888
791
775
785
759
763
731
714
743
861
831
806
Module:2	RCU:3	branch:0	card:10
860
666
816
831
775
748
676
738
760
716
716
658
733
668
921
673
811
693
658
813
748
776
821
862
783
782
801
750
673
753
736
838
Module:2	RCU:3	branch:0	card:9
669
885
706
708
653
919
600
901
737
806
628
908
878
636
775
776
798
761
766
758
770
780
685
740
763
754
838
828
827
840
773
710
Module:2	RCU:3	branch:0	card:8
711
628
783
648
783
708
863
661
761
683
643
677
726
698
732
691
790
783
722
811
680
811
803
778
746
756
782
776
696
725
709
701
Module:2	RCU:3	branch:0	card:7
810
752
758
759
833
863
826
846
735
738
735
679
686
683
696
783
646
686
651
607
748
726
658
676
646
798
598
845
658
810
666
736
Module:2	RCU:3	branch:0	card:6
666
775
730
786
720
765
856
806
848
798
833
751
837
800
806
743
713
611
628
622
576
704
691
573
620
570
708
636
599
562
578
685
Module:2	RCU:3	branch:0	card:5
621
677
749
671
748
719
623
728
781
673
641
708
775
705
738
708
729
711
732
721
608
731
794
741
711
750
701
729
691
734
675
617
Module:2	RCU:3	branch:0	card:4
845
809
786
800
778
780
771
701
763
749
880
726
869
712
856
598
761
786
751
786
741
783
730
782
759
704
769
723
777
728
783
728
Module:2	RCU:3	branch:0	card:3
866
832
818
825
811
767
811
756
751
751
693
733
848
863
840
653
781
752
768
748
785
751
796
753
804
743
806
766
807
768
798
768
Module:2	RCU:3	branch:0	card:2
834
799
663
873
881
803
873
795
813
791
823
801
821
782
792
860
693
679
715
672
673
783
783
676
678
791
678
798
680
800
682
798
Module:2	RCU:3	branch:0	card:1
729
708
727
841
648
832
661
851
728
861
715
834
724
826
617
829
617
708
626
703
630
604
628
606
618
555
628
656
653
675
710
685
Module:2	RCU:2	branch:1	card:14
654
780
713
773
721
770
739
760
743
735
744
713
748
667
793
659
645
593
671
613
612
854
593
735
865
871
716
729
656
701
655
712
Module:2	RCU:2	branch:1	card:13
578
828
598
820
631
841
790
834
797
828
801
822
805
827
821
839
575
593
574
590
673
661
688
688
809
825
843
663
647
653
625
614
Module:2	RCU:2	branch:1	card:12
726
693
636
703
715
741
711
598
703
588
691
583
645
582
687
580
843
632
586
578
573
691
848
862
681
635
628
568
643
563
846
833
Module:2	RCU:2	branch:1	card:11
847
648
643
611
640
610
641
613
666
615
674
616
670
619
650
626
698
698
691
751
693
753
738
761
710
670
734
818
751
646
742
846
Module:2	RCU:2	branch:1	card:10
887
822
903
838
909
856
910
853
906
850
905
844
901
840
766
841
696
677
703
706
551
698
663
736
673
718
686
724
658
716
685
733
Module:2	RCU:2	branch:1	card:9
691
844
578
884
588
893
600
895
604
895
599
895
873
893
864
890
625
650
649
639
645
632
659
621
651
640
668
646
661
838
670
653
Module:2	RCU:2	branch:1	card:8
871
636
873
619
873
664
875
668
767
678
782
688
648
692
648
690
724
599
566
631
558
618
586
600
578
638
615
648
611
655
631
630
Module:2	RCU:2	branch:1	card:7
788
796
790
806
818
808
821
808
813
800
813
791
818
781
827
868
838
750
728
726
696
689
658
753
793
722
721
691
718
689
721
754
Module:2	RCU:2	branch:1	card:6
733
746
733
831
723
835
711
834
708
691
703
711
753
723
752
731
834
691
828
691
830
779
692
776
692
829
776
686
776
694
748
776
Module:2	RCU:2	branch:1	card:5
726
770
805
773
581
778
739
743
725
753
741
764
761
763
767
750
888
821
890
828
616
800
744
801
678
803
673
828
683
797
550
833
Module:2	RCU:2	branch:1	card:4
569
845
793
857
791
850
782
842
733
846
818
852
824
727
831
709
666
861
666
866
663
864
665
856
867
891
866
873
861
892
863
893
Module:2	RCU:2	branch:1	card:3
596
623
588
618
578
662
606
662
626
657
632
650
629
641
627
801
688
630
661
626
651
636
727
633
601
636
600
638
596
630
585
664
Module:2	RCU:2	branch:1	card:2
746
727
751
681
758
740
753
784
786
699
768
690
716
672
724
703
640
757
726
736
695
667
681
633
746
691
736
731
675
664
598
646
Module:2	RCU:2	branch:1	card:1
679
708
756
596
607
605
608
726
814
786
811
574
751
583
755
663
760
685
803
563
801
573
755
573
813
581
788
575
743
601
533
833
Module:2	RCU:2	branch:0	card:14
700
776
623
683
771
707
751
668
686
669
698
746
659
765
778
693
748
703
748
706
741
657
733
653
698
648
701
646
703
645
703
642
Module:2	RCU:2	branch:0	card:13
786
662
763
651
698
733
721
755
707
668
750
691
738
655
676
701
591
828
837
831
834
842
831
736
832
733
833
733
597
731
828
735
Module:2	RCU:2	branch:0	card:12
815
838
824
766
822
750
897
765
822
772
785
878
893
844
845
800
788
580
786
615
776
623
641
626
643
628
681
836
675
840
669
843
Module:2	RCU:2	branch:0	card:11
838
758
873
826
865
810
860
821
843
884
858
877
866
788
862
781
803
807
813
810
825
810
820
809
818
806
819
801
823
665
795
681
Module:2	RCU:2	branch:0	card:10
726
680
726
681
661
790
663
798
743
857
715
848
670
836
714
803
814
760
785
780
781
796
786
793
788
826
788
763
764
766
773
760
Module:2	RCU:2	branch:0	card:9
813
710
816
784
891
696
896
774
838
699
833
772
766
721
703
771
753
748
751
758
751
762
756
666
776
668
668
666
667
666
694
683
Module:2	RCU:2	branch:0	card:8
816
901
882
808
771
753
788
821
856
895
856
825
846
750
841
751
831
726
771
753
775
750
829
825
813
734
818
725
734
726
727
725
Module:2	RCU:2	branch:0	card:7
798
812
785
803
880
879
875
881
901
796
873
571
878
856
851
858
723
574
701
581
705
778
573
771
576
780
583
768
786
813
562
807
Module:2	RCU:2	branch:0	card:6
813
851
775
842
728
780
768
646
774
839
826
898
843
897
898
858
816
694
828
716
833
719
836
718
753
767
704
702
608
667
708
688
Module:2	RCU:2	branch:0	card:5
863
754
847
811
833
709
723
746
759
776
823
796
827
806
719
673
870
808
784
807
780
804
770
798
800
795
808
792
810
792
808
815
Module:2	RCU:2	branch:0	card:4
888
843
968
833
862
849
872
861
886
915
893
935
911
941
883
885
728
858
940
861
926
851
834
846
832
841
825
833
845
861
855
861
Module:2	RCU:2	branch:0	card:3
960
893
968
900
923
936
931
896
916
903
955
878
910
886
917
887
886
873
882
843
876
881
889
893
903
906
909
923
911
928
903
933
Module:2	RCU:2	branch:0	card:2
733
946
736
941
708
961
751
950
660
940
651
947
763
919
761
916
686
739
743
758
758
755
767
753
767
748
769
746
772
744
758
744
Module:2	RCU:2	branch:0	card:1
613
728
538
545
711
621
610
713
616
686
578
683
518
641
641
588
574
566
715
683
655
684
656
680
668
696
677
783
718
747
742
702
Module:2	RCU:1	branch:1	card:14
641
626
660
705
698
714
726
630
656
640
658
636
725
693
651
626
728
671
743
686
841
700
733
671
730
731
781
731
784
728
613
728
Module:2	RCU:1	branch:1	card:13
741
767
920
850
903
887
828
858
799
691
721
930
725
911
807
952
690
853
687
866
864
743
863
753
771
659
756
827
653
841
721
845
Module:2	RCU:1	branch:1	card:12
675
822
763
848
851
950
971
788
849
819
715
776
702
773
753
764
813
783
802
771
795
801
813
795
840
823
761
795
764
610
767
614
Module:2	RCU:1	branch:1	card:11
831
876
856
758
748
753
798
740
849
786
899
786
866
771
761
758
846
660
736
841
881
921
838
853
861
821
897
836
839
926
855
856
Module:2	RCU:1	branch:1	card:10
737
788
880
880
899
901
882
831
894
736
842
821
863
899
796
818
756
836
881
816
868
906
831
728
731
881
738
806
736
676
868
761
Module:2	RCU:1	branch:1	card:9
948
940
856
850
871
938
916
930
907
885
918
768
921
805
919
879
721
881
734
818
841
841
921
898
898
882
698
736
914
771
866
650
Module:2	RCU:1	branch:1	card:8
793
953
776
925
804
925
787
887
825
909
816
911
829
970
735
938
765
715
684
691
731
770
756
749
743
725
768
777
770
723
751
765
Module:2	RCU:1	branch:1	card:7
690
741
689
657
705
657
636
668
671
655
810
663
643
650
675
666
776
746
769
728
718
778
742
788
716
700
790
743
783
741
713
851
Module:2	RCU:1	branch:1	card:6
696
768
757
762
633
772
628
776
751
807
636
798
620
800
760
787
843
805
838
801
841
796
853
812
853
803
853
748
856
741
849
745
Module:2	RCU:1	branch:1	card:5
725
780
731
773
754
691
746
693
763
665
750
681
862
663
871
679
835
680
875
716
845
832
791
827
855
826
728
816
676
840
687
841
Module:2	RCU:1	branch:1	card:4
754
820
741
736
750
743
788
711
807
716
868
703
796
711
766
731
896
826
781
855
778
828
791
850
808
803
806
829
856
803
826
823
Module:2	RCU:1	branch:1	card:3
711
745
731
711
772
760
776
581
728
611
711
601
732
633
765
631
715
891
832
893
856
901
878
904
876
876
865
882
885
883
873
905
Module:2	RCU:1	branch:1	card:2
758
783
746
703
691
718
740
728
796
726
796
710
818
772
747
736
779
703
766
713
748
713
761
731
748
733
741
738
746
726
676
726
Module:2	RCU:1	branch:1	card:1
818
691
693
685
840
863
833
846
785
781
794
855
828
748
763
709
803
840
724
741
815
763
808
748
849
676
828
760
841
753
733
773
Module:2	RCU:1	branch:0	card:14
783
708
551
777
775
731
744
756
643
841
841
785
581
569
532
699
783
693
775
694
753
730
771
822
776
796
795
816
787
670
684
740
Module:2	RCU:1	branch:0	card:13
696
773
636
760
702
831
766
601
833
701
807
846
626
608
590
770
721
693
718
656
729
700
727
776
718
781
697
653
692
781
690
661
Module:2	RCU:1	branch:0	card:12
753
593
737
708
780
707
783
733
796
648
793
743
794
743
673
665
821
850
819
855
818
860
816
855
813
836
724
884
727
648
846
720
Module:2	RCU:1	branch:0	card:11
756
801
811
831
800
825
816
841
821
841
662
733
804
751
823
771
860
782
863
786
866
790
873
796
879
906
883
898
802
833
788
823
Module:2	RCU:1	branch:0	card:10
680
860
658
830
821
868
861
863
861
873
851
786
857
791
841
776
921
841
926
841
918
837
921
831
918
825
916
805
843
842
841
852
Module:2	RCU:1	branch:0	card:9
673
635
674
698
665
728
648
629
697
591
693
625
673
661
902
636
753
888
756
881
761
871
766
850
906
880
899
907
892
911
889
916
Module:2	RCU:1	branch:0	card:8
563
736
775
629
741
633
736
563
795
576
798
546
780
721
741
706
723
768
796
768
793
681
794
764
656
630
685
813
693
736
768
750
Module:2	RCU:1	branch:0	card:7
791
771
770
821
816
608
810
711
790
708
817
786
835
790
810
807
652
731
658
698
753
704
751
708
742
713
736
713
738
712
738
717
Module:2	RCU:1	branch:0	card:6
738
815
803
811
777
761
805
751
798
786
753
746
746
761
741
768
883
649
871
686
696
685
687
686
683
618
676
619
657
608
653
621
Module:2	RCU:1	branch:0	card:5
688
773
746
706
758
731
768
761
770
790
731
786
774
768
721
730
896
801
899
814
901
837
881
851
820
848
886
867
893
858
897
853
Module:2	RCU:1	branch:0	card:4
726
599
713
600
718
627
744
631
735
653
741
626
559
663
580
663
906
818
907
872
858
867
847
864
925
886
915
883
911
892
828
891
Module:2	RCU:1	branch:0	card:3
796
830
786
824
793
828
780
675
751
653
788
678
815
713
828
718
800
733
851
768
853
910
829
898
721
910
697
836
751
912
744
893
Module:2	RCU:1	branch:0	card:2
610
631
772
646
638
649
615
625
635
563
537
764
746
791
629
765
831
761
849
770
844
753
827
758
776
790
793
774
800
786
821
823
Module:2	RCU:1	branch:0	card:1
740
556
726
851
737
675
730
588
808
631
738
723
736
660
733
723
630
846
846
841
860
846
871
847
886
823
881
834
832
841
826
766
Module:2	RCU:0	branch:1	card:14
795
816
791
837
666
818
839
801
843
688
799
808
798
809
814
805
779
692
785
811
773
746
861
850
705
760
795
683
783
826
741
736
Module:2	RCU:0	branch:1	card:13
828
770
811
842
883
875
873
880
842
843
718
722
775
748
884
813
820
803
827
860
777
846
788
878
759
873
724
860
833
871
825
800
Module:2	RCU:0	branch:1	card:12
873
776
871
801
757
791
833
815
779
809
825
823
826
818
785
835
667
846
656
876
720
858
697
868
680
831
852
845
802
812
796
821
Module:2	RCU:0	branch:1	card:11
813
826
878
850
700
848
703
870
724
849
850
750
861
871
842
807
714
797
745
732
681
716
775
713
684
801
742
800
706
691
695
726
Module:2	RCU:0	branch:1	card:10
961
922
865
855
898
883
787
697
846
931
863
873
953
905
875
928
800
779
866
793
871
690
718
678
716
740
802
673
803
678
715
733
Module:2	RCU:0	branch:1	card:9
910
871
723
962
856
813
701
900
854
891
906
723
901
950
851
866
613
740
611
751
613
755
713
747
766
788
754
774
783
796
765
771
Module:2	RCU:0	branch:1	card:8
697
733
758
938
743
945
771
828
773
846
755
697
741
869
946
908
591
575
653
711
613
715
715
716
711
545
549
561
601
565
596
571
Module:2	RCU:0	branch:1	card:7
811
753
743
718
788
788
746
763
896
736
721
743
790
927
765
918
621
696
621
590
676
616
677
620
594
626
630
713
631
710
665
686
Module:2	RCU:0	branch:1	card:6
865
805
875
793
890
797
889
907
781
802
800
776
795
813
801
809
581
583
584
621
603
603
608
676
613
656
651
645
654
593
653
630
Module:2	RCU:0	branch:1	card:5
678
963
708
953
723
944
721
931
708
970
716
953
693
934
698
880
720
619
718
613
741
662
685
632
712
626
689
550
679
548
576
546
Module:2	RCU:0	branch:1	card:4
756
641
941
918
911
661
730
673
936
673
740
674
691
700
663
689
693
716
687
653
714
743
751
650
755
643
771
725
751
735
720
688
Module:2	RCU:0	branch:1	card:3
708
810
804
813
780
746
816
778
690
750
817
720
731
813
788
713
781
782
776
798
768
776
778
803
786
795
786
771
863
808
798
870
Module:2	RCU:0	branch:1	card:2
642
753
781
767
771
706
535
780
690
719
758
681
714
784
671
773
835
881
733
856
821
861
821
871
831
745
857
721
853
746
879
743
Module:2	RCU:0	branch:1	card:1
684
740
641
626
660
705
698
714
726
630
656
640
658
636
725
693
651
626
728
671
743
686
841
700
733
671
730
731
781
731
784
728
Module:2	RCU:0	branch:0	card:14
620
606
653
646
712
607
641
642
578
601
700
656
640
616
646
566
913
877
858
881
854
876
875
873
865
866
854
826
901
841
878
804
Module:2	RCU:0	branch:0	card:13
656
676
647
676
656
715
692
675
686
706
674
712
677
712
678
706
891
903
893
801
913
926
905
923
900
913
896
910
896
903
886
905
Module:2	RCU:0	branch:0	card:12
740
736
726
736
737
761
730
761
723
763
738
834
736
751
733
757
790
863
806
865
806
863
785
558
840
881
823
873
858
871
851
857
Module:2	RCU:0	branch:0	card:11
568
798
749
788
757
784
767
728
771
713
773
703
783
641
780
717
767
741
748
746
771
766
813
803
743
783
815
768
822
805
783
888
Module:2	RCU:0	branch:0	card:10
776
817
790
587
571
796
783
586
570
855
771
538
803
536
795
538
926
918
921
902
916
869
942
906
898
891
911
881
876
783
852
806
Module:2	RCU:0	branch:0	card:9
766
777
760
770
626
675
631
683
690
765
699
555
716
783
736
565
954
910
928
908
946
913
873
927
893
888
908
888
885
900
940
933
Module:2	RCU:0	branch:0	card:8
683
719
836
710
690
748
744
630
643
636
650
712
691
709
722
726
622
952
664
938
884
948
879
931
643
945
863
926
914
948
953
960
Module:2	RCU:0	branch:0	card:7
633
733
618
661
668
673
748
648
606
726
600
645
657
616
651
678
907
942
916
916
941
930
941
961
933
952
914
931
883
613
953
756
Module:2	RCU:0	branch:0	card:6
677
588
775
552
779
602
638
598
646
631
741
571
823
561
548
601
843
901
870
896
876
890
878
915
881
878
868
906
846
921
861
926
Module:2	RCU:0	branch:0	card:5
758
661
626
790
626
802
618
651
795
656
678
641
655
646
671
685
708
653
658
638
671
688
699
743
699
749
690
781
661
781
657
781
Module:2	RCU:0	branch:0	card:4
751
750
723
720
720
708
691
717
717
758
696
726
609
615
578
611
786
830
826
838
808
811
806
856
806
856
830
878
830
863
831
821
Module:2	RCU:0	branch:0	card:3
586
771
653
685
581
678
665
583
796
587
766
786
543
796
785
741
736
650
729
658
708
761
756
760
757
757
746
748
682
676
676
678
Module:2	RCU:0	branch:0	card:2
796
858
791
851
793
846
796
598
815
632
721
830
835
622
842
633
591
716
638
715
611
672
630
664
646
683
641
703
634
696
674
683
Module:2	RCU:0	branch:0	card:1
567
784
783
708
551
777
775
731
744
756
643
841
841
785
581
569
532
699
783
693
775
694
753
730
771
822
776
796
795
816
787
670
