Module:1	RCU:0	branch:0	card:5
512
512
512
512
512
512
512
512
512
512
512
512
512
512
512
512
512
512
512
512
512
512
512
512
512
512
512
512
512
512
512
512
Module:1	RCU:0	branch:0	card:6
512
512
512
512
512
512
512
512
512
512
512
512
512
512
512
512
512
512
512
512
512
512
512
512
512
512
512
512
512
512
512
512
Module:1	RCU:0	branch:0	card:7
512
512
512
512
512
512
512
512
512
512
512
512
512
512
512
512
512
512
512
512
512
512
512
512
512
512
512
512
512
512
512
512
Module:1	RCU:0	branch:0	card:13
512
512
512
512
512
512
512
512
512
512
512
512
512
512
512
512
512
512
512
512
512
512
512
512
512
512
512
512
512
512
512
512
Module:1	RCU:0	branch:1	card:5
512
512
512
512
512
512
512
512
512
512
512
512
512
512
512
512
512
512
512
512
512
512
512
512
512
512
512
512
512
512
512
512
Module:1	RCU:1	branch:0	card:5
512
512
512
512
512
512
512
512
512
512
512
512
512
512
512
512
512
512
512
512
512
512
512
512
512
512
512
512
512
512
512
512
Module:1	RCU:1	branch:0	card:6
512
512
512
512
512
512
512
512
512
512
512
512
512
512
512
512
512
512
512
512
512
512
512
512
512
512
512
512
512
512
512
512
Module:1	RCU:1	branch:0	card:12
512
512
512
512
512
512
512
512
512
512
512
512
512
512
512
512
512
512
512
512
512
512
512
512
512
512
512
512
512
512
512
512
Module:1	RCU:1	branch:1	card:3
512
512
512
512
512
512
512
512
512
512
512
512
512
512
512
512
512
512
512
512
512
512
512
512
512
512
512
512
512
512
512
512
Module:1	RCU:1	branch:1	card:5
512
512
512
512
512
512
512
512
512
512
512
512
512
512
512
512
512
512
512
512
512
512
512
512
512
512
512
512
512
512
512
512
Module:2	RCU:0	branch:0	card:1
411
411
411
411
411
411
411
411
411
411
411
411
411
411
411
411
411
411
411
411
411
411
411
411
411
411
411
411
411
411
411
411
Module:2	RCU:0	branch:0	card:2
411
411
411
411
411
411
411
411
411
411
411
411
411
411
411
411
411
411
411
411
411
411
411
411
411
411
411
411
411
411
411
411
Module:2	RCU:0	branch:0	card:3
411
411
411
411
411
411
411
411
411
411
411
411
411
411
411
411
411
411
411
411
411
411
411
411
411
411
411
411
411
411
411
411
Module:2	RCU:0	branch:0	card:4
411
411
411
411
411
411
411
411
411
411
411
411
411
411
411
411
411
411
411
411
411
411
411
411
411
411
411
411
411
411
411
411
Module:2	RCU:0	branch:0	card:5
310
310
310
310
310
310
310
310
310
310
310
310
310
310
310
310
310
310
310
310
310
310
310
310
310
310
310
310
310
310
310
310
Module:2	RCU:0	branch:0	card:6
411
411
411
411
411
411
411
411
411
411
411
411
411
411
411
411
411
411
411
411
411
411
411
411
411
411
411
411
411
411
411
411
Module:2	RCU:0	branch:0	card:7
411
411
411
411
411
411
411
411
411
411
411
411
411
411
411
411
411
411
411
411
411
411
411
411
411
411
411
411
411
411
411
411
Module:2	RCU:0	branch:0	card:8
411
411
411
411
411
411
411
411
411
411
411
411
411
411
411
411
411
411
411
411
411
411
411
411
411
411
411
411
411
411
411
411
Module:2	RCU:0	branch:0	card:9
411
411
411
411
411
411
411
411
411
411
411
411
411
411
411
411
411
411
411
411
411
411
411
411
411
411
411
411
411
411
411
411
Module:2	RCU:0	branch:0	card:10
411
411
411
411
411
411
411
411
411
411
411
411
411
411
411
411
411
411
411
411
411
411
411
411
411
411
411
411
411
411
411
411
Module:2	RCU:0	branch:0	card:11
411
411
411
411
411
411
411
411
411
411
411
411
411
411
411
411
411
411
411
411
411
411
411
411
411
411
411
411
411
411
411
411
Module:2	RCU:0	branch:0	card:12
411
411
411
411
411
411
411
411
411
411
411
411
411
411
411
411
411
411
411
411
411
411
411
411
411
411
411
411
411
411
411
411
Module:2	RCU:0	branch:0	card:13
411
411
411
411
411
411
411
411
411
411
411
411
411
411
411
411
411
411
411
411
411
411
411
411
411
411
411
411
411
411
411
411
Module:2	RCU:0	branch:0	card:14
411
411
411
411
411
411
411
411
411
411
411
411
411
411
411
411
411
411
411
411
411
411
411
411
411
411
411
411
411
411
411
411
Module:2	RCU:0	branch:1	card:1
411
411
411
411
411
411
411
411
411
411
411
411
411
411
411
411
411
411
411
411
411
411
411
411
411
411
411
411
411
411
411
411
Module:2	RCU:0	branch:1	card:2
411
411
411
411
411
411
411
411
411
411
411
411
411
411
411
411
411
411
411
411
411
411
411
411
411
411
411
411
411
411
411
411
Module:2	RCU:0	branch:1	card:3
411
411
411
411
411
411
411
411
411
411
411
411
411
411
411
411
411
411
411
411
411
411
411
411
411
411
411
411
411
411
411
411
Module:2	RCU:0	branch:1	card:4
411
411
411
411
411
411
411
411
411
411
411
411
411
411
411
411
411
411
411
411
411
411
411
411
411
411
411
411
411
411
411
411
Module:2	RCU:0	branch:1	card:5
411
411
411
411
411
411
411
411
411
411
411
411
411
411
411
411
411
411
411
411
411
411
411
411
411
411
411
411
411
411
411
411
Module:2	RCU:0	branch:1	card:6
411
411
411
411
411
411
411
411
411
411
411
411
411
411
411
411
411
411
411
411
411
411
411
411
411
411
411
411
411
411
411
411
Module:2	RCU:0	branch:1	card:7
411
411
411
411
411
411
411
411
411
411
411
411
411
411
411
411
411
411
411
411
411
411
411
411
411
411
411
411
411
411
411
411
Module:2	RCU:0	branch:1	card:8
411
411
411
411
411
411
411
411
411
411
411
411
411
411
411
411
411
411
411
411
411
411
411
411
411
411
411
411
411
411
411
411
Module:2	RCU:0	branch:1	card:9
411
411
411
411
411
411
411
411
411
411
411
411
411
411
411
411
411
411
411
411
411
411
411
411
411
411
411
411
411
411
411
411
Module:2	RCU:0	branch:1	card:10
411
411
411
411
411
411
411
411
411
411
411
411
411
411
411
411
411
411
411
411
411
411
411
411
411
411
411
411
411
411
411
411
Module:2	RCU:0	branch:1	card:11
411
411
411
411
411
411
411
411
411
411
411
411
411
411
411
411
411
411
411
411
411
411
411
411
411
411
411
411
411
411
411
411
Module:2	RCU:0	branch:1	card:12
411
411
411
411
411
411
411
411
411
411
411
411
411
411
411
411
411
411
411
411
411
411
411
411
411
411
411
411
411
411
411
411
Module:2	RCU:0	branch:1	card:13
411
411
411
411
411
411
411
411
411
411
411
411
411
411
411
411
411
411
411
411
411
411
411
411
411
411
411
411
411
411
411
411
Module:2	RCU:0	branch:1	card:14
411
411
411
411
411
411
411
411
411
411
411
411
411
411
411
411
411
411
411
411
411
411
411
411
411
411
411
411
411
411
411
411
Module:2	RCU:1	branch:0	card:1
789
789
789
789
789
789
789
789
789
789
789
789
789
789
789
789
789
789
789
789
789
789
789
789
789
789
789
789
789
789
789
789
Module:2	RCU:1	branch:0	card:2
789
789
789
789
789
789
789
789
789
789
789
789
789
789
789
789
789
789
789
789
789
789
789
789
789
789
789
789
789
789
789
789
Module:2	RCU:1	branch:0	card:3
789
789
789
789
789
789
789
789
789
789
789
789
789
789
789
789
789
789
789
789
789
789
789
789
789
789
789
789
789
789
789
789
Module:2	RCU:1	branch:0	card:4
789
789
789
789
789
789
789
789
789
789
789
789
789
789
789
789
789
789
789
789
789
789
789
789
789
789
789
789
789
789
789
789
Module:2	RCU:1	branch:0	card:5
789
789
789
789
789
789
789
789
789
789
789
789
789
789
789
789
789
789
789
789
789
789
789
789
789
789
789
789
789
789
789
789
Module:2	RCU:1	branch:0	card:6
789
789
789
789
789
789
789
789
789
789
789
789
789
789
789
789
789
789
789
789
789
789
789
789
789
789
789
789
789
789
789
789
Module:2	RCU:1	branch:0	card:7
789
789
789
789
789
789
789
789
789
789
789
789
789
789
789
789
789
789
789
789
789
789
789
789
789
789
789
789
789
789
789
789
Module:2	RCU:1	branch:0	card:8
789
789
789
789
789
789
789
789
789
789
789
789
789
789
789
789
789
789
789
789
789
789
789
789
789
789
789
789
789
789
789
789
Module:2	RCU:1	branch:0	card:9
789
789
789
789
789
789
789
789
789
789
789
789
789
789
789
789
789
789
789
789
789
789
789
789
789
789
789
789
789
789
789
789
Module:2	RCU:1	branch:0	card:10
789
789
789
789
789
789
789
789
789
789
789
789
789
789
789
789
789
789
789
789
789
789
789
789
789
789
789
789
789
789
789
789
Module:2	RCU:1	branch:0	card:11
789
789
789
789
789
789
789
789
789
789
789
789
789
789
789
789
789
789
789
789
789
789
789
789
789
789
789
789
789
789
789
789
Module:2	RCU:1	branch:0	card:12
512
512
512
512
512
512
512
512
512
512
512
512
512
512
512
512
512
512
512
512
512
512
512
512
512
512
512
512
512
512
512
512
Module:2	RCU:1	branch:0	card:13
789
789
789
789
789
789
789
789
789
789
789
789
789
789
789
789
789
789
789
789
789
789
789
789
789
789
789
789
789
789
789
789
Module:2	RCU:1	branch:0	card:14
789
789
789
789
789
789
789
789
789
789
789
789
789
789
789
789
789
789
789
789
789
789
789
789
789
789
789
789
789
789
789
789
Module:2	RCU:1	branch:1	card:1
789
789
789
789
789
789
789
789
789
789
789
789
789
789
789
789
789
789
789
789
789
789
789
789
789
789
789
789
789
789
789
789
Module:2	RCU:1	branch:1	card:2
789
789
789
789
789
789
789
789
789
789
789
789
789
789
789
789
789
789
789
789
789
789
789
789
789
789
789
789
789
789
789
789
Module:2	RCU:1	branch:1	card:3
789
789
789
789
789
789
789
789
789
789
789
789
789
789
789
789
789
789
789
789
789
789
789
789
789
789
789
789
789
789
789
789
Module:2	RCU:1	branch:1	card:4
789
789
789
789
789
789
789
789
789
789
789
789
789
789
789
789
789
789
789
789
789
789
789
789
789
789
789
789
789
789
789
789
Module:2	RCU:1	branch:1	card:5
789
789
789
789
789
789
789
789
789
789
789
789
789
789
789
789
789
789
789
789
789
789
789
789
789
789
789
789
789
789
789
789
Module:2	RCU:1	branch:1	card:6
789
789
789
789
789
789
789
789
789
789
789
789
789
789
789
789
789
789
789
789
789
789
789
789
789
789
789
789
789
789
789
789
Module:2	RCU:1	branch:1	card:7
789
789
789
789
789
789
789
789
789
789
789
789
789
789
789
789
789
789
789
789
789
789
789
789
789
789
789
789
789
789
789
789
Module:2	RCU:1	branch:1	card:8
789
789
789
789
789
789
789
789
789
789
789
789
789
789
789
789
789
789
789
789
789
789
789
789
789
789
789
789
789
789
789
789
Module:2	RCU:1	branch:1	card:9
999
999
999
999
999
999
999
999
999
999
999
999
999
999
999
999
999
999
999
999
999
999
999
999
999
999
999
999
999
999
999
999
Module:2	RCU:1	branch:1	card:10
789
789
789
789
789
789
789
789
789
789
789
789
789
789
789
789
789
789
789
789
789
789
789
789
789
789
789
789
789
789
789
789
Module:2	RCU:1	branch:1	card:11
789
789
789
789
789
789
789
789
789
789
789
789
789
789
789
789
789
789
789
789
789
789
789
789
789
789
789
789
789
789
789
789
Module:2	RCU:1	branch:1	card:12
789
789
789
789
789
789
789
789
789
789
789
789
789
789
789
789
789
789
789
789
789
789
789
789
789
789
789
789
789
789
789
789
Module:2	RCU:1	branch:1	card:13
789
789
789
789
789
789
789
789
789
789
789
789
789
789
789
789
789
789
789
789
789
789
789
789
789
789
789
789
789
789
789
789
Module:2	RCU:1	branch:1	card:14
789
789
789
789
789
789
789
789
789
789
789
789
789
789
789
789
789
789
789
789
789
789
789
789
789
789
789
789
789
789
789
789
Module:2	RCU:2	branch:0	card:1
543
543
543
543
543
543
543
543
543
543
543
543
543
543
543
543
543
543
543
543
543
543
543
543
543
543
543
543
543
543
543
543
Module:2	RCU:2	branch:0	card:2
411
411
411
411
411
411
411
411
411
411
411
411
411
411
411
411
411
411
411
411
411
411
411
411
411
411
411
411
411
411
411
411
Module:2	RCU:2	branch:0	card:3
411
411
404
411
411
411
401
411
418
411
417
411
411
411
411
411
411
411
411
411
411
411
411
411
411
411
411
411
411
411
411
411
Module:2	RCU:2	branch:0	card:4
411
411
411
411
411
411
411
411
411
411
411
411
411
411
411
411
411
411
411
411
411
411
411
411
411
411
411
411
411
411
411
411
Module:2	RCU:2	branch:0	card:5
878
878
878
878
878
878
878
878
878
878
878
878
878
878
878
878
878
878
878
878
878
878
878
878
878
878
878
878
878
878
878
878
Module:2	RCU:2	branch:0	card:6
411
411
411
411
411
411
411
411
411
411
411
411
411
411
411
411
411
411
411
411
411
411
411
411
411
411
411
411
411
411
411
411
Module:2	RCU:2	branch:0	card:7
411
411
411
411
411
411
411
411
411
411
411
411
411
411
411
411
411
411
411
411
411
411
411
411
411
411
411
411
411
411
411
411
Module:2	RCU:2	branch:0	card:8
709
709
709
709
709
709
709
709
709
709
709
709
709
709
709
709
709
709
709
709
709
709
709
709
709
709
709
709
709
709
709
709
Module:2	RCU:2	branch:0	card:9
397
411
411
411
411
411
411
411
411
411
411
411
340
411
411
411
411
411
411
411
411
411
411
411
411
411
411
411
411
411
411
411
Module:2	RCU:2	branch:0	card:10
411
411
411
411
411
411
411
411
411
411
411
411
411
411
411
411
411
411
411
411
411
411
411
411
411
411
411
411
411
411
411
411
Module:2	RCU:2	branch:0	card:11
411
411
411
411
411
411
411
411
411
411
411
411
411
411
411
411
411
411
411
411
411
411
411
411
411
411
411
411
411
411
411
411
Module:2	RCU:2	branch:0	card:12
411
411
411
411
411
411
411
411
411
411
411
411
411
411
411
411
411
411
411
411
411
411
411
411
411
411
411
411
411
411
411
411
Module:2	RCU:2	branch:0	card:13
411
411
411
411
411
411
411
411
411
411
411
411
411
411
411
411
411
411
411
411
411
411
411
411
411
411
411
411
411
411
411
411
Module:2	RCU:2	branch:0	card:14
411
411
411
411
411
411
411
411
411
411
411
411
411
411
411
411
411
411
411
411
411
411
411
411
411
411
411
411
411
411
411
411
Module:2	RCU:2	branch:1	card:1
411
411
411
411
411
411
411
411
411
411
411
411
411
411
411
411
411
411
411
411
411
411
411
411
411
411
411
411
411
411
411
411
Module:2	RCU:2	branch:1	card:2
411
411
411
411
411
411
411
411
411
411
411
411
411
411
411
411
411
411
411
411
411
411
411
411
411
411
411
411
411
411
411
411
Module:2	RCU:2	branch:1	card:3
411
411
411
411
411
411
411
411
411
411
411
411
411
411
411
411
411
411
411
411
411
411
411
411
411
411
411
411
411
411
411
411
Module:2	RCU:2	branch:1	card:4
411
349
411
411
411
376
411
411
411
411
411
366
411
411
411
411
411
416
411
411
411
411
411
411
383
411
411
411
411
411
411
411
Module:2	RCU:2	branch:1	card:5
111
111
111
111
111
111
111
111
111
111
111
111
111
111
111
111
111
111
111
111
111
111
111
111
111
111
111
111
111
111
111
111
Module:2	RCU:2	branch:1	card:6
411
411
411
411
411
411
411
411
411
411
411
411
411
411
411
411
411
411
411
411
411
411
411
411
411
411
411
411
411
411
411
411
Module:2	RCU:2	branch:1	card:7
411
411
411
411
411
411
411
411
411
411
411
411
411
411
411
411
411
411
411
411
411
411
411
411
411
411
411
411
411
411
411
411
Module:2	RCU:2	branch:1	card:8
411
411
411
411
411
411
411
411
411
411
411
411
411
411
411
411
411
411
411
411
411
411
411
411
411
411
411
411
411
411
411
411
Module:2	RCU:2	branch:1	card:9
411
411
411
411
411
411
411
411
411
411
411
411
411
411
411
411
411
411
411
411
411
411
411
411
411
411
411
411
411
411
411
411
Module:2	RCU:2	branch:1	card:10
411
411
411
411
411
411
411
411
411
411
411
411
411
411
411
411
411
411
411
411
411
411
411
411
411
411
411
411
411
411
411
411
Module:2	RCU:2	branch:1	card:11
411
411
411
411
411
411
411
411
411
411
411
411
411
411
411
411
411
411
411
411
411
411
411
411
411
411
411
411
411
411
411
411
Module:2	RCU:2	branch:1	card:12
411
411
411
411
411
411
411
411
411
411
411
411
411
411
411
411
411
411
411
411
411
411
411
411
411
411
411
411
411
411
411
411
Module:2	RCU:2	branch:1	card:13
878
878
878
878
878
878
878
878
878
878
878
878
878
878
878
878
878
878
878
878
878
878
878
878
878
878
878
878
878
878
878
878
Module:2	RCU:2	branch:1	card:14
411
411
411
411
411
411
411
411
411
411
411
411
411
411
411
411
411
411
411
411
411
411
411
411
411
411
411
411
411
411
411
411
Module:2	RCU:3	branch:0	card:1
411
411
411
411
411
411
411
411
411
411
411
411
411
411
411
411
411
411
411
411
411
411
411
411
411
411
411
411
411
411
411
411
Module:2	RCU:3	branch:0	card:2
411
411
411
411
411
411
411
411
411
411
411
411
411
411
411
411
411
411
411
411
411
411
411
411
411
411
411
411
411
411
411
411
Module:2	RCU:3	branch:0	card:3
411
411
411
411
411
411
411
411
411
411
411
411
411
411
411
411
411
411
411
411
411
411
411
411
411
411
411
411
411
411
411
411
Module:2	RCU:3	branch:0	card:4
411
411
411
411
411
411
411
411
411
411
411
411
411
411
411
411
411
411
411
411
411
411
411
411
411
411
411
411
411
411
411
411
Module:2	RCU:3	branch:0	card:5
411
411
411
411
411
411
411
411
411
411
411
411
411
411
411
411
411
411
411
411
411
411
411
411
411
411
411
411
411
411
411
411
Module:2	RCU:3	branch:0	card:6
411
411
411
411
411
411
411
411
411
411
411
411
411
411
411
411
411
411
411
411
411
411
411
411
411
411
411
411
411
411
411
411
Module:2	RCU:3	branch:0	card:7
411
411
411
411
411
411
411
411
411
411
411
411
411
411
411
411
411
411
411
411
411
411
411
411
411
411
411
411
411
411
411
411
Module:2	RCU:3	branch:0	card:8
411
411
411
411
411
411
411
411
411
411
411
411
411
411
411
411
411
411
411
411
411
411
411
411
411
411
411
411
411
411
411
411
Module:2	RCU:3	branch:0	card:9
411
411
411
411
411
411
411
411
411
411
411
411
411
411
411
411
411
411
411
411
411
411
411
411
411
411
411
411
411
411
411
411
Module:2	RCU:3	branch:0	card:10
411
411
411
411
411
411
411
411
411
411
411
411
411
411
411
411
411
411
411
411
411
411
411
411
411
411
411
411
411
411
411
411
Module:2	RCU:3	branch:0	card:11
411
411
411
411
411
411
411
411
411
411
411
411
411
411
411
411
411
411
411
411
411
411
411
411
411
411
411
411
411
411
411
411
Module:2	RCU:3	branch:0	card:12
411
411
411
411
411
411
411
411
411
411
411
411
411
411
411
411
411
411
411
411
411
411
411
411
411
411
411
411
411
411
411
411
Module:2	RCU:3	branch:0	card:13
411
411
411
411
411
411
411
411
411
411
411
411
411
411
411
411
411
411
411
411
411
411
411
411
411
411
411
411
411
411
411
411
Module:2	RCU:3	branch:0	card:14
411
411
411
411
411
411
411
411
411
411
411
411
411
411
411
411
411
411
411
411
411
411
411
411
411
411
411
411
411
411
411
411
Module:2	RCU:3	branch:1	card:1
411
411
411
411
411
411
411
411
411
411
411
411
411
411
411
411
411
411
411
411
411
411
411
411
411
411
411
411
411
411
411
411
Module:2	RCU:3	branch:1	card:2
411
411
411
411
411
411
411
411
411
411
411
411
411
411
411
411
411
411
411
411
411
411
411
411
411
411
411
411
411
411
411
411
Module:2	RCU:3	branch:1	card:3
411
411
411
411
411
411
411
411
411
411
411
411
411
411
411
411
411
411
411
411
411
411
411
411
411
411
411
411
411
411
411
411
Module:2	RCU:3	branch:1	card:4
411
411
411
411
411
411
411
411
411
411
411
411
411
411
411
411
411
411
411
411
411
411
411
411
411
411
411
411
411
411
411
411
Module:2	RCU:3	branch:1	card:5
411
411
411
411
411
411
411
411
411
411
411
411
411
411
411
411
411
411
411
411
411
411
411
411
411
411
411
411
411
411
411
411
Module:2	RCU:3	branch:1	card:6
411
411
411
411
411
411
411
411
411
411
411
411
411
411
411
411
411
411
411
411
411
411
411
411
411
411
411
411
411
411
411
411
Module:2	RCU:3	branch:1	card:7
411
411
411
411
411
411
411
411
411
411
411
411
411
411
411
411
411
411
411
411
411
411
411
411
411
411
411
411
411
411
411
411
Module:2	RCU:3	branch:1	card:8
411
411
411
411
411
411
411
411
411
411
411
411
411
411
411
411
411
411
411
411
411
411
411
411
411
411
411
411
411
411
411
411
Module:2	RCU:3	branch:1	card:9
411
411
411
411
411
411
411
411
411
411
411
411
411
411
411
411
411
411
411
411
411
411
411
411
411
411
411
411
411
411
411
411
Module:2	RCU:3	branch:1	card:10
411
411
411
411
411
411
411
411
411
411
411
411
411
411
411
411
411
411
411
411
411
411
411
411
411
411
411
411
411
411
411
411
Module:2	RCU:3	branch:1	card:11
411
411
411
411
411
411
411
411
411
411
411
411
411
411
411
411
411
411
411
411
411
411
411
411
411
411
411
411
411
411
411
411
Module:2	RCU:3	branch:1	card:12
411
411
411
411
411
411
411
411
411
411
411
411
411
411
411
411
411
411
411
411
411
411
411
411
411
411
411
411
411
411
411
411
Module:2	RCU:3	branch:1	card:13
411
411
411
411
411
411
411
411
411
411
411
411
411
411
411
411
411
411
411
411
411
411
411
411
411
411
411
411
411
411
411
411
Module:2	RCU:3	branch:1	card:14
411
411
411
411
411
411
411
411
411
411
411
411
411
411
411
411
411
411
411
411
411
411
411
411
411
411
411
411
411
411
411
411
