Module:2	 RCU:0	 branch:0	 card:1
0
959
0
883
0
952
0
906
0
931
0
1016
0
960
0
744
0
874
0
868
0
869
0
905
0
997
0
971
0
991
0
845
Module:2	 RCU:0	 branch:0	 card:2
971
0
966
0
968
0
971
0
990
0
896
0
1010
0
1017
0
766
0
813
0
786
0
805
0
821
0
816
0
809
0
849
0
Module:2	 RCU:0	 branch:0	 card:3
761
946
828
860
756
853
840
758
971
762
941
961
718
971
960
916
911
825
904
833
883
936
931
935
932
932
921
923
857
851
851
853
Module:2	 RCU:0	 branch:0	 card:4
0
925
0
895
0
883
0
892
0
933
0
901
0
790
0
786
0
1005
0
1013
0
986
0
1023
0
1023
0
1023
0
1023
0
996
Module:2	 RCU:0	 branch:0	 card:5
933
0
801
0
801
0
793
0
970
0
853
0
830
0
846
0
883
0
833
0
846
0
874
0
874
0
865
0
836
0
832
0
Module:2	 RCU:0	 branch:0	 card:6
852
763
950
727
954
777
813
773
821
806
916
746
998
736
723
776
1018
1023
1023
1023
1023
1023
1023
1023
1023
1023
1023
1023
1021
1023
1023
1023
Module:2	 RCU:0	 branch:0	 card:7
0
908
0
836
0
848
0
823
0
901
0
820
0
791
0
853
0
1023
0
1023
0
1023
0
1023
0
1023
0
1023
0
788
0
931
Module:2	 RCU:0	 branch:0	 card:8
858
0
1011
0
865
0
919
0
818
0
825
0
866
0
897
0
797
0
839
0
1023
0
1023
0
818
0
1023
0
1023
0
1023
0
Module:2	 RCU:0	 branch:0	 card:9
941
952
935
945
801
850
806
858
865
940
874
730
891
958
911
740
1023
1023
1023
1023
1023
1023
1023
1023
1023
1023
1023
1023
1023
1023
1023
1023
Module:2	 RCU:0	 branch:0	 card:10
0
992
0
762
0
971
0
761
0
1023
0
713
0
711
0
713
0
1023
0
1023
0
1023
0
1023
0
1023
0
1023
0
958
0
981
Module:2	 RCU:0	 branch:0	 card:11
743
0
924
0
932
0
942
0
946
0
948
0
958
0
955
0
942
0
923
0
946
0
988
0
918
0
990
0
997
0
958
0
Module:2	 RCU:0	 branch:0	 card:12
915
911
901
911
912
936
905
936
898
938
913
1009
911
926
908
932
965
1023
981
1023
981
1023
960
733
1015
1023
998
1023
1023
1023
1023
1023
Module:2	 RCU:0	 branch:0	 card:13
0
851
0
851
0
890
0
850
0
881
0
887
0
887
0
881
0
1023
0
976
0
1023
0
1023
0
1023
0
1023
0
1023
0
1023
Module:2	 RCU:0	 branch:0	 card:14
795
0
828
0
887
0
816
0
753
0
875
0
815
0
821
0
1023
0
1023
0
1023
0
1023
0
1023
0
1023
0
1023
0
1023
0
Module:2	 RCU:0	 branch:1	 card:1
0
915
0
801
0
880
0
889
0
805
0
815
0
811
0
868
0
801
0
846
0
861
0
875
0
846
0
906
0
906
0
903
Module:2	 RCU:0	 branch:1	 card:2
817
0
956
0
946
0
710
0
865
0
933
0
889
0
846
0
1010
0
908
0
996
0
996
0
1006
0
1023
0
1023
0
1023
0
Module:2	 RCU:0	 branch:1	 card:3
883
985
979
988
955
921
991
953
865
925
992
895
906
988
963
888
956
957
951
973
943
951
953
978
961
970
961
946
1023
983
973
1023
Module:2	 RCU:0	 branch:1	 card:4
0
816
0
1023
0
836
0
848
0
848
0
849
0
875
0
864
0
891
0
828
0
918
0
825
0
818
0
900
0
910
0
863
Module:2	 RCU:0	 branch:1	 card:5
853
0
883
0
898
0
896
0
883
0
891
0
868
0
873
0
895
0
893
0
916
0
860
0
887
0
864
0
854
0
751
0
Module:2	 RCU:0	 branch:1	 card:6
1023
980
1023
968
1023
972
1023
1023
956
977
975
951
970
988
976
984
756
758
759
796
778
778
783
851
788
831
826
820
829
768
828
805
Module:2	 RCU:0	 branch:1	 card:7
0
928
0
893
0
963
0
938
0
911
0
918
0
1023
0
1023
0
871
0
765
0
791
0
795
0
801
0
888
0
885
0
861
Module:2	 RCU:0	 branch:1	 card:8
872
0
933
0
918
0
946
0
948
0
930
0
916
0
1023
0
766
0
828
0
788
0
890
0
886
0
724
0
776
0
771
0
Module:2	 RCU:0	 branch:1	 card:9
1023
1023
898
1023
1023
988
876
1023
1023
1023
1023
898
1023
1023
1023
1023
788
915
786
926
788
930
888
922
941
963
929
949
958
971
940
946
Module:2	 RCU:0	 branch:1	 card:10
0
1023
0
1023
0
1023
0
872
0
1023
0
1023
0
1023
0
1023
0
954
0
968
0
865
0
853
0
915
0
848
0
853
0
908
Module:2	 RCU:0	 branch:1	 card:11
988
0
1023
0
875
0
878
0
899
0
1023
0
1023
0
1017
0
889
0
920
0
856
0
950
0
859
0
917
0
881
0
870
0
Module:2	 RCU:0	 branch:1	 card:12
1023
951
1023
976
932
966
1008
990
954
984
1000
998
1001
993
960
1010
842
1021
831
1023
895
1023
872
1023
855
1006
1023
1020
977
987
971
996
Module:2	 RCU:0	 branch:1	 card:13
0
945
0
1017
0
1023
0
1023
0
1018
0
897
0
923
0
988
0
978
0
1023
0
1021
0
1023
0
1023
0
1023
0
1023
0
975
Module:2	 RCU:0	 branch:1	 card:14
970
0
966
0
841
0
1014
0
1018
0
974
0
973
0
989
0
954
0
960
0
948
0
1023
0
880
0
970
0
958
0
916
0
Module:2	 RCU:1	 branch:0	 card:1
915
731
901
1023
912
850
905
763
983
806
913
898
911
835
908
898
805
1021
1021
1016
1023
1021
1023
1022
1023
998
1023
1009
1007
1016
1001
941
Module:2	 RCU:1	 branch:0	 card:2
0
806
0
821
0
824
0
800
0
738
0
939
0
966
0
940
0
936
0
945
0
928
0
933
0
965
0
949
0
961
0
998
Module:2	 RCU:1	 branch:0	 card:3
971
0
961
0
968
0
955
0
926
0
963
0
990
0
1003
0
975
0
1023
0
1023
0
1004
0
896
0
872
0
926
0
919
0
Module:2	 RCU:1	 branch:0	 card:4
901
774
888
775
893
802
919
806
910
828
916
801
734
838
755
838
1023
993
1023
1023
1023
1023
1022
1023
1023
1023
1023
1023
1023
1023
1003
1023
Module:2	 RCU:1	 branch:0	 card:5
0
948
0
881
0
906
0
936
0
965
0
961
0
943
0
905
0
976
0
989
0
1012
0
1023
0
1023
0
1023
0
1023
0
1023
Module:2	 RCU:1	 branch:0	 card:6
913
0
978
0
952
0
980
0
973
0
928
0
921
0
916
0
1023
0
1023
0
871
0
862
0
858
0
851
0
832
0
828
0
Module:2	 RCU:1	 branch:0	 card:7
966
946
945
996
991
783
985
886
965
883
992
961
1010
965
985
982
827
906
833
873
928
879
926
883
917
888
911
888
913
887
913
892
Module:2	 RCU:1	 branch:0	 card:8
0
911
0
804
0
808
0
738
0
751
0
721
0
896
0
881
0
943
0
943
0
856
0
939
0
805
0
988
0
911
0
925
Module:2	 RCU:1	 branch:0	 card:9
848
0
849
0
840
0
823
0
872
0
868
0
848
0
1023
0
928
0
931
0
936
0
941
0
1023
0
1023
0
1023
0
1023
0
Module:2	 RCU:1	 branch:0	 card:10
855
1023
833
1005
996
1023
1023
1023
1023
1023
1023
961
1023
966
1016
951
1023
1016
1023
1016
1023
1012
1023
1006
1023
1000
1023
980
1018
1017
1016
1023
Module:2	 RCU:1	 branch:0	 card:11
0
976
0
1006
0
1000
0
1016
0
1016
0
908
0
926
0
946
0
957
0
961
0
965
0
971
0
1023
0
1023
0
1008
0
998
Module:2	 RCU:1	 branch:0	 card:12
928
0
912
0
955
0
958
0
971
0
968
0
969
0
848
0
996
0
994
0
993
0
991
0
988
0
899
0
902
0
1021
0
Module:2	 RCU:1	 branch:0	 card:13
871
948
811
935
877
1006
941
776
1008
876
982
1021
801
783
765
945
896
868
893
831
904
875
902
951
893
956
872
828
867
956
865
836
Module:2	 RCU:1	 branch:0	 card:14
0
883
0
952
0
906
0
931
0
1016
0
960
0
744
0
874
0
868
0
869
0
905
0
997
0
971
0
991
0
845
0
915
Module:2	 RCU:1	 branch:1	 card:1
993
866
868
860
1015
1023
1008
1021
960
956
969
1023
1003
923
938
884
978
1015
899
916
990
938
983
923
1023
851
1003
935
1016
928
908
948
Module:2	 RCU:1	 branch:1	 card:2
0
958
0
878
0
893
0
903
0
901
0
885
0
947
0
911
0
878
0
888
0
888
0
906
0
908
0
913
0
901
0
901
Module:2	 RCU:1	 branch:1	 card:3
886
0
906
0
947
0
951
0
903
0
886
0
907
0
940
0
890
0
1007
0
1023
0
1023
0
1023
0
1023
0
1023
0
1023
0
Module:2	 RCU:1	 branch:1	 card:4
929
995
916
911
925
918
963
886
982
891
1023
878
971
886
941
906
1023
1001
956
1023
953
1003
966
1023
983
978
981
1004
1023
978
1001
998
Module:2	 RCU:1	 branch:1	 card:5
0
955
0
948
0
866
0
868
0
840
0
856
0
838
0
854
0
855
0
891
0
1007
0
1002
0
1001
0
991
0
1015
0
1016
Module:2	 RCU:1	 branch:1	 card:6
871
0
932
0
808
0
803
0
926
0
811
0
795
0
935
0
1018
0
1013
0
1016
0
1023
0
1023
0
1023
0
1023
0
1023
0
Module:2	 RCU:1	 branch:1	 card:7
865
916
864
832
880
832
811
843
846
830
985
838
818
825
850
841
951
921
944
903
893
953
917
963
891
875
965
918
958
916
888
1023
Module:2	 RCU:1	 branch:1	 card:8
0
1023
0
1023
0
1023
0
1023
0
1023
0
1023
0
1023
0
1023
0
890
0
866
0
945
0
924
0
900
0
952
0
898
0
940
Module:2	 RCU:1	 branch:1	 card:9
1023
0
1023
0
1023
0
1023
0
1023
0
1023
0
1023
0
1023
0
896
0
909
0
1016
0
1023
0
1023
0
873
0
1023
0
1023
0
Module:2	 RCU:1	 branch:1	 card:10
912
963
1023
1023
1023
1023
1023
1006
1023
911
1017
996
1023
1023
971
993
931
1011
1023
991
1023
1023
1006
903
906
1023
913
981
911
851
1023
936
Module:2	 RCU:1	 branch:1	 card:11
0
1023
0
933
0
928
0
915
0
961
0
961
0
946
0
933
0
835
0
1016
0
1023
0
1023
0
996
0
1011
0
1023
0
1023
Module:2	 RCU:1	 branch:1	 card:12
850
0
938
0
1023
0
1023
0
1023
0
890
0
877
0
928
0
988
0
977
0
970
0
988
0
1015
0
936
0
939
0
942
0
Module:2	 RCU:1	 branch:1	 card:13
916
942
1023
1023
1023
1023
1003
1023
974
866
896
1023
900
1023
982
1023
865
1023
862
1023
1023
918
1023
928
946
834
931
1002
828
1016
896
1020
Module:2	 RCU:1	 branch:1	 card:14
0
801
0
880
0
889
0
805
0
815
0
811
0
868
0
801
0
846
0
861
0
875
0
846
0
906
0
906
0
903
0
903
Module:2	 RCU:2	 branch:0	 card:1
0
903
0
720
0
796
0
888
0
861
0
858
0
816
0
763
0
741
0
858
0
859
0
855
0
871
0
958
0
922
0
877
Module:2	 RCU:2	 branch:0	 card:2
908
0
911
0
883
0
926
0
835
0
826
0
938
0
936
0
861
0
918
0
933
0
942
0
942
0
944
0
947
0
933
0
Module:2	 RCU:2	 branch:0	 card:3
1023
1023
1023
1023
1023
1023
1023
1023
1023
1023
1023
1023
1023
1023
1023
1023
1023
1023
1023
1018
1023
1023
1023
1023
1023
1023
1023
1023
1023
1023
1023
1023
Module:2	 RCU:2	 branch:0	 card:4
0
1018
0
1008
0
1023
0
1023
0
1023
0
1023
0
1023
0
1023
0
1023
0
1023
0
1023
0
1021
0
1016
0
1008
0
1023
0
1023
Module:2	 RCU:2	 branch:0	 card:5
1023
0
1022
0
1008
0
898
0
934
0
998
0
1002
0
894
0
1023
0
959
0
955
0
945
0
975
0
983
0
985
0
983
0
Module:2	 RCU:2	 branch:0	 card:6
988
1023
950
1017
903
955
943
821
949
1014
1001
1023
1018
1023
1023
1023
991
869
1003
891
1008
894
1011
893
928
942
879
877
783
842
883
863
Module:2	 RCU:2	 branch:0	 card:7
0
987
0
978
0
1023
0
1023
0
971
0
746
0
1023
0
1023
0
749
0
756
0
953
0
946
0
955
0
943
0
988
0
982
Module:2	 RCU:2	 branch:0	 card:8
991
0
1023
0
946
0
963
0
1023
0
1023
0
1021
0
1016
0
1006
0
946
0
950
0
1004
0
988
0
993
0
909
0
902
0
Module:2	 RCU:2	 branch:0	 card:9
988
885
991
959
1023
871
1023
949
1013
874
1008
947
941
896
878
946
928
923
926
933
926
937
931
841
951
843
843
841
842
841
869
858
Module:2	 RCU:2	 branch:0	 card:10
0
855
0
856
0
965
0
973
0
1023
0
1023
0
1011
0
978
0
935
0
955
0
971
0
968
0
1001
0
938
0
941
0
935
Module:2	 RCU:2	 branch:0	 card:11
1013
0
1023
0
1023
0
1023
0
1018
0
1023
0
1023
0
1023
0
978
0
988
0
1000
0
995
0
993
0
994
0
998
0
970
0
Module:2	 RCU:2	 branch:0	 card:12
990
1013
999
941
997
925
1023
940
997
947
960
1023
1023
1019
1020
975
963
755
961
790
951
798
816
801
818
803
856
1011
850
1015
844
1018
Module:2	 RCU:2	 branch:0	 card:13
0
837
0
826
0
908
0
930
0
843
0
866
0
830
0
876
0
1003
0
1006
0
1017
0
911
0
908
0
908
0
906
0
910
Module:2	 RCU:2	 branch:0	 card:14
875
0
798
0
946
0
926
0
861
0
873
0
834
0
953
0
923
0
923
0
916
0
908
0
873
0
876
0
878
0
878
0
Module:2	 RCU:2	 branch:1	 card:1
0
883
0
771
0
780
0
901
0
961
0
749
0
758
0
838
0
860
0
738
0
748
0
748
0
756
0
750
0
776
0
1008
Module:2	 RCU:2	 branch:1	 card:2
921
0
926
0
933
0
928
0
961
0
943
0
891
0
899
0
815
0
901
0
870
0
856
0
921
0
911
0
850
0
773
0
Module:2	 RCU:2	 branch:1	 card:3
771
798
763
793
753
837
781
837
801
832
807
825
804
816
802
976
863
805
836
801
826
811
902
808
776
811
775
813
771
805
760
839
Module:2	 RCU:2	 branch:1	 card:4
0
1020
0
1023
0
1023
0
1017
0
1021
0
1023
0
902
0
884
0
1023
0
1023
0
1023
0
1023
0
1023
0
1023
0
1023
0
1023
Module:2	 RCU:2	 branch:1	 card:5
901
0
980
0
756
0
914
0
900
0
916
0
936
0
942
0
1023
0
1023
0
791
0
919
0
853
0
848
0
858
0
725
0
Module:2	 RCU:2	 branch:1	 card:6
908
921
908
1006
898
1010
886
1009
883
866
878
886
928
898
927
906
1009
866
1003
866
1005
954
867
951
867
1004
951
861
951
869
923
951
Module:2	 RCU:2	 branch:1	 card:7
0
971
0
981
0
983
0
983
0
975
0
966
0
956
0
1023
0
925
0
901
0
864
0
928
0
897
0
866
0
864
0
929
Module:2	 RCU:2	 branch:1	 card:8
1023
0
1023
0
1023
0
1023
0
942
0
957
0
823
0
823
0
899
0
741
0
733
0
761
0
753
0
790
0
786
0
806
0
Module:2	 RCU:2	 branch:1	 card:9
866
1019
753
1023
763
1023
775
1023
779
1023
774
1023
1023
1023
1023
1023
800
825
824
814
820
807
834
796
826
815
843
821
836
1013
845
828
Module:2	 RCU:2	 branch:1	 card:10
0
997
0
1013
0
1023
0
1023
0
1023
0
1019
0
1015
0
1016
0
852
0
881
0
873
0
911
0
893
0
899
0
891
0
908
Module:2	 RCU:2	 branch:1	 card:11
1022
0
818
0
815
0
816
0
841
0
849
0
845
0
825
0
873
0
866
0
868
0
913
0
885
0
909
0
926
0
917
0
Module:2	 RCU:2	 branch:1	 card:12
901
868
811
878
890
916
886
773
878
763
866
758
820
757
862
755
1018
807
761
753
748
866
1023
1023
856
810
803
743
818
738
1021
1008
Module:2	 RCU:2	 branch:1	 card:13
0
1003
0
995
0
1016
0
1009
0
1003
0
997
0
1002
0
1014
0
768
0
765
0
836
0
863
0
1000
0
838
0
828
0
789
Module:2	 RCU:2	 branch:1	 card:14
829
0
888
0
896
0
914
0
918
0
919
0
923
0
968
0
820
0
846
0
787
0
768
0
1023
0
891
0
831
0
830
0
Module:2	 RCU:3	 branch:0	 card:1
904
883
902
1016
823
1007
836
1023
903
1023
890
1009
899
1001
792
1004
792
883
801
878
805
779
803
781
793
730
803
831
828
850
885
860
Module:2	 RCU:3	 branch:0	 card:2
0
974
0
1023
0
978
0
970
0
966
0
976
0
957
0
1023
0
854
0
847
0
958
0
851
0
966
0
973
0
975
0
973
Module:2	 RCU:3	 branch:0	 card:3
1023
0
993
0
986
0
986
0
926
0
868
0
1023
0
1015
0
956
0
943
0
960
0
971
0
979
0
981
0
982
0
973
0
Module:2	 RCU:3	 branch:0	 card:4
1020
984
961
975
953
955
946
876
938
924
1023
901
1023
887
1023
773
936
961
926
961
916
958
905
957
934
879
944
898
952
903
958
903
Module:2	 RCU:3	 branch:0	 card:5
0
852
0
846
0
894
0
903
0
848
0
883
0
880
0
883
0
886
0
896
0
906
0
916
0
925
0
904
0
909
0
792
Module:2	 RCU:3	 branch:0	 card:6
841
0
905
0
895
0
1023
0
1023
0
1008
0
1012
0
981
0
888
0
803
0
751
0
866
0
795
0
883
0
774
0
753
0
Module:2	 RCU:3	 branch:0	 card:7
985
927
933
934
1008
1023
1001
1021
910
913
910
854
861
858
871
958
821
861
826
782
923
901
833
851
821
973
773
1020
833
985
841
911
Module:2	 RCU:3	 branch:0	 card:8
0
803
0
823
0
883
0
836
0
858
0
852
0
873
0
866
0
958
0
986
0
986
0
953
0
931
0
951
0
900
0
876
Module:2	 RCU:3	 branch:0	 card:9
844
0
881
0
828
0
775
0
912
0
803
0
1023
0
950
0
973
0
941
0
945
0
860
0
938
0
1013
0
1002
0
948
0
Module:2	 RCU:3	 branch:0	 card:10
1023
841
991
1006
950
923
851
913
935
891
891
833
908
843
1023
848
986
868
833
988
923
951
996
1023
958
957
976
925
848
928
911
1013
Module:2	 RCU:3	 branch:0	 card:11
0
851
0
802
0
881
0
872
0
795
0
883
0
779
0
764
0
1012
0
1023
0
966
0
960
0
938
0
889
0
1023
0
981
Module:2	 RCU:3	 branch:0	 card:12
753
0
917
0
779
0
771
0
893
0
748
0
907
0
788
0
918
0
898
0
987
0
991
0
950
0
945
0
1023
0
1023
0
Module:2	 RCU:3	 branch:0	 card:13
788
841
973
752
970
753
927
771
931
720
933
1013
763
1000
836
990
876
917
921
1023
930
1023
1023
966
1023
971
972
928
875
921
810
908
Module:2	 RCU:3	 branch:0	 card:14
0
720
0
796
0
888
0
861
0
858
0
816
0
763
0
741
0
858
0
859
0
855
0
871
0
958
0
922
0
877
0
883
Module:2	 RCU:3	 branch:1	 card:1
844
837
768
872
800
861
809
851
811
762
838
797
846
799
838
804
1023
930
1023
1004
896
994
975
931
986
1001
911
915
981
796
1023
835
Module:2	 RCU:3	 branch:1	 card:2
0
871
0
873
0
824
0
876
0
875
0
797
0
765
0
753
0
853
0
916
0
876
0
829
0
890
0
968
0
923
0
913
Module:2	 RCU:3	 branch:1	 card:3
736
0
746
0
755
0
915
0
952
0
977
0
995
0
991
0
902
0
913
0
961
0
948
0
940
0
949
0
928
0
883
0
Module:2	 RCU:3	 branch:1	 card:4
858
970
870
954
881
918
902
908
928
895
936
810
905
819
940
818
920
900
933
1021
961
1008
983
983
923
1017
849
1018
1023
931
982
972
Module:2	 RCU:3	 branch:1	 card:5
0
906
0
911
0
918
0
788
0
882
0
866
0
858
0
857
0
988
0
1023
0
1010
0
1001
0
1006
0
1006
0
1023
0
1021
Module:2	 RCU:3	 branch:1	 card:6
900
0
898
0
893
0
871
0
991
0
853
0
856
0
889
0
1016
0
992
0
1001
0
855
0
841
0
815
0
824
0
783
0
Module:2	 RCU:3	 branch:1	 card:7
963
981
953
1003
935
942
927
936
936
991
963
980
956
1002
1003
1006
858
806
831
766
805
752
910
970
773
823
776
816
863
790
821
787
Module:2	 RCU:3	 branch:1	 card:8
0
986
0
995
0
1000
0
1023
0
1023
0
1023
0
1023
0
1023
0
792
0
791
0
757
0
841
0
867
0
841
0
819
0
834
Module:2	 RCU:3	 branch:1	 card:9
1023
0
1023
0
1023
0
1023
0
1023
0
1023
0
1023
0
1023
0
777
0
881
0
872
0
889
0
878
0
884
0
907
0
888
0
Module:2	 RCU:3	 branch:1	 card:10
741
933
910
917
906
960
906
950
874
950
923
958
941
963
931
900
777
821
781
804
784
811
790
803
786
806
794
793
818
805
818
823
Module:2	 RCU:3	 branch:1	 card:11
0
802
0
797
0
796
0
797
0
800
0
806
0
817
0
824
0
864
0
857
0
730
0
848
0
852
0
866
0
840
0
875
Module:2	 RCU:3	 branch:1	 card:12
822
0
854
0
853
0
835
0
828
0
826
0
828
0
833
0
872
0
887
0
881
0
908
0
860
0
880
0
841
0
865
0
Module:2	 RCU:3	 branch:1	 card:13
777
789
765
781
807
777
808
871
841
873
861
875
889
875
778
874
909
906
965
1007
943
956
938
973
898
966
989
951
996
935
958
975
Module:2	 RCU:3	 branch:1	 card:14
0
771
0
780
0
901
0
961
0
749
0
758
0
838
0
860
0
738
0
748
0
748
0
756
0
750
0
776
0
1008
0
1012
