Module:2	RCU:3	branch:1	card:14
986
803
792
833
836
1014
689
993
686
781
626
790
630
871
635
892
678
771
676
781
630
780
688
788
663
782
618
809
408
1023
419
1023
Module:2	RCU:3	branch:1	card:13
779
798
760
782
857
824
508
571
541
573
561
575
589
575
478
574
609
606
665
707
643
656
638
673
598
666
689
651
696
635
658
675
Module:2	RCU:3	branch:1	card:12
529
581
554
575
553
905
535
512
528
519
526
530
528
476
533
477
572
587
587
563
581
623
608
686
560
693
580
435
541
624
565
623
Module:2	RCU:3	branch:1	card:11
557
495
601
497
591
496
581
497
581
500
591
506
601
517
619
524
528
564
548
557
533
430
558
548
543
552
581
566
573
540
571
575
Module:2	RCU:3	branch:1	card:10
453
611
610
617
606
660
606
650
574
650
623
658
641
663
631
600
477
521
481
504
484
511
490
503
486
506
494
493
518
505
518
523
Module:2	RCU:3	branch:1	card:9
765
474
775
473
727
527
738
449
746
443
748
450
735
466
763
436
477
601
581
546
572
601
589
586
578
433
584
461
607
466
588
456
Module:2	RCU:3	branch:1	card:8
616
682
676
695
678
700
691
723
701
768
726
767
719
738
665
741
464
492
602
491
556
457
523
541
503
567
502
541
460
519
521
534
Module:2	RCU:3	branch:1	card:7
664
672
653
703
635
642
627
636
636
691
663
680
656
702
703
706
558
506
531
466
505
452
610
670
473
523
476
516
563
490
521
487
Module:2	RCU:3	branch:1	card:6
588
554
556
628
593
647
571
628
691
631
553
628
556
658
589
654
716
476
692
433
701
546
555
553
541
479
515
483
524
486
483
431
Module:2	RCU:3	branch:1	card:5
506
635
508
611
520
618
546
488
433
582
433
566
479
558
479
557
653
688
686
733
693
710
666
701
731
706
702
706
671
730
699
721
Module:2	RCU:3	branch:1	card:4
558
666
570
654
581
618
602
608
628
595
636
510
605
519
640
518
620
600
633
721
661
708
683
683
623
717
549
718
726
631
682
672
Module:2	RCU:3	branch:1	card:3
437
699
486
716
455
683
615
673
652
578
677
681
695
689
691
530
602
635
613
556
661
651
648
637
640
636
649
586
628
640
583
650
Module:2	RCU:3	branch:1	card:2
948
682
608
573
608
524
601
576
586
575
530
497
543
465
559
453
526
553
538
616
528
576
521
529
548
590
565
668
604
623
566
613
Module:2	RCU:3	branch:1	card:1
544
537
468
572
500
561
509
551
511
462
538
497
546
499
538
504
726
630
731
704
596
694
675
631
686
701
611
615
681
496
726
535
Module:2	RCU:3	branch:0	card:14
686
743
886
819
774
912
784
913
742
909
393
873
774
775
718
762
888
917
823
915
827
885
871
947
895
990
928
1023
942
960
884
941
Module:2	RCU:3	branch:0	card:13
507
567
672
493
677
460
625
507
633
473
657
739
502
738
552
715
593
647
650
780
636
795
780
700
758
671
696
682
580
649
563
655
Module:2	RCU:3	branch:0	card:12
474
590
627
585
505
643
488
634
596
539
462
738
629
665
488
662
648
747
617
659
706
688
698
674
665
580
660
730
738
653
766
623
Module:2	RCU:3	branch:0	card:11
521
542
553
506
531
599
453
584
522
519
573
596
541
499
570
484
711
726
793
785
795
692
670
663
655
648
624
613
659
762
717
633
Module:2	RCU:3	branch:0	card:10
743
543
680
708
645
619
529
604
621
582
609
517
614
555
774
548
675
546
526
683
615
654
693
746
660
662
658
639
548
634
610
730
Module:2	RCU:3	branch:0	card:9
543
757
608
586
536
811
491
781
636
702
520
804
766
516
639
627
656
631
619
626
647
637
547
596
637
618
707
717
713
721
640
574
Module:2	RCU:3	branch:0	card:8
573
504
649
502
644
545
687
434
593
527
501
557
582
572
588
567
641
632
554
660
519
668
658
619
616
610
635
615
527
553
540
543
Module:2	RCU:3	branch:0	card:7
692
639
660
650
723
746
723
717
627
622
622
563
585
574
585
661
517
554
557
456
618
587
518
559
534
674
492
723
533
684
528
585
Module:2	RCU:3	branch:0	card:6
534
647
597
670
601
651
731
695
724
673
698
607
704
682
689
632
582
496
506
512
444
571
573
444
500
454
573
492
450
429
455
522
Module:2	RCU:3	branch:0	card:5
481
535
609
525
611
594
491
589
638
554
539
570
635
549
607
581
603
562
594
567
459
578
655
570
557
562
549
561
537
570
541
478
Module:2	RCU:3	branch:0	card:4
731
693
678
672
664
669
655
586
657
655
777
610
760
594
756
495
640
659
630
649
632
681
612
654
647
583
664
628
669
610
655
609
Module:2	RCU:3	branch:0	card:3
770
732
698
723
693
669
731
662
671
683
581
648
740
757
710
545
649
622
648
625
665
639
678
623
690
620
698
644
682
653
678
641
Module:2	RCU:3	branch:0	card:2
753
692
570
770
778
686
774
680
712
661
698
676
696
663
699
731
586
557
593
538
532
660
672
585
561
668
558
670
575
658
575
668
Module:2	RCU:3	branch:0	card:1
604
885
602
1023
523
707
536
726
603
736
590
709
599
701
492
704
492
859
501
578
505
479
503
723
493
675
503
531
528
550
585
864
Module:2	RCU:2	branch:1	card:14
529
655
588
648
596
645
614
635
618
610
619
588
623
542
668
534
520
468
546
488
487
729
468
610
740
746
591
604
531
576
530
587
Module:2	RCU:2	branch:1	card:13
496
727
510
695
506
716
665
709
672
703
676
697
680
702
696
714
450
468
449
465
548
536
563
563
684
700
718
538
522
528
500
489
Module:2	RCU:2	branch:1	card:12
560
550
511
578
590
616
586
473
578
463
566
458
520
457
562
455
718
507
461
453
448
566
723
737
556
510
503
443
518
438
721
708
Module:2	RCU:2	branch:1	card:11
740
506
518
486
515
485
516
488
541
490
549
491
545
494
525
501
573
573
566
626
568
628
613
636
585
545
609
693
626
521
617
721
Module:2	RCU:2	branch:1	card:10
799
712
815
713
784
731
785
728
781
725
780
719
776
715
641
716
571
552
578
581
426
573
538
611
548
593
561
599
533
591
560
608
Module:2	RCU:2	branch:1	card:9
605
719
453
759
463
768
475
770
479
770
474
770
748
768
739
765
500
525
524
514
520
507
534
496
526
515
543
521
536
713
545
528
Module:2	RCU:2	branch:1	card:8
1023
1023
1023
1012
1023
1023
750
543
642
553
657
563
523
567
523
565
599
474
441
506
433
493
461
475
453
513
490
523
486
530
506
505
Module:2	RCU:2	branch:1	card:7
654
681
665
686
693
683
696
683
688
675
688
666
693
656
702
743
713
625
603
601
571
564
533
628
668
597
596
566
593
564
596
629
Module:2	RCU:2	branch:1	card:6
623
626
595
648
598
710
586
709
583
566
578
586
628
598
627
606
709
566
703
566
705
654
567
651
567
704
651
561
651
569
623
651
Module:2	RCU:2	branch:1	card:5
617
648
680
628
456
653
614
618
600
628
616
639
636
638
642
625
763
696
765
703
491
675
619
676
553
678
548
703
558
672
425
708
Module:2	RCU:2	branch:1	card:4
444
703
682
732
666
725
657
717
608
721
693
727
699
602
706
584
541
736
541
741
538
739
540
731
742
766
741
748
736
767
738
768
Module:2	RCU:2	branch:1	card:3
518
524
463
493
453
537
481
537
501
532
507
525
504
516
502
676
563
505
536
501
526
511
602
508
476
511
475
513
471
505
460
539
Module:2	RCU:2	branch:1	card:2
657
614
665
556
633
615
628
659
661
574
643
565
591
547
599
578
515
632
601
611
570
542
556
508
621
566
611
606
550
539
473
521
Module:2	RCU:2	branch:1	card:1
1023
1005
1023
1023
686
636
606
641
644
659
656
623
663
671
661
687
815
593
623
561
630
543
712
518
685
592
436
594
535
561
516
553
Module:2	RCU:2	branch:0	card:14
575
651
498
558
646
582
626
543
561
544
573
621
534
640
653
568
623
578
623
581
616
532
608
528
573
523
576
521
578
520
578
517
Module:2	RCU:2	branch:0	card:13
682
556
634
562
580
654
625
665
599
581
648
598
624
579
586
619
479
700
709
722
700
710
663
604
678
597
699
576
471
595
676
590
Module:2	RCU:2	branch:0	card:12
696
716
702
649
705
617
828
659
707
656
672
748
758
708
726
692
658
468
639
487
636
477
510
477
515
498
546
710
542
705
516
686
Module:2	RCU:2	branch:0	card:11
678
650
762
705
748
688
752
719
722
765
739
760
762
688
765
661
673
660
683
682
691
666
688
653
693
666
698
669
684
535
680
547
Module:2	RCU:2	branch:0	card:10
637
572
610
592
516
692
544
688
618
766
609
728
587
732
604
671
665
609
641
641
634
650
646
641
674
672
656
627
632
655
629
615
Module:2	RCU:2	branch:0	card:9
733
627
722
696
794
597
812
672
745
596
740
679
682
625
614
673
643
633
644
652
639
660
662
565
660
557
566
551
570
552
586
560
Module:2	RCU:2	branch:0	card:8
723
814
741
695
653
635
671
704
750
789
736
704
714
627
715
628
692
602
621
623
651
626
700
694
668
599
679
605
618
598
613
585
Module:2	RCU:2	branch:0	card:7
691
685
656
681
761
743
754
751
772
692
735
443
746
734
731
736
577
460
537
449
555
645
443
628
481
619
482
622
640
682
437
666
Module:2	RCU:2	branch:0	card:6
722
752
661
738
635
668
669
534
671
745
736
780
735
806
796
751
710
566
749
604
732
621
731
582
644
658
591
598
497
543
619
586
Module:2	RCU:2	branch:0	card:5
766
652
735
696
738
618
599
644
644
675
699
691
703
697
607
572
774
713
686
704
673
698
660
702
697
675
704
693
693
690
702
724
Module:2	RCU:2	branch:0	card:4
793
750
864
738
762
724
755
769
759
803
774
820
790
825
776
772
615
751
848
757
832
749
740
732
727
727
718
721
740
752
774
746
Module:2	RCU:2	branch:0	card:3
875
796
849
791
817
822
825
799
816
803
848
753
802
779
823
809
783
746
803
775
796
784
825
800
789
795
807
835
834
838
812
833
Module:2	RCU:2	branch:0	card:2
623
845
644
827
597
842
639
846
553
833
533
830
659
791
651
808
588
579
635
636
652
627
637
653
662
634
653
625
652
626
661
625
Module:2	RCU:2	branch:0	card:1
573
577
631
640
357
541
596
401
581
355
600
726
558
633
477
605
480
647
421
514
514
467
528
426
501
590
483
471
436
349
558
626
Module:2	RCU:1	branch:1	card:14
516
834
535
912
573
921
601
837
825
838
828
888
902
958
810
830
917
943
990
893
1023
985
957
907
967
1023
1023
1023
1023
1023
810
1016
Module:2	RCU:1	branch:1	card:13
616
642
795
725
778
762
703
733
665
596
594
821
589
687
667
827
559
736
572
776
761
614
743
639
647
553
655
724
538
746
603
750
Module:2	RCU:1	branch:1	card:12
550
697
638
723
726
825
846
663
731
694
611
648
591
656
636
645
700
669
666
655
685
676
759
680
726
706
643
671
653
492
743
520
Module:2	RCU:1	branch:1	card:11
706
751
731
633
623
628
673
615
727
678
758
651
743
632
644
606
701
538
587
711
756
786
747
730
729
693
754
710
718
788
707
716
Module:2	RCU:1	branch:1	card:10
612
663
755
755
774
776
757
706
765
611
729
693
734
776
640
698
605
716
746
679
695
789
699
601
584
750
595
660
591
551
717
632
Module:2	RCU:1	branch:1	card:9
823
815
731
725
746
813
791
805
789
768
801
634
775
655
786
748
602
756
603
677
713
686
829
763
784
755
560
612
767
649
738
513
Module:2	RCU:1	branch:1	card:8
668
828
651
800
679
800
662
762
679
777
699
765
705
858
594
809
640
590
559
566
606
645
614
644
602
585
633
648
637
584
626
664
Module:2	RCU:1	branch:1	card:7
565
616
564
532
580
532
511
543
554
528
692
533
530
526
551
556
639
636
625
589
593
651
621
658
613
581
663
595
645
601
588
721
Module:2	RCU:1	branch:1	card:6
571
643
632
637
508
647
503
651
633
703
560
692
505
699
637
669
731
694
720
689
737
705
745
695
772
697
751
635
759
626
721
605
Module:2	RCU:1	branch:1	card:5
600
655
606
648
629
566
621
568
653
530
629
540
719
545
727
556
682
552
719
572
689
707
654
687
708
678
600
675
540
719
560
706
Module:2	RCU:1	branch:1	card:4
629
695
616
611
625
618
663
586
703
620
770
602
726
609
669
628
808
734
660
748
679
709
678
733
676
728
695
727
747
702
744
732
Module:2	RCU:1	branch:1	card:3
586
620
606
586
647
635
651
456
624
526
607
476
652
508
672
506
610
800
733
788
750
780
765
805
770
771
761
780
786
793
794
796
Module:2	RCU:1	branch:1	card:2
633
658
621
578
566
593
615
603
693
618
686
594
717
673
649
615
662
579
641
603
634
598
652
628
639
615
627
624
652
614
573
637
Module:2	RCU:1	branch:1	card:1
693
566
568
560
715
738
708
721
660
656
669
730
703
623
638
584
678
730
599
634
690
642
683
640
724
566
703
649
716
639
608
689
Module:2	RCU:1	branch:0	card:14
658
916
426
984
650
938
619
964
518
1023
716
992
456
776
407
906
658
900
650
901
628
937
646
1023
651
1003
670
1023
662
877
559
947
Module:2	RCU:1	branch:0	card:13
571
648
511
635
577
706
641
476
708
576
682
721
501
483
465
645
596
568
593
531
604
575
602
651
593
656
572
528
567
656
565
536
Module:2	RCU:1	branch:0	card:12
628
468
612
583
655
582
658
608
671
523
668
618
669
618
548
540
696
725
694
730
693
735
691
730
688
711
599
759
602
523
721
595
Module:2	RCU:1	branch:0	card:11
631
676
686
706
675
700
691
716
696
716
537
608
679
626
698
646
735
657
738
661
741
665
748
671
754
781
758
773
677
708
663
698
Module:2	RCU:1	branch:0	card:10
555
735
533
705
696
743
736
738
736
748
726
661
732
666
716
651
796
716
801
716
793
712
796
706
793
700
791
680
718
717
716
727
Module:2	RCU:1	branch:0	card:9
548
510
549
573
540
603
523
504
572
466
568
500
548
536
777
511
628
763
631
756
636
746
641
725
781
755
774
782
767
786
764
791
Module:2	RCU:1	branch:0	card:8
438
611
650
504
616
508
611
438
670
451
673
421
655
596
616
581
598
643
671
643
668
556
669
639
531
505
560
688
568
611
643
625
Module:2	RCU:1	branch:0	card:7
666
646
645
696
691
483
685
586
665
583
692
661
710
665
685
682
527
606
533
573
628
579
626
583
617
588
611
588
613
587
613
592
Module:2	RCU:1	branch:0	card:6
613
690
678
686
652
636
680
626
673
661
628
621
621
636
616
643
758
524
746
561
571
560
562
561
558
493
551
494
532
483
528
496
Module:2	RCU:1	branch:0	card:5
563
648
621
581
633
606
643
636
645
665
606
661
649
643
596
605
771
676
774
689
776
712
756
726
695
723
761
742
768
733
772
728
Module:2	RCU:1	branch:0	card:4
601
474
588
475
593
502
619
506
610
528
616
501
434
538
455
538
781
693
782
747
733
742
722
739
800
761
790
758
786
767
703
766
Module:2	RCU:1	branch:0	card:3
671
705
661
699
668
703
655
550
626
528
663
553
690
588
703
593
675
608
726
643
728
785
704
773
596
785
572
711
626
787
619
768
Module:2	RCU:1	branch:0	card:2
485
506
647
521
513
524
490
500
510
438
412
639
621
666
504
640
706
636
724
645
719
628
702
633
651
665
668
649
675
661
696
698
Module:2	RCU:1	branch:0	card:1
615
431
601
726
612
550
605
463
683
506
613
598
611
535
608
598
505
721
721
716
735
721
746
722
761
698
756
709
707
716
701
641
Module:2	RCU:0	branch:1	card:14
670
691
666
712
541
693
1023
1023
1011
911
970
1023
963
1023
983
1023
941
917
968
1023
648
975
1023
725
883
984
972
911
954
1023
960
1023
Module:2	RCU:0	branch:1	card:13
703
645
686
717
758
750
1023
1023
1004
1021
715
903
734
600
843
1023
782
985
790
1023
744
921
753
1023
725
675
689
1023
797
700
790
1023
Module:2	RCU:0	branch:1	card:12
748
651
746
676
632
666
1023
1023
615
659
674
691
669
678
592
703
517
716
498
753
588
707
538
746
545
713
726
710
669
694
669
696
Module:2	RCU:0	branch:1	card:11
688
701
753
725
575
723
578
745
606
724
749
614
736
739
717
680
623
675
648
619
570
573
679
622
606
714
636
694
626
565
587
584
Module:2	RCU:0	branch:1	card:10
836
797
740
730
773
758
662
572
720
799
726
746
816
753
731
676
663
672
736
667
747
570
587
571
594
610
687
560
675
567
590
576
Module:2	RCU:0	branch:1	card:9
785
746
598
837
731
688
576
775
727
756
769
591
746
835
726
735
511
620
500
617
502
621
583
625
667
680
635
654
663
673
650
649
Module:2	RCU:0	branch:1	card:8
572
608
633
813
618
820
646
703
650
718
635
557
595
740
826
765
490
455
511
596
481
594
603
626
594
437
434
442
483
440
484
477
Module:2	RCU:0	branch:1	card:7
686
628
618
593
663
663
621
638
779
605
617
626
674
798
655
817
510
591
527
485
576
525
567
514
479
507
519
610
512
598
551
570
Module:2	RCU:0	branch:1	card:6
740
680
750
668
765
672
764
782
674
682
671
662
677
697
695
703
472
453
478
497
497
480
479
555
488
536
524
521
545
476
541
495
Module:2	RCU:0	branch:1	card:5
553
838
583
828
598
819
596
806
604
869
612
840
589
833
595
770
612
525
604
525
645
574
581
532
591
550
592
449
590
459
509
458
Module:2	RCU:0	branch:1	card:4
631
516
816
793
786
536
605
548
841
549
629
555
548
577
545
574
587
581
570
536
606
627
646
520
613
527
652
607
618
630
602
588
Module:2	RCU:0	branch:1	card:3
583
685
679
688
655
621
691
653
587
639
712
606
609
713
694
605
672
673
684
704
711
678
696
705
717
677
716
678
799
719
829
791
Module:2	RCU:0	branch:1	card:2
517
628
656
642
646
581
410
655
940
905
633
877
589
982
920
648
722
792
658
755
713
769
1023
746
1023
964
1023
903
1023
960
1023
956
Module:2	RCU:0	branch:1	card:1
683
616
578
639
611
633
556
639
574
632
585
613
610
621
600
481
593
476
544
415
518
578
475
511
453
493
412
477
573
416
486
591
Module:2	RCU:0	branch:0	card:14
495
481
528
521
587
482
516
517
453
476
575
531
515
491
521
441
788
752
733
756
729
751
750
748
740
741
729
701
776
716
753
679
Module:2	RCU:0	branch:0	card:13
531
551
522
551
531
590
567
550
561
581
549
587
552
587
553
581
766
778
768
676
788
801
780
798
775
788
771
785
771
778
761
780
Module:2	RCU:0	branch:0	card:12
615
611
601
611
612
636
605
636
598
638
613
709
611
626
608
632
665
738
681
740
681
738
660
433
715
756
698
748
733
746
726
732
Module:2	RCU:0	branch:0	card:11
443
673
624
663
632
659
642
603
646
588
648
578
658
516
655
592
642
616
623
621
646
641
688
678
618
658
690
643
697
680
658
763
Module:2	RCU:0	branch:0	card:10
651
692
665
462
446
671
658
461
445
730
646
413
678
411
670
413
801
793
796
777
791
744
817
781
773
766
786
756
751
658
727
681
Module:2	RCU:0	branch:0	card:9
641
652
635
645
501
550
506
558
565
640
574
430
591
658
611
440
829
785
803
783
821
788
748
802
768
763
783
763
760
775
815
808
Module:2	RCU:0	branch:0	card:8
558
594
711
585
565
623
619
505
518
511
525
587
566
584
597
601
497
827
539
813
759
823
754
806
518
820
738
801
789
823
828
835
Module:2	RCU:0	branch:0	card:7
508
608
493
536
543
548
623
523
481
601
475
520
532
491
526
553
782
817
791
791
816
805
816
836
808
827
789
806
758
488
828
631
Module:2	RCU:0	branch:0	card:6
552
463
650
427
654
477
513
473
521
506
616
446
698
436
423
476
718
776
745
771
751
765
753
790
756
753
743
781
721
796
736
801
Module:2	RCU:0	branch:0	card:5
633
536
501
665
501
677
493
526
670
531
553
516
530
521
546
560
583
528
533
513
546
563
574
618
574
624
565
656
536
656
532
656
Module:2	RCU:0	branch:0	card:4
626
625
598
595
595
583
566
592
592
633
571
601
484
490
453
486
661
705
701
713
683
686
681
731
681
731
705
753
705
738
706
696
Module:2	RCU:0	branch:0	card:3
461
646
528
560
456
553
540
458
671
462
641
661
418
671
660
616
611
525
604
533
583
636
631
635
632
632
621
623
557
551
551
553
Module:2	RCU:0	branch:0	card:2
671
733
666
726
668
721
671
473
690
507
596
705
710
497
717
508
466
591
513
590
486
547
505
539
521
558
516
578
509
571
549
558
Module:2	RCU:0	branch:0	card:1
442
659
565
601
653
670
594
666
587
646
633
648
611
666
600
648
550
706
515
675
580
726
546
718
709
741
713
731
688
753
703
717
