Module:2	RCU:0	branch:0	card:1
550
670
628
595
626
795
622
664
637
727
656
830
687
710
612
706
615
713
602
698
654
744
695
512
686
1016
895
868
843
739
861
775
Module:2	RCU:0	branch:0	card:2
811
767
711
873
815
808
775
531
830
719
741
789
851
527
831
600
529
695
638
600
602
622
573
656
664
677
695
738
660
744
723
707
Module:2	RCU:0	branch:0	card:3
551
714
605
603
601
594
630
530
684
426
616
647
388
746
719
596
589
596
701
625
608
769
578
662
766
763
788
755
714
708
615
654
Module:2	RCU:0	branch:0	card:4
802
723
585
643
636
614
540
542
585
570
593
535
481
562
495
512
708
708
791
700
740
808
758
773
709
837
749
851
918
892
789
811
Module:2	RCU:0	branch:0	card:5
720
608
528
724
509
666
496
499
649
637
595
469
544
538
527
580
789
608
583
649
747
739
690
765
656
784
1023
772
676
809
688
865
Module:2	RCU:0	branch:0	card:6
595
496
796
467
817
586
586
567
628
484
733
525
747
504
546
552
874
1023
901
1010
993
902
975
1023
876
860
850
911
888
927
818
884
Module:2	RCU:0	branch:0	card:7
534
672
589
592
597
740
625
595
651
740
548
842
616
701
700
688
764
874
808
807
796
779
857
826
790
740
865
774
718
464
759
718
Module:2	RCU:0	branch:0	card:8
639
632
747
512
636
679
742
570
573
595
627
512
699
624
755
705
527
991
664
891
787
958
939
947
619
992
923
814
982
1023
920
969
Module:2	RCU:0	branch:0	card:9
746
720
821
765
594
625
493
587
678
707
600
561
639
860
781
545
820
845
1023
865
914
967
809
864
919
853
875
898
1020
968
872
901
Module:2	RCU:0	branch:0	card:10
819
712
716
575
469
701
713
597
426
706
566
529
723
459
573
512
825
1007
814
982
848
831
789
804
818
908
807
741
839
720
853
688
Module:2	RCU:0	branch:0	card:11
606
778
641
771
770
669
676
760
695
575
663
591
665
470
576
608
598
740
715
674
648
616
697
670
715
651
765
782
706
769
791
814
Module:2	RCU:0	branch:0	card:12
775
732
638
603
699
642
577
712
668
696
587
755
595
754
706
626
670
780
757
864
712
828
808
463
708
897
806
902
764
799
808
749
Module:2	RCU:0	branch:0	card:13
694
632
608
658
533
633
655
591
614
595
603
625
599
629
539
635
867
839
866
688
902
869
812
949
879
950
958
888
912
807
854
884
Module:2	RCU:0	branch:0	card:14
613
349
547
497
484
443
465
551
352
484
526
543
453
569
552
470
704
721
797
738
672
635
596
632
610
650
778
698
790
634
667
706
Module:2	RCU:0	branch:1	card:1
688
666
554
771
747
693
593
612
721
778
637
669
681
768
663
485
606
407
673
412
590
606
442
582
421
554
511
588
627
595
512
680
Module:2	RCU:0	branch:1	card:2
594
704
693
751
789
651
491
696
558
594
690
616
630
742
657
697
698
839
697
661
640
724
854
767
704
658
727
502
753
542
813
698
Module:2	RCU:0	branch:1	card:3
616
757
847
753
711
776
841
726
654
694
784
631
661
768
757
628
658
760
624
810
759
742
778
703
848
831
795
761
877
807
512
890
Module:2	RCU:0	branch:1	card:4
692
598
860
1023
806
653
713
609
804
571
1023
493
586
535
521
604
578
524
565
421
548
714
651
430
671
613
714
653
512
727
512
512
Module:2	RCU:0	branch:1	card:5
699
949
661
1023
696
983
643
940
728
800
694
742
485
900
660
782
732
490
684
610
653
587
672
534
663
516
649
560
577
463
538
486
Module:2	RCU:0	branch:1	card:6
828
757
874
765
1023
786
843
830
685
735
634
697
671
783
628
788
562
542
527
489
553
500
542
660
535
467
571
530
589
405
459
527
Module:2	RCU:0	branch:1	card:7
807
720
667
515
773
630
725
600
754
681
630
569
681
752
715
881
514
679
515
565
731
577
633
460
488
651
697
709
625
600
687
579
Module:2	RCU:0	branch:1	card:8
626
618
606
853
669
850
595
776
707
752
653
599
568
686
818
802
589
460
523
730
534
647
622
689
707
523
451
610
449
461
479
566
Module:2	RCU:0	branch:1	card:9
841
973
667
965
767
768
638
826
756
807
722
635
841
839
773
828
602
698
686
764
695
767
590
773
660
724
652
765
697
652
731
689
Module:2	RCU:0	branch:1	card:10
1023
797
779
691
744
739
701
798
817
958
744
849
862
839
878
879
748
723
798
730
934
697
546
682
623
573
733
507
697
665
649
675
Module:2	RCU:0	branch:1	card:11
838
654
714
635
642
824
661
740
732
842
1023
697
837
851
830
742
665
727
784
700
664
711
777
675
518
747
687
760
632
645
620
578
Module:2	RCU:0	branch:1	card:12
866
732
729
718
757
616
719
686
659
699
680
712
733
685
652
765
623
799
638
829
670
728
598
864
653
776
815
735
702
834
868
512
Module:2	RCU:0	branch:1	card:13
804
678
692
748
751
741
815
853
717
812
698
617
682
807
807
719
824
830
748
822
717
850
852
780
755
841
672
770
757
823
768
690
Module:2	RCU:0	branch:1	card:14
812
776
717
776
497
735
724
743
748
482
685
713
677
730
740
749
596
424
468
662
598
469
549
613
509
447
559
478
572
644
515
582
Module:2	RCU:1	branch:0	card:1
512
512
512
512
512
512
512
512
512
512
512
512
512
512
512
512
512
512
512
512
512
512
512
512
512
512
512
512
512
512
512
512
Module:2	RCU:1	branch:0	card:2
512
512
512
512
512
512
512
512
512
512
512
512
512
512
512
512
512
512
512
512
512
512
512
512
512
512
512
512
512
512
512
512
Module:2	RCU:1	branch:0	card:3
512
512
512
512
512
512
512
512
512
512
512
512
512
512
512
512
512
512
512
512
512
512
512
512
512
512
512
512
512
512
512
512
Module:2	RCU:1	branch:0	card:4
512
512
512
512
512
512
512
512
512
512
512
512
512
512
512
512
512
512
512
512
512
512
512
512
512
512
512
512
512
512
512
512
Module:2	RCU:1	branch:0	card:5
512
512
512
512
512
512
512
512
512
512
512
512
512
512
512
512
512
512
512
512
512
512
512
512
512
512
512
512
512
512
512
512
Module:2	RCU:1	branch:0	card:6
512
512
512
512
512
512
512
512
512
512
512
512
512
512
512
512
512
512
512
512
512
512
512
512
512
512
512
512
512
512
512
512
Module:2	RCU:1	branch:0	card:7
512
512
512
512
512
512
512
512
512
512
512
512
512
512
512
512
512
512
512
512
512
512
512
512
512
512
512
512
512
512
512
512
Module:2	RCU:1	branch:0	card:8
512
512
512
512
512
512
512
512
512
512
512
512
512
512
512
512
512
512
512
512
512
512
512
512
512
512
512
512
512
512
512
512
Module:2	RCU:1	branch:0	card:9
512
512
512
512
512
512
512
512
512
512
512
512
512
512
512
512
512
512
512
512
512
512
512
512
512
512
512
512
512
512
512
512
Module:2	RCU:1	branch:0	card:10
512
512
512
512
512
512
512
512
512
512
512
512
512
512
512
512
512
512
512
512
512
512
512
512
512
512
512
512
512
512
512
512
Module:2	RCU:1	branch:0	card:11
512
512
512
512
512
512
512
512
512
512
512
512
512
512
512
512
512
512
512
512
512
512
512
512
512
512
512
512
512
512
512
512
Module:2	RCU:1	branch:0	card:12
512
512
512
512
512
512
512
512
512
512
512
512
512
512
512
512
512
512
512
512
512
512
512
512
512
512
512
512
512
512
512
512
Module:2	RCU:1	branch:0	card:13
512
512
512
512
512
512
512
512
512
512
512
512
512
512
512
512
512
512
512
512
512
512
512
512
512
512
512
512
512
512
512
512
Module:2	RCU:1	branch:0	card:14
512
512
512
512
512
512
512
512
512
512
512
512
512
512
512
512
512
512
512
512
512
512
512
512
512
512
512
512
512
512
512
512
Module:2	RCU:1	branch:1	card:1
512
512
512
512
512
512
512
512
512
512
512
512
512
512
512
512
512
512
512
512
512
512
512
512
512
512
512
512
512
512
512
512
Module:2	RCU:1	branch:1	card:2
512
512
512
512
512
512
512
512
512
512
512
512
512
512
512
512
512
512
512
512
512
512
512
512
512
512
512
512
512
512
512
512
Module:2	RCU:1	branch:1	card:3
512
512
512
512
512
512
512
512
512
512
512
512
512
512
512
512
512
512
512
512
512
512
512
512
512
512
512
512
512
512
512
512
Module:2	RCU:1	branch:1	card:4
512
512
512
512
512
512
512
512
512
512
512
512
512
512
512
512
512
512
512
512
512
512
512
512
512
512
512
512
512
512
512
512
Module:2	RCU:1	branch:1	card:5
512
512
512
512
512
512
512
512
512
512
512
512
512
512
512
512
512
512
512
512
512
512
512
512
512
512
512
512
512
512
512
512
Module:2	RCU:1	branch:1	card:6
512
512
512
512
512
512
512
512
512
512
512
512
512
512
512
512
512
512
512
512
512
512
512
512
512
512
512
512
512
512
512
512
Module:2	RCU:1	branch:1	card:7
512
512
512
512
512
512
512
512
512
512
512
512
512
512
512
512
512
512
512
512
512
512
512
512
512
512
512
512
512
512
512
512
Module:2	RCU:1	branch:1	card:8
512
512
512
512
512
512
512
512
512
512
512
512
512
512
512
512
512
512
512
512
512
512
512
512
512
512
512
512
512
512
512
512
Module:2	RCU:1	branch:1	card:9
512
512
512
512
512
512
512
512
512
512
512
512
512
512
512
512
512
512
512
512
512
512
512
512
512
512
512
512
512
512
512
512
Module:2	RCU:1	branch:1	card:10
512
512
512
512
512
512
512
512
512
512
512
512
512
512
512
512
512
512
512
512
512
512
512
512
512
512
512
512
512
512
512
512
Module:2	RCU:1	branch:1	card:11
512
512
512
512
512
512
512
512
512
512
512
512
512
512
512
512
512
512
512
512
512
512
512
512
512
512
512
512
512
512
512
512
Module:2	RCU:1	branch:1	card:12
512
512
512
512
512
512
512
512
512
512
512
512
512
512
512
512
512
512
512
512
512
512
512
512
512
512
512
512
512
512
512
512
Module:2	RCU:1	branch:1	card:13
512
512
512
512
512
512
512
512
512
512
512
512
512
512
512
512
512
512
512
512
512
512
512
512
512
512
512
512
512
512
512
512
Module:2	RCU:1	branch:1	card:14
512
512
512
512
512
512
512
512
512
512
512
512
512
512
512
512
512
512
512
512
512
512
512
512
512
512
512
512
512
512
512
512
Module:2	RCU:2	branch:0	card:1
587
709
589
592
472
454
512
561
357
281
242
281
237
437
186
450
512
512
512
538
512
512
512
530
512
722
512
502
512
597
512
693
Module:2	RCU:2	branch:0	card:2
631
1023
692
829
679
840
661
833
355
457
386
563
324
444
261
526
621
633
678
635
549
618
676
737
652
603
598
717
699
716
753
780
Module:2	RCU:2	branch:0	card:3
966
860
905
866
947
797
770
935
897
903
1000
768
934
814
815
843
766
767
755
760
637
552
667
665
785
881
818
927
808
930
793
970
Module:2	RCU:2	branch:0	card:4
814
822
946
795
871
512
776
733
837
826
720
887
826
1002
910
697
554
623
608
725
741
737
630
720
838
728
736
818
856
785
854
867
Module:2	RCU:2	branch:0	card:5
809
780
813
795
770
661
592
637
744
732
730
723
702
776
668
468
825
807
757
603
731
794
645
790
800
734
828
815
812
835
802
856
Module:2	RCU:2	branch:0	card:6
708
662
643
698
619
626
648
524
594
817
626
749
663
761
720
718
689
590
609
546
732
617
697
525
753
654
695
567
463
600
658
640
Module:2	RCU:2	branch:0	card:7
402
465
522
381
502
579
607
583
528
465
470
190
498
453
418
553
478
511
450
361
487
537
446
486
449
516
514
535
615
728
370
615
Module:2	RCU:2	branch:0	card:8
820
822
1023
737
750
795
761
784
839
827
763
736
770
653
760
655
787
689
660
683
782
697
770
738
786
654
736
716
720
631
655
573
Module:2	RCU:2	branch:0	card:9
766
718
887
775
910
683
864
749
727
628
792
699
812
642
704
746
797
787
844
783
735
809
820
647
718
642
736
618
666
563
552
611
Module:2	RCU:2	branch:0	card:10
763
598
676
683
560
710
585
712
674
886
659
751
568
781
613
675
772
673
733
733
734
769
662
590
704
697
745
711
640
748
691
568
Module:2	RCU:2	branch:0	card:11
770
702
787
673
800
750
745
771
728
801
760
791
795
712
781
677
701
793
777
766
669
713
753
713
736
681
710
774
725
490
692
588
Module:2	RCU:2	branch:0	card:12
701
764
587
570
690
579
746
599
760
696
771
829
840
787
770
860
796
462
774
584
705
533
566
539
448
478
626
764
504
777
496
717
Module:2	RCU:2	branch:0	card:13
630
488
526
495
522
599
509
614
687
619
744
599
687
611
716
745
542
781
774
777
770
782
794
724
782
646
663
564
544
623
696
510
Module:2	RCU:2	branch:0	card:14
554
505
455
601
621
554
641
537
523
481
580
591
533
622
607
530
539
410
391
448
463
352
458
450
394
392
406
430
407
379
351
381
Module:2	RCU:2	branch:1	card:1
870
605
862
796
758
785
758
586
689
745
696
771
631
754
737
680
808
476
456
487
516
450
595
530
631
591
532
689
598
637
552
501
Module:2	RCU:2	branch:1	card:2
748
691
835
707
742
614
710
697
720
641
671
681
665
661
705
658
543
697
563
537
622
503
504
549
704
480
531
569
720
568
509
563
Module:2	RCU:2	branch:1	card:3
673
652
648
600
437
606
551
702
620
668
572
545
526
608
521
715
594
538
478
456
595
630
735
520
536
692
580
637
563
559
576
687
Module:2	RCU:2	branch:1	card:4
512
703
789
818
745
726
753
846
604
735
630
813
674
658
752
541
599
774
438
677
567
787
467
723
808
852
700
806
770
783
725
831
Module:2	RCU:2	branch:1	card:5
729
781
710
512
467
658
743
652
565
609
675
682
668
599
626
612
906
575
937
753
521
802
479
781
653
714
605
719
599
814
439
780
Module:2	RCU:2	branch:1	card:6
623
602
704
676
720
807
623
744
607
602
582
617
647
691
584
563
685
709
669
635
681
810
675
752
631
867
799
685
856
686
867
671
Module:2	RCU:2	branch:1	card:7
511
474
354
447
509
504
577
466
513
465
570
575
554
576
549
493
634
369
402
477
343
584
427
514
557
512
397
512
503
512
625
466
Module:2	RCU:2	branch:1	card:8
893
536
811
533
933
621
764
593
855
535
654
688
476
521
581
529
592
518
566
625
531
651
608
527
629
632
558
627
624
706
760
637
Module:2	RCU:2	branch:1	card:9
591
763
490
889
604
920
596
810
514
846
570
717
823
792
686
812
648
703
581
662
616
561
643
617
582
588
599
582
693
718
583
645
Module:2	RCU:2	branch:1	card:10
877
808
919
814
868
781
1018
609
788
832
887
843
859
726
641
747
540
559
506
564
512
687
562
524
638
582
535
646
478
647
626
572
Module:2	RCU:2	branch:1	card:11
861
634
563
594
558
553
657
570
608
642
574
550
533
513
566
456
553
560
583
673
637
536
616
641
478
608
613
649
619
474
482
809
Module:2	RCU:2	branch:1	card:12
620
598
524
512
643
632
524
561
515
534
532
476
515
547
592
477
567
471
368
478
351
601
558
571
642
566
572
543
522
388
759
663
Module:2	RCU:2	branch:1	card:13
491
694
512
805
561
685
751
769
796
779
702
754
762
682
802
797
497
494
450
518
600
629
482
612
781
770
771
633
544
536
512
531
Module:2	RCU:2	branch:1	card:14
531
772
713
717
630
729
688
774
730
721
672
628
511
584
732
590
395
512
513
512
360
512
328
512
468
512
492
512
408
512
350
512
Module:2	RCU:3	branch:0	card:1
512
512
512
512
512
512
512
512
512
512
512
512
512
512
512
512
512
512
512
512
512
512
512
512
512
512
512
512
512
512
512
512
Module:2	RCU:3	branch:0	card:2
512
512
512
512
512
512
512
512
512
512
512
512
512
512
512
512
512
512
512
512
512
512
512
512
512
512
512
512
512
512
512
512
Module:2	RCU:3	branch:0	card:3
512
512
512
512
512
512
512
512
512
512
512
512
512
512
512
512
512
512
512
512
512
512
512
512
512
512
512
512
512
512
512
512
Module:2	RCU:3	branch:0	card:4
512
512
512
512
512
512
512
512
512
512
512
512
512
512
512
512
512
512
512
512
512
512
512
512
512
512
512
512
512
512
512
512
Module:2	RCU:3	branch:0	card:5
512
512
512
512
512
512
512
512
512
512
512
512
512
512
512
512
512
512
512
512
512
512
512
512
512
512
512
512
512
512
512
512
Module:2	RCU:3	branch:0	card:6
512
512
512
512
512
512
512
512
512
512
512
512
512
512
512
512
512
512
512
512
512
512
512
512
512
512
512
512
512
512
512
512
Module:2	RCU:3	branch:0	card:7
512
512
512
512
512
512
512
512
512
512
512
512
512
512
512
512
512
512
512
512
512
512
512
512
512
512
512
512
512
512
512
512
Module:2	RCU:3	branch:0	card:8
512
512
512
512
512
512
512
512
512
512
512
512
512
512
512
512
512
512
512
512
512
512
512
512
512
512
512
512
512
512
512
512
Module:2	RCU:3	branch:0	card:9
512
512
512
512
512
512
512
512
512
512
512
512
512
512
512
512
512
512
512
512
512
512
512
512
512
512
512
512
512
512
512
512
Module:2	RCU:3	branch:0	card:10
512
512
512
512
512
512
512
512
512
512
512
512
512
512
512
512
512
512
512
512
512
512
512
512
512
512
512
512
512
512
512
512
Module:2	RCU:3	branch:0	card:11
512
512
512
512
512
512
512
512
512
512
512
512
512
512
512
512
512
512
512
512
512
512
512
512
512
512
512
512
512
512
512
512
Module:2	RCU:3	branch:0	card:12
512
512
512
512
512
512
512
512
512
512
512
512
512
512
512
512
512
512
512
512
512
512
512
512
512
512
512
512
512
512
512
512
Module:2	RCU:3	branch:0	card:13
512
512
512
512
512
512
512
512
512
512
512
512
512
512
512
512
512
512
512
512
512
512
512
512
512
512
512
512
512
512
512
512
Module:2	RCU:3	branch:0	card:14
512
512
512
512
512
512
512
512
512
512
512
512
512
512
512
512
512
512
512
512
512
512
512
512
512
512
512
512
512
512
512
512
Module:2	RCU:3	branch:1	card:1
512
512
512
512
512
512
512
512
512
512
512
512
512
512
512
512
512
512
512
512
512
512
512
512
512
512
512
512
512
512
512
512
Module:2	RCU:3	branch:1	card:2
512
512
512
512
512
512
512
512
512
512
512
512
512
512
512
512
512
512
512
512
512
512
512
512
512
512
512
512
512
512
512
512
Module:2	RCU:3	branch:1	card:3
512
512
512
512
512
512
512
512
512
512
512
512
512
512
512
512
512
512
512
512
512
512
512
512
512
512
512
512
512
512
512
512
Module:2	RCU:3	branch:1	card:4
512
512
512
512
512
512
512
512
512
512
512
512
512
512
512
512
512
512
512
512
512
512
512
512
512
512
512
512
512
512
512
512
Module:2	RCU:3	branch:1	card:5
512
512
512
512
512
512
512
512
512
512
512
512
512
512
512
512
512
512
512
512
512
512
512
512
512
512
512
512
512
512
512
512
Module:2	RCU:3	branch:1	card:6
512
512
512
512
512
512
512
512
512
512
512
512
512
512
512
512
512
512
512
512
512
512
512
512
512
512
512
512
512
512
512
512
Module:2	RCU:3	branch:1	card:7
512
512
512
512
512
512
512
512
512
512
512
512
512
512
512
512
512
512
512
512
512
512
512
512
512
512
512
512
512
512
512
512
Module:2	RCU:3	branch:1	card:8
512
512
512
512
512
512
512
512
512
512
512
512
512
512
512
512
512
512
512
512
512
512
512
512
512
512
512
512
512
512
512
512
Module:2	RCU:3	branch:1	card:9
512
512
512
512
512
512
512
512
512
512
512
512
512
512
512
512
512
512
512
512
512
512
512
512
512
512
512
512
512
512
512
512
Module:2	RCU:3	branch:1	card:10
512
512
512
512
512
512
512
512
512
512
512
512
512
512
512
512
512
512
512
512
512
512
512
512
512
512
512
512
512
512
512
512
Module:2	RCU:3	branch:1	card:11
512
512
512
512
512
512
512
512
512
512
512
512
512
512
512
512
512
512
512
512
512
512
512
512
512
512
512
512
512
512
512
512
Module:2	RCU:3	branch:1	card:12
512
512
512
512
512
512
512
512
512
512
512
512
512
512
512
512
512
512
512
512
512
512
512
512
512
512
512
512
512
512
512
512
Module:2	RCU:3	branch:1	card:13
512
512
512
512
512
512
512
512
512
512
512
512
512
512
512
512
512
512
512
512
512
512
512
512
512
512
512
512
512
512
512
512
Module:2	RCU:3	branch:1	card:14
512
512
512
512
512
512
512
512
512
512
512
512
512
512
512
512
512
512
512
512
512
512
512
512
512
512
512
512
512
512
512
512
