Module:2	RCU:3	branch:1	card:14
656
496
507
505
508
626
714
686
711
474
651
483
655
563
660
585
703
463
701
473
655
473
713
481
688
475
643
501
433
733
444
737
Module:2	RCU:3	branch:1	card:13
502
514
490
506
532
502
533
596
566
598
586
600
614
600
503
599
634
631
690
732
668
681
663
698
623
691
714
676
721
660
683
700
Module:2	RCU:3	branch:1	card:12
547
566
579
581
578
533
560
537
553
544
551
555
553
501
558
502
597
612
612
588
606
648
633
711
585
718
605
460
566
649
590
648
Module:2	RCU:3	branch:1	card:11
605
527
626
522
616
521
606
522
606
525
616
531
626
542
644
549
553
589
573
582
558
455
583
573
568
577
606
591
598
565
596
600
Module:2	RCU:3	branch:1	card:10
466
658
635
642
631
685
631
675
599
675
648
683
666
688
656
625
502
546
506
529
509
536
515
528
511
531
519
518
543
530
543
548
Module:2	RCU:3	branch:1	card:9
791
493
800
498
752
552
763
474
771
468
773
475
760
491
788
461
502
626
606
571
597
626
614
611
603
458
609
486
632
491
613
481
Module:2	RCU:3	branch:1	card:8
651
711
701
720
703
725
716
748
726
793
751
792
744
763
690
766
489
517
627
516
581
482
548
566
528
592
527
566
485
544
546
559
Module:2	RCU:3	branch:1	card:7
688
706
678
728
660
667
652
661
661
716
688
705
681
727
728
731
583
531
556
491
530
477
635
695
498
548
501
541
588
515
546
512
Module:2	RCU:3	branch:1	card:6
625
619
623
683
618
672
596
653
716
656
578
653
581
683
614
679
741
501
717
458
726
571
580
578
566
504
540
508
549
511
508
456
Module:2	RCU:3	branch:1	card:5
543
631
545
636
545
643
571
513
458
607
458
591
504
583
504
582
678
713
711
758
718
735
691
726
756
731
727
731
696
755
724
746
Module:2	RCU:3	branch:1	card:4
583
695
595
679
606
643
627
633
653
620
661
535
630
544
665
543
645
625
658
746
686
733
708
708
648
742
574
743
751
656
707
697
Module:2	RCU:3	branch:1	card:3
461
736
471
733
480
708
640
698
677
603
702
706
720
714
716
555
627
660
638
581
686
676
673
662
665
661
674
611
653
665
608
675
Module:2	RCU:3	branch:1	card:2
628
596
633
598
633
549
626
601
611
600
555
522
568
490
584
478
551
578
563
641
553
601
546
554
573
615
590
693
629
648
591
638
Module:2	RCU:3	branch:1	card:1
569
562
493
597
525
586
534
576
536
487
563
522
571
524
563
529
751
655
756
729
621
719
700
656
711
726
636
640
706
521
751
560
Module:2	RCU:3	branch:0	card:14
438
445
611
521
510
613
516
586
478
583
418
541
541
488
474
466
615
583
555
584
556
580
568
596
577
683
618
647
642
602
579
608
Module:2	RCU:3	branch:0	card:13
513
566
698
477
695
478
652
496
656
445
658
738
488
725
561
715
601
642
646
781
655
781
777
691
758
696
697
653
600
646
535
633
Module:2	RCU:3	branch:0	card:12
478
601
642
611
504
653
496
645
618
518
473
728
632
657
513
656
643
784
623
656
712
690
716
668
675
584
670
730
755
669
760
615
Module:2	RCU:3	branch:0	card:11
551
576
568
527
560
606
471
597
531
520
586
608
551
504
586
489
736
737
778
788
788
691
675
685
659
663
631
614
643
761
731
706
Module:2	RCU:3	branch:0	card:10
760
566
716
731
675
648
576
638
660
616
616
558
633
568
821
573
711
593
558
713
648
676
721
762
683
682
701
650
573
653
636
738
Module:2	RCU:3	branch:0	card:9
569
785
606
608
553
819
500
801
637
706
528
808
778
536
675
676
698
661
666
658
670
680
585
640
663
654
738
728
727
740
673
610
Module:2	RCU:3	branch:0	card:8
611
528
683
548
683
608
763
561
661
583
543
577
626
598
632
591
690
683
622
711
580
711
703
678
646
656
682
676
596
625
609
601
Module:2	RCU:3	branch:0	card:7
710
652
658
659
733
763
726
746
635
638
635
579
586
583
596
683
546
586
551
507
648
626
558
576
546
698
498
745
558
710
566
636
Module:2	RCU:3	branch:0	card:6
566
675
630
686
620
665
756
706
748
698
733
651
737
700
706
643
613
511
528
522
476
604
591
473
520
470
608
536
499
462
478
585
Module:2	RCU:3	branch:0	card:5
521
577
649
571
648
619
523
628
681
573
541
608
675
605
638
608
629
611
632
621
508
631
694
641
611
650
601
629
591
634
575
517
Module:2	RCU:3	branch:0	card:4
745
709
686
700
678
680
671
601
663
649
780
626
769
612
756
498
661
686
651
686
641
683
630
682
659
604
669
623
677
628
683
628
Module:2	RCU:3	branch:0	card:3
766
732
718
725
711
667
711
656
651
651
593
633
748
763
740
553
681
652
668
648
685
651
696
653
704
643
706
666
707
668
698
668
Module:2	RCU:3	branch:0	card:2
734
699
563
773
781
703
773
695
713
691
723
701
721
682
692
760
593
579
615
572
573
683
683
576
578
691
578
698
580
700
582
698
Module:2	RCU:3	branch:0	card:1
629
608
627
741
548
732
561
751
628
761
615
734
624
726
517
729
517
608
526
603
530
504
528
506
518
455
528
556
553
575
610
585
Module:2	RCU:2	branch:1	card:14
554
680
613
673
621
670
639
660
643
635
644
613
648
567
693
559
545
493
571
513
512
754
493
635
765
771
616
629
556
601
555
612
Module:2	RCU:2	branch:1	card:13
478
728
498
720
531
741
690
734
697
728
701
722
705
727
721
739
475
493
474
490
573
561
588
588
709
725
743
563
547
553
525
514
Module:2	RCU:2	branch:1	card:12
626
593
536
603
615
641
611
498
603
488
591
483
545
482
587
480
743
532
486
478
473
591
748
762
581
535
528
468
543
463
746
733
Module:2	RCU:2	branch:1	card:11
747
548
543
511
540
510
541
513
566
515
574
516
570
519
550
526
598
598
591
651
593
653
638
661
610
570
634
718
651
546
642
746
Module:2	RCU:2	branch:1	card:10
787
722
803
738
809
756
810
753
806
750
805
744
801
740
666
741
596
577
603
606
451
598
563
636
573
618
586
624
558
616
585
633
Module:2	RCU:2	branch:1	card:9
591
744
478
784
488
793
500
795
504
795
499
795
773
793
764
790
525
550
549
539
545
532
559
521
551
540
568
546
561
738
570
553
Module:2	RCU:2	branch:1	card:8
771
536
773
519
773
564
775
568
667
578
682
588
548
592
548
590
624
499
466
531
458
518
486
500
478
538
515
548
511
555
531
530
Module:2	RCU:2	branch:1	card:7
688
696
690
706
718
708
721
708
713
700
713
691
718
681
727
768
738
650
628
626
596
589
558
653
693
622
621
591
618
589
621
654
Module:2	RCU:2	branch:1	card:6
633
646
633
731
623
735
611
734
608
591
603
611
653
623
652
631
734
591
728
591
730
679
592
676
592
729
676
586
676
594
648
676
Module:2	RCU:2	branch:1	card:5
626
670
705
673
481
678
639
643
625
653
641
664
661
663
667
650
788
721
790
728
516
700
644
701
578
703
573
728
583
697
450
733
Module:2	RCU:2	branch:1	card:4
469
745
693
757
691
750
682
742
633
746
718
752
724
627
731
609
566
761
566
766
563
764
565
756
767
791
766
773
761
792
763
793
Module:2	RCU:2	branch:1	card:3
496
523
488
518
478
562
506
562
526
557
532
550
529
541
527
701
588
530
561
526
551
536
627
533
501
536
500
538
496
530
485
564
Module:2	RCU:2	branch:1	card:2
646
627
651
581
658
640
653
684
686
599
668
590
616
572
624
603
540
657
626
636
595
567
581
533
646
591
636
631
575
564
498
546
Module:2	RCU:2	branch:1	card:1
579
608
656
496
507
505
508
626
714
686
711
474
651
483
655
563
660
585
703
463
701
473
655
473
713
481
688
475
643
501
433
733
Module:2	RCU:2	branch:0	card:14
600
676
523
583
671
607
651
568
586
569
598
646
559
665
678
593
648
603
648
606
641
557
633
553
598
548
601
546
603
545
603
542
Module:2	RCU:2	branch:0	card:13
686
562
663
551
598
633
621
655
607
568
650
591
638
555
576
601
491
728
737
731
734
742
731
636
732
633
733
633
497
631
728
635
Module:2	RCU:2	branch:0	card:12
715
738
724
666
722
650
797
665
722
672
685
778
793
744
745
700
688
480
686
515
676
523
541
526
543
528
581
736
575
740
569
743
Module:2	RCU:2	branch:0	card:11
738
658
773
726
765
710
760
721
743
784
758
777
766
688
762
681
703
707
713
710
725
710
720
709
718
706
719
701
723
565
695
581
Module:2	RCU:2	branch:0	card:10
626
580
626
581
561
690
563
698
643
757
615
748
570
736
614
703
714
660
685
680
681
696
686
693
688
726
688
663
664
666
673
660
Module:2	RCU:2	branch:0	card:9
713
610
716
684
791
596
796
674
738
599
733
672
666
621
603
671
653
648
651
658
651
662
656
566
676
568
568
566
567
566
594
583
Module:2	RCU:2	branch:0	card:8
716
801
782
708
671
653
688
721
756
795
756
725
746
650
741
651
731
626
671
653
675
650
729
725
713
634
718
625
634
626
627
625
Module:2	RCU:2	branch:0	card:7
698
712
685
703
780
779
775
781
801
696
773
471
778
756
751
758
623
474
601
481
605
678
473
671
476
680
483
668
686
713
462
707
Module:2	RCU:2	branch:0	card:6
713
751
675
742
628
680
668
546
674
739
726
798
743
797
798
758
716
594
728
616
733
619
736
618
653
667
604
602
508
567
608
588
Module:2	RCU:2	branch:0	card:5
763
654
747
711
733
609
623
646
659
676
723
696
727
706
619
573
770
708
684
707
680
704
670
698
700
695
708
692
710
692
708
715
Module:2	RCU:2	branch:0	card:4
788
743
868
733
762
749
772
761
786
815
793
835
811
841
783
785
628
758
840
761
826
751
734
746
732
741
725
733
745
761
755
761
Module:2	RCU:2	branch:0	card:3
860
793
868
800
823
836
831
796
816
803
855
778
810
786
817
787
786
773
782
743
776
781
789
793
803
806
809
823
811
828
803
833
Module:2	RCU:2	branch:0	card:2
633
846
636
841
608
861
651
850
560
840
551
847
663
819
661
816
586
639
643
658
658
655
667
653
667
648
669
646
672
644
658
644
Module:2	RCU:2	branch:0	card:1
513
628
438
445
611
521
510
613
516
586
478
583
418
541
541
488
474
466
615
583
555
584
556
580
568
596
577
683
618
647
642
602
Module:2	RCU:1	branch:1	card:14
541
526
560
605
598
614
626
530
556
540
558
536
625
593
551
526
628
571
643
586
741
600
633
571
630
631
681
631
684
628
513
628
Module:2	RCU:1	branch:1	card:13
641
667
820
750
803
787
728
758
699
591
621
830
625
811
707
852
590
753
587
766
764
643
763
653
671
559
656
727
553
741
621
745
Module:2	RCU:1	branch:1	card:12
575
722
663
748
751
850
871
688
749
719
615
676
602
673
653
664
713
683
702
671
695
701
713
695
740
723
661
695
664
510
667
514
Module:2	RCU:1	branch:1	card:11
731
776
756
658
648
653
698
640
749
686
799
686
766
671
661
658
746
560
636
741
781
821
738
753
761
721
797
736
739
826
755
756
Module:2	RCU:1	branch:1	card:10
637
688
780
780
799
801
782
731
794
636
742
721
763
799
696
718
656
736
781
716
768
806
731
628
631
781
638
706
636
576
768
661
Module:2	RCU:1	branch:1	card:9
848
840
756
750
771
838
816
830
807
785
818
668
821
705
819
779
621
781
634
718
741
741
821
798
798
782
598
636
814
671
766
550
Module:2	RCU:1	branch:1	card:8
693
853
676
825
704
825
687
787
725
809
716
811
729
870
635
838
665
615
584
591
631
670
656
649
643
625
668
677
670
623
651
665
Module:2	RCU:1	branch:1	card:7
590
641
589
557
605
557
536
568
571
555
710
563
543
550
575
566
676
646
669
628
618
678
642
688
616
600
690
643
683
641
613
751
Module:2	RCU:1	branch:1	card:6
596
668
657
662
533
672
528
676
651
707
536
698
520
700
660
687
743
705
738
701
741
696
753
712
753
703
753
648
756
641
749
645
Module:2	RCU:1	branch:1	card:5
625
680
631
673
654
591
646
593
663
565
650
581
762
563
771
579
735
580
775
616
745
732
691
727
755
726
628
716
576
740
587
741
Module:2	RCU:1	branch:1	card:4
654
720
641
636
650
643
688
611
707
616
768
603
696
611
666
631
796
726
681
755
678
728
691
750
708
703
706
729
756
703
726
723
Module:2	RCU:1	branch:1	card:3
611
645
631
611
672
660
676
481
628
511
611
501
632
533
665
531
615
791
732
793
756
801
778
804
776
776
765
782
785
783
773
805
Module:2	RCU:1	branch:1	card:2
658
683
646
603
591
618
640
628
696
626
696
610
718
672
647
636
679
603
666
613
648
613
661
631
648
633
641
638
646
626
576
626
Module:2	RCU:1	branch:1	card:1
718
591
593
585
740
763
733
746
685
681
694
755
728
648
663
609
703
740
624
641
715
663
708
648
749
576
728
660
741
653
633
673
Module:2	RCU:1	branch:0	card:14
683
608
451
677
675
631
644
656
543
741
741
685
481
469
432
599
683
593
675
594
653
630
671
722
676
696
695
716
687
570
584
640
Module:2	RCU:1	branch:0	card:13
596
673
536
660
602
731
666
501
733
601
707
746
526
508
490
670
621
593
618
556
629
600
627
676
618
681
597
553
592
681
590
561
Module:2	RCU:1	branch:0	card:12
653
493
637
608
680
607
683
633
696
548
693
643
694
643
573
565
721
750
719
755
718
760
716
755
713
736
624
784
627
548
746
620
Module:2	RCU:1	branch:0	card:11
656
701
711
731
700
725
716
741
721
741
562
633
704
651
723
671
760
682
763
686
766
690
773
696
779
806
783
798
702
733
688
723
Module:2	RCU:1	branch:0	card:10
580
760
558
730
721
768
761
763
761
773
751
686
757
691
741
676
821
741
826
741
818
737
821
731
818
725
816
705
743
742
741
752
Module:2	RCU:1	branch:0	card:9
573
535
574
598
565
628
548
529
597
491
593
525
573
561
802
536
653
788
656
781
661
771
666
750
806
780
799
807
792
811
789
816
Module:2	RCU:1	branch:0	card:8
463
636
675
529
641
533
636
463
695
476
698
446
680
621
641
606
623
668
696
668
693
581
694
664
556
530
585
713
593
636
668
650
Module:2	RCU:1	branch:0	card:7
691
671
670
721
716
508
710
611
690
608
717
686
735
690
710
707
552
631
558
598
653
604
651
608
642
613
636
613
638
612
638
617
Module:2	RCU:1	branch:0	card:6
638
715
703
711
677
661
705
651
698
686
653
646
646
661
641
668
783
549
771
586
596
585
587
586
583
518
576
519
557
508
553
521
Module:2	RCU:1	branch:0	card:5
588
673
646
606
658
631
668
661
670
690
631
686
674
668
621
630
796
701
799
714
801
737
781
751
720
748
786
767
793
758
797
753
Module:2	RCU:1	branch:0	card:4
626
499
613
500
618
527
644
531
635
553
641
526
459
563
480
563
806
718
807
772
758
767
747
764
825
786
815
783
811
792
728
791
Module:2	RCU:1	branch:0	card:3
696
730
686
724
693
728
680
575
651
553
688
578
715
613
728
618
700
633
751
668
753
810
729
798
621
810
597
736
651
812
644
793
Module:2	RCU:1	branch:0	card:2
510
531
672
546
538
549
515
525
535
463
437
664
646
691
529
665
731
661
749
670
744
653
727
658
676
690
693
674
700
686
721
723
Module:2	RCU:1	branch:0	card:1
640
456
626
751
637
575
630
488
708
531
638
623
636
560
633
623
530
746
746
741
760
746
771
747
786
723
781
734
732
741
726
666
Module:2	RCU:0	branch:1	card:14
695
716
691
737
566
718
739
701
743
588
699
708
698
709
714
705
679
592
685
711
673
646
761
750
605
660
695
583
683
726
641
636
Module:2	RCU:0	branch:1	card:13
728
670
711
742
783
775
773
780
742
743
618
622
675
648
784
713
720
703
727
760
677
746
688
778
659
773
624
760
733
771
725
700
Module:2	RCU:0	branch:1	card:12
773
676
771
701
657
691
733
715
679
709
725
723
726
718
685
735
567
746
556
776
620
758
597
768
580
731
752
745
702
712
696
721
Module:2	RCU:0	branch:1	card:11
713
726
778
750
600
748
603
770
624
749
750
650
761
771
742
707
614
697
645
632
581
616
675
613
584
701
642
700
606
591
595
626
Module:2	RCU:0	branch:1	card:10
861
822
765
755
798
783
687
597
746
831
763
773
853
805
775
828
700
679
766
693
771
590
618
578
616
640
702
573
703
578
615
633
Module:2	RCU:0	branch:1	card:9
810
771
623
862
756
713
601
800
754
791
806
623
801
850
751
766
513
640
511
651
513
655
613
647
666
688
654
674
683
696
665
671
Module:2	RCU:0	branch:1	card:8
597
633
658
838
643
845
671
728
673
746
655
597
641
769
846
808
491
475
553
611
513
615
615
616
611
445
449
461
501
465
496
471
Module:2	RCU:0	branch:1	card:7
711
653
643
618
688
688
646
663
796
636
621
643
690
827
665
818
521
596
521
490
576
516
577
520
494
526
530
613
531
610
565
586
Module:2	RCU:0	branch:1	card:6
765
705
775
693
790
697
789
807
681
702
700
676
695
713
701
709
481
483
484
521
503
503
508
576
513
556
551
545
554
493
553
530
Module:2	RCU:0	branch:1	card:5
578
863
608
853
623
844
621
831
608
870
616
853
593
834
598
780
620
519
618
513
641
562
585
532
612
526
589
450
579
448
476
446
Module:2	RCU:0	branch:1	card:4
656
541
841
818
811
561
630
573
836
573
640
574
591
600
563
589
593
616
587
553
614
643
651
550
655
543
671
625
651
635
620
588
Module:2	RCU:0	branch:1	card:3
608
710
704
713
680
646
716
678
590
650
717
620
631
713
688
613
681
682
676
698
668
676
678
703
686
695
686
671
763
708
698
770
Module:2	RCU:0	branch:1	card:2
542
653
681
667
671
606
435
680
590
619
658
581
614
684
571
673
735
781
633
756
721
761
721
771
731
645
757
621
753
646
779
643
Module:2	RCU:0	branch:1	card:1
584
640
541
526
560
605
598
614
626
530
556
540
558
536
625
593
551
526
628
571
643
586
741
600
633
571
630
631
681
631
684
628
Module:2	RCU:0	branch:0	card:14
520
506
553
546
612
507
541
542
478
501
600
556
540
516
546
466
813
777
758
781
754
776
775
773
765
766
754
726
801
741
778
704
Module:2	RCU:0	branch:0	card:13
556
576
547
576
556
615
592
575
586
606
574
612
577
612
578
606
791
803
793
701
813
826
805
823
800
813
796
810
796
803
786
805
Module:2	RCU:0	branch:0	card:12
640
636
626
636
637
661
630
661
623
663
638
734
636
651
633
657
690
763
706
765
706
763
685
458
740
781
723
773
758
771
751
757
Module:2	RCU:0	branch:0	card:11
468
698
649
688
657
684
667
628
671
613
673
603
683
541
680
617
667
641
648
646
671
666
713
703
643
683
715
668
722
705
683
788
Module:2	RCU:0	branch:0	card:10
676
717
690
487
471
696
683
486
470
755
671
438
703
436
695
438
826
818
821
802
816
769
842
806
798
791
811
781
776
683
752
706
Module:2	RCU:0	branch:0	card:9
666
677
660
670
526
575
531
583
590
665
599
455
616
683
636
465
854
810
828
808
846
813
773
827
793
788
808
788
785
800
840
833
Module:2	RCU:0	branch:0	card:8
583
619
736
610
590
648
644
530
543
536
550
612
591
609
622
626
522
852
564
838
784
848
779
831
543
845
763
826
814
848
853
860
Module:2	RCU:0	branch:0	card:7
533
633
518
561
568
573
648
548
506
626
500
545
557
516
551
578
807
842
816
816
841
830
841
861
833
852
814
831
783
513
853
656
Module:2	RCU:0	branch:0	card:6
577
488
675
452
679
502
538
498
546
531
641
471
723
461
448
501
743
801
770
796
776
790
778
815
781
778
768
806
746
821
761
826
Module:2	RCU:0	branch:0	card:5
658
561
526
690
526
702
518
551
695
556
578
541
555
546
571
585
608
553
558
538
571
588
599
643
599
649
590
681
561
681
557
681
Module:2	RCU:0	branch:0	card:4
651
650
623
620
620
608
591
617
617
658
596
626
509
515
478
511
686
730
726
738
708
711
706
756
706
756
730
778
730
763
731
721
Module:2	RCU:0	branch:0	card:3
486
671
553
585
481
578
565
483
696
487
666
686
443
696
685
641
636
550
629
558
608
661
656
660
657
657
646
648
582
576
576
578
Module:2	RCU:0	branch:0	card:2
696
758
691
751
693
746
696
498
715
532
621
730
735
522
742
533
491
616
538
615
511
572
530
564
546
583
541
603
534
596
574
583
Module:2	RCU:0	branch:0	card:1
467
684
683
608
451
677
675
631
644
656
543
741
741
685
481
469
432
599
683
593
675
594
653
630
671
722
676
696
695
716
687
570
