Module:2	RCU:3	branch:1	card:14
681
521
532
530
533
651
739
711
736
499
676
508
680
588
685
610
728
488
726
498
680
498
738
506
713
500
668
526
458
758
469
762
Module:2	RCU:3	branch:1	card:13
527
539
515
531
557
527
558
621
591
623
611
625
639
625
528
624
659
656
715
757
693
706
688
723
648
716
739
701
746
685
708
725
Module:2	RCU:3	branch:1	card:12
572
591
604
606
603
558
585
562
578
569
576
580
578
526
583
527
622
637
637
613
631
673
658
736
610
743
630
485
591
674
615
673
Module:2	RCU:3	branch:1	card:11
630
552
651
547
641
546
631
547
631
550
641
556
651
567
669
574
578
614
598
607
583
480
608
598
593
602
631
616
623
590
621
625
Module:2	RCU:3	branch:1	card:10
491
683
660
667
656
710
656
700
624
700
673
708
691
713
681
650
527
571
531
554
534
561
540
553
536
556
544
543
568
555
568
573
Module:2	RCU:3	branch:1	card:9
816
518
825
523
777
577
788
499
796
493
798
500
785
516
813
486
527
651
631
596
622
651
639
636
628
483
634
511
657
516
638
506
Module:2	RCU:3	branch:1	card:8
676
736
726
745
728
750
741
773
751
818
776
817
769
788
715
791
514
542
652
541
606
507
573
591
553
617
552
591
510
569
571
584
Module:2	RCU:3	branch:1	card:7
713
731
703
753
685
692
677
686
686
741
713
730
706
752
753
756
608
556
581
516
555
502
660
720
523
573
526
566
613
540
571
537
Module:2	RCU:3	branch:1	card:6
650
644
648
708
643
697
621
678
741
681
603
678
606
708
639
704
766
526
742
483
751
596
605
603
591
529
565
533
574
536
533
481
Module:2	RCU:3	branch:1	card:5
568
656
570
661
570
668
596
538
483
632
483
616
529
608
529
607
703
738
736
783
743
760
716
751
781
756
752
756
721
780
749
771
Module:2	RCU:3	branch:1	card:4
608
720
620
704
631
668
652
658
678
645
686
560
655
569
690
568
670
650
683
771
711
758
733
733
673
767
599
768
776
681
732
722
Module:2	RCU:3	branch:1	card:3
486
761
496
758
505
733
665
723
702
628
727
731
745
739
741
580
652
685
663
606
711
701
698
687
690
686
699
636
678
690
633
700
Module:2	RCU:3	branch:1	card:2
653
621
658
623
658
574
651
626
636
625
580
547
593
515
609
503
576
603
588
666
578
626
571
579
598
640
615
718
654
673
616
663
Module:2	RCU:3	branch:1	card:1
594
587
518
622
550
611
559
601
561
512
588
547
596
549
588
554
776
680
781
754
646
744
725
681
736
751
661
665
731
546
776
585
Module:2	RCU:3	branch:0	card:14
463
470
636
546
535
638
541
611
503
608
443
566
566
513
499
491
640
608
580
609
581
605
593
621
602
708
643
672
667
627
604
633
Module:2	RCU:3	branch:0	card:13
538
591
723
502
720
503
677
521
681
470
683
763
513
750
586
740
626
667
671
806
680
806
802
716
783
721
722
678
625
671
560
658
Module:2	RCU:3	branch:0	card:12
503
626
667
636
529
678
521
670
643
543
498
753
657
682
538
681
668
809
648
681
737
715
741
693
700
609
695
755
780
694
785
640
Module:2	RCU:3	branch:0	card:11
576
601
593
552
585
631
496
622
556
545
611
633
576
529
611
514
761
762
803
813
813
716
700
710
684
688
656
639
668
786
756
731
Module:2	RCU:3	branch:0	card:10
785
591
741
756
700
673
601
663
685
641
641
583
658
593
846
598
736
618
583
738
673
701
746
787
708
707
726
675
598
678
661
763
Module:2	RCU:3	branch:0	card:9
594
810
631
633
578
844
525
826
662
731
553
833
803
561
700
701
723
686
691
683
695
705
610
665
688
679
763
753
752
765
698
635
Module:2	RCU:3	branch:0	card:8
636
553
708
573
708
633
788
586
686
608
568
602
651
623
657
616
715
708
647
736
605
736
728
703
671
681
707
701
621
650
634
626
Module:2	RCU:3	branch:0	card:7
735
677
683
684
758
788
751
771
660
663
660
604
611
608
621
708
571
611
576
532
673
651
583
601
571
723
523
770
583
735
591
661
Module:2	RCU:3	branch:0	card:6
591
700
655
711
645
690
781
731
773
723
758
676
762
725
731
668
638
536
553
547
501
629
616
498
545
495
633
561
524
487
503
610
Module:2	RCU:3	branch:0	card:5
546
602
674
596
673
644
548
653
706
598
566
633
700
630
663
633
654
636
657
646
533
656
719
666
636
675
626
654
616
659
600
542
Module:2	RCU:3	branch:0	card:4
770
734
711
725
703
705
696
626
688
674
805
651
794
637
781
523
686
711
676
711
666
708
655
707
684
629
694
648
702
653
708
653
Module:2	RCU:3	branch:0	card:3
791
757
743
750
736
692
736
681
676
676
618
658
773
788
765
578
706
677
693
673
710
676
721
678
729
668
731
691
732
693
723
693
Module:2	RCU:3	branch:0	card:2
759
724
588
798
806
728
798
720
738
716
748
726
746
707
717
785
618
604
640
597
598
708
708
601
603
716
603
723
605
725
607
723
Module:2	RCU:3	branch:0	card:1
654
633
652
766
573
757
586
776
653
786
640
759
649
751
542
754
542
633
551
628
555
529
553
531
543
480
553
581
578
600
635
610
Module:2	RCU:2	branch:1	card:14
579
705
638
698
646
695
664
685
668
660
669
638
673
592
718
584
570
518
596
538
537
779
518
660
790
796
641
654
581
626
580
637
Module:2	RCU:2	branch:1	card:13
503
753
523
745
556
766
715
759
722
753
726
747
730
752
746
764
500
518
499
515
598
586
613
613
734
750
768
588
572
578
550
539
Module:2	RCU:2	branch:1	card:12
651
618
561
628
640
666
636
523
628
513
616
508
570
507
612
505
768
557
511
503
498
616
773
787
606
560
553
493
568
488
771
758
Module:2	RCU:2	branch:1	card:11
772
573
568
536
565
535
566
538
591
540
599
541
595
544
575
551
623
623
616
676
618
678
663
686
635
595
659
743
676
571
667
771
Module:2	RCU:2	branch:1	card:10
812
747
828
763
834
781
835
778
831
775
830
769
826
765
691
766
621
602
628
631
476
623
588
661
598
643
611
649
583
641
610
658
Module:2	RCU:2	branch:1	card:9
616
769
503
809
513
818
525
820
529
820
524
820
798
818
789
815
550
575
574
564
570
557
584
546
576
565
593
571
586
763
595
578
Module:2	RCU:2	branch:1	card:8
796
561
798
544
798
589
800
593
692
603
707
613
573
617
573
615
649
524
491
556
483
543
511
525
503
563
540
573
536
580
556
555
Module:2	RCU:2	branch:1	card:7
713
721
715
731
743
733
746
733
738
725
738
716
743
706
752
793
763
675
653
651
621
614
583
678
718
647
646
616
643
614
646
679
Module:2	RCU:2	branch:1	card:6
658
671
658
756
648
760
636
759
633
616
628
636
678
648
677
656
759
616
753
616
755
704
617
701
617
754
701
611
701
619
673
701
Module:2	RCU:2	branch:1	card:5
651
695
730
698
506
703
664
668
650
678
666
689
686
688
692
675
813
746
815
753
541
725
669
726
603
728
598
753
608
722
475
758
Module:2	RCU:2	branch:1	card:4
494
770
718
782
716
775
707
767
658
771
743
777
749
652
756
634
591
786
591
791
588
789
590
781
792
816
791
798
786
817
788
818
Module:2	RCU:2	branch:1	card:3
521
548
513
543
503
587
531
587
551
582
557
575
554
566
552
726
613
555
586
551
576
561
652
558
526
561
525
563
521
555
510
589
Module:2	RCU:2	branch:1	card:2
671
652
676
606
683
665
678
709
711
624
693
615
641
597
649
628
565
682
651
661
620
592
606
558
671
616
661
656
600
589
523
571
Module:2	RCU:2	branch:1	card:1
604
633
681
521
532
530
533
651
739
711
736
499
676
508
680
588
685
610
728
488
726
498
680
498
738
506
713
500
668
526
458
758
Module:2	RCU:2	branch:0	card:14
625
701
548
608
696
632
676
593
611
594
623
671
584
690
703
618
673
628
673
631
666
582
658
578
623
573
626
571
628
570
628
567
Module:2	RCU:2	branch:0	card:13
711
587
688
576
623
658
646
680
632
593
675
616
663
580
601
626
516
753
762
756
759
767
756
661
757
658
758
658
522
656
753
660
Module:2	RCU:2	branch:0	card:12
740
763
749
691
747
675
822
690
747
697
710
803
818
769
770
725
713
505
711
540
701
548
566
551
568
553
606
761
600
765
594
768
Module:2	RCU:2	branch:0	card:11
763
683
798
751
790
735
785
746
768
809
783
802
791
713
787
706
728
732
738
735
750
735
745
734
743
731
744
726
748
590
720
606
Module:2	RCU:2	branch:0	card:10
651
605
651
606
586
715
588
723
668
782
640
773
595
761
639
728
739
685
710
705
706
721
711
718
713
751
713
688
689
691
698
685
Module:2	RCU:2	branch:0	card:9
738
635
741
709
816
621
821
699
763
624
758
697
691
646
628
696
678
673
676
683
676
687
681
591
701
593
593
591
592
591
619
608
Module:2	RCU:2	branch:0	card:8
741
826
807
733
696
678
713
746
781
820
781
750
771
675
766
676
756
651
696
678
700
675
754
750
738
659
743
650
659
651
652
650
Module:2	RCU:2	branch:0	card:7
723
737
710
728
805
804
800
806
826
721
798
496
803
781
776
783
648
499
626
506
630
703
498
696
501
705
508
693
711
738
487
732
Module:2	RCU:2	branch:0	card:6
738
776
700
767
653
705
693
571
699
764
751
823
768
822
823
783
741
619
753
641
758
644
761
643
678
692
629
627
533
592
633
613
Module:2	RCU:2	branch:0	card:5
788
679
772
736
758
634
648
671
684
701
748
721
752
731
644
598
795
733
709
732
705
729
695
723
725
720
733
717
735
717
733
740
Module:2	RCU:2	branch:0	card:4
813
768
893
758
787
774
797
786
811
840
818
860
836
866
808
810
653
783
865
786
851
776
759
771
757
766
750
758
770
786
780
786
Module:2	RCU:2	branch:0	card:3
885
818
893
825
848
861
856
821
841
828
880
803
835
811
842
812
811
798
807
768
801
806
814
818
828
831
834
848
836
853
828
858
Module:2	RCU:2	branch:0	card:2
658
871
661
866
633
886
676
875
585
865
576
872
688
844
686
841
611
664
668
683
683
680
692
678
692
673
694
671
697
669
683
669
Module:2	RCU:2	branch:0	card:1
538
653
463
470
636
546
535
638
541
611
503
608
443
566
566
513
499
491
640
608
580
609
581
605
593
621
602
708
643
672
667
627
Module:2	RCU:1	branch:1	card:14
566
551
585
630
623
639
651
555
581
565
583
561
650
618
576
551
653
596
668
611
766
625
658
596
655
656
706
656
709
653
538
653
Module:2	RCU:1	branch:1	card:13
666
692
845
775
828
812
753
783
724
616
646
855
650
836
732
877
615
778
612
791
789
668
788
678
696
584
681
752
578
766
646
770
Module:2	RCU:1	branch:1	card:12
600
747
688
773
776
875
896
713
774
744
640
701
627
698
678
689
738
708
727
696
720
726
738
720
765
748
686
720
689
535
692
539
Module:2	RCU:1	branch:1	card:11
756
801
781
683
673
678
723
665
774
711
824
711
791
696
686
683
771
585
661
766
806
846
763
778
786
746
822
761
764
851
780
781
Module:2	RCU:1	branch:1	card:10
662
713
805
805
824
826
807
756
819
661
767
746
788
824
721
743
681
761
806
741
793
831
756
653
656
806
663
731
661
601
793
686
Module:2	RCU:1	branch:1	card:9
873
865
781
775
796
863
841
855
832
810
843
693
846
730
844
804
646
806
659
743
766
766
846
823
823
807
623
661
839
696
791
575
Module:2	RCU:1	branch:1	card:8
718
878
701
850
729
850
712
812
750
834
741
836
754
895
660
863
690
640
609
616
656
695
681
674
668
650
693
702
695
648
676
690
Module:2	RCU:1	branch:1	card:7
615
666
614
582
630
582
561
593
596
580
735
588
568
575
600
591
701
671
694
653
643
703
667
713
641
625
715
668
708
666
638
776
Module:2	RCU:1	branch:1	card:6
621
693
682
687
558
697
553
701
676
732
561
723
545
725
685
712
768
730
763
726
766
721
778
737
778
728
778
673
781
666
774
670
Module:2	RCU:1	branch:1	card:5
650
705
656
698
679
616
671
618
688
590
675
606
787
588
796
604
760
605
800
641
770
757
716
752
780
751
653
741
601
765
612
766
Module:2	RCU:1	branch:1	card:4
679
745
666
661
675
668
713
636
732
641
793
628
721
636
691
656
821
751
706
780
703
753
716
775
733
728
731
754
781
728
751
748
Module:2	RCU:1	branch:1	card:3
636
670
656
636
697
685
701
506
653
536
636
526
657
558
690
556
640
816
757
818
781
826
803
829
801
801
790
807
810
808
798
830
Module:2	RCU:1	branch:1	card:2
683
708
671
628
616
643
665
653
721
651
721
635
743
697
672
661
704
628
691
638
673
638
686
656
673
658
666
663
671
651
601
651
Module:2	RCU:1	branch:1	card:1
743
616
618
610
765
788
758
771
710
706
719
780
753
673
688
634
728
765
649
666
740
688
733
673
774
601
753
685
766
678
658
698
Module:2	RCU:1	branch:0	card:14
708
633
476
702
700
656
669
681
568
766
766
710
506
494
457
624
708
618
700
619
678
655
696
747
701
721
720
741
712
595
609
665
Module:2	RCU:1	branch:0	card:13
621
698
561
685
627
756
691
526
758
626
732
771
551
533
515
695
646
618
643
581
654
625
652
701
643
706
622
578
617
706
615
586
Module:2	RCU:1	branch:0	card:12
678
518
662
633
705
632
708
658
721
573
718
668
719
668
598
590
746
775
744
780
743
785
741
780
738
761
649
809
652
573
771
645
Module:2	RCU:1	branch:0	card:11
681
726
736
756
725
750
741
766
746
766
587
658
729
676
748
696
785
707
788
711
791
715
798
721
804
831
808
823
727
758
713
748
Module:2	RCU:1	branch:0	card:10
605
785
583
755
746
793
786
788
786
798
776
711
782
716
766
701
846
766
851
766
843
762
846
756
843
750
841
730
768
767
766
777
Module:2	RCU:1	branch:0	card:9
598
560
599
623
590
653
573
554
622
516
618
550
598
586
827
561
678
813
681
806
686
796
691
775
831
805
824
832
817
836
814
841
Module:2	RCU:1	branch:0	card:8
488
661
700
554
666
558
661
488
720
501
723
471
705
646
666
631
648
693
721
693
718
606
719
689
581
555
610
738
618
661
693
675
Module:2	RCU:1	branch:0	card:7
716
696
695
746
741
533
735
636
715
633
742
711
760
715
735
732
577
656
583
623
678
629
676
633
667
638
661
638
663
637
663
642
Module:2	RCU:1	branch:0	card:6
663
740
728
736
702
686
730
676
723
711
678
671
671
686
666
693
808
574
796
611
621
610
612
611
608
543
601
544
582
533
578
546
Module:2	RCU:1	branch:0	card:5
613
698
671
631
683
656
693
686
695
715
656
711
699
693
646
655
821
726
824
739
826
762
806
776
745
773
811
792
818
783
822
778
Module:2	RCU:1	branch:0	card:4
651
524
638
525
643
552
669
556
660
578
666
551
484
588
505
588
831
743
832
797
783
792
772
789
850
811
840
808
836
817
753
816
Module:2	RCU:1	branch:0	card:3
721
755
711
749
718
753
705
600
676
578
713
603
740
638
753
643
725
658
776
693
778
835
754
823
646
835
622
761
676
837
669
818
Module:2	RCU:1	branch:0	card:2
535
556
697
571
563
574
540
550
560
488
462
689
671
716
554
690
756
686
774
695
769
678
752
683
701
715
718
699
725
711
746
748
Module:2	RCU:1	branch:0	card:1
665
481
651
776
662
600
655
513
733
556
663
648
661
585
658
648
555
771
771
766
785
771
796
772
811
748
806
759
757
766
751
691
Module:2	RCU:0	branch:1	card:14
720
741
716
762
591
743
764
726
768
613
724
733
723
734
739
730
704
617
710
736
698
671
786
775
630
685
720
608
708
751
666
661
Module:2	RCU:0	branch:1	card:13
753
695
736
767
808
800
798
805
767
768
643
647
700
673
809
738
745
728
752
785
702
771
713
803
684
798
649
785
758
796
750
725
Module:2	RCU:0	branch:1	card:12
798
701
796
726
682
716
758
740
704
734
750
748
751
743
710
760
592
771
581
801
645
783
622
793
605
756
777
770
727
737
721
746
Module:2	RCU:0	branch:1	card:11
738
751
803
775
625
773
628
795
649
774
775
675
786
796
767
732
639
722
670
657
606
641
700
638
609
726
667
725
631
616
620
651
Module:2	RCU:0	branch:1	card:10
886
847
790
780
823
808
712
622
771
856
788
798
878
830
800
853
725
704
791
718
796
615
643
603
641
665
727
598
728
603
640
658
Module:2	RCU:0	branch:1	card:9
835
796
648
887
781
738
626
825
779
816
831
648
826
875
776
791
538
665
536
676
538
680
638
672
691
713
679
699
708
721
690
696
Module:2	RCU:0	branch:1	card:8
622
658
683
863
668
870
696
753
698
771
680
622
666
794
871
833
516
500
578
636
538
640
640
641
636
470
474
486
526
490
521
496
Module:2	RCU:0	branch:1	card:7
736
678
668
643
713
713
671
688
821
661
646
668
715
852
690
843
546
621
546
515
601
541
602
545
519
551
555
638
556
635
590
611
Module:2	RCU:0	branch:1	card:6
790
730
800
718
815
722
814
832
706
727
725
701
720
738
726
734
506
508
509
546
528
528
533
601
538
581
576
570
579
518
578
555
Module:2	RCU:0	branch:1	card:5
603
888
633
878
648
869
646
856
633
895
641
878
618
859
623
805
645
544
643
538
666
587
610
557
637
551
614
475
604
473
501
471
Module:2	RCU:0	branch:1	card:4
681
566
866
843
836
586
655
598
861
598
665
599
616
625
588
614
618
641
612
578
639
668
676
575
680
568
696
650
676
660
645
613
Module:2	RCU:0	branch:1	card:3
633
735
729
738
705
671
741
703
615
675
742
645
656
738
713
638
706
707
701
723
693
701
703
728
711
720
711
696
788
733
723
795
Module:2	RCU:0	branch:1	card:2
567
678
706
692
696
631
460
705
615
644
683
606
639
709
596
698
760
806
658
781
746
786
746
796
756
670
782
646
778
671
804
668
Module:2	RCU:0	branch:1	card:1
609
665
566
551
585
630
623
639
651
555
581
565
583
561
650
618
576
551
653
596
668
611
766
625
658
596
655
656
706
656
709
653
Module:2	RCU:0	branch:0	card:14
545
531
578
571
637
532
566
567
503
526
625
581
565
541
571
491
838
802
783
806
779
801
800
798
790
791
779
751
826
766
803
729
Module:2	RCU:0	branch:0	card:13
581
601
572
601
581
640
617
600
611
631
599
637
602
637
603
631
816
828
818
726
838
851
830
848
825
838
821
835
821
828
811
830
Module:2	RCU:0	branch:0	card:12
665
661
651
661
662
686
655
686
648
688
663
759
661
676
658
682
715
788
731
790
731
788
710
483
765
806
748
798
783
796
776
782
Module:2	RCU:0	branch:0	card:11
493
723
674
713
682
709
692
653
696
638
698
628
708
566
705
642
692
666
673
671
696
691
738
728
668
708
740
693
747
730
708
813
Module:2	RCU:0	branch:0	card:10
701
742
715
512
496
721
708
511
495
780
696
463
728
461
720
463
851
843
846
827
841
794
867
831
823
816
836
806
801
708
777
731
Module:2	RCU:0	branch:0	card:9
691
702
685
695
551
600
556
608
615
690
624
480
641
708
661
490
879
835
853
833
871
838
798
852
818
813
833
813
810
825
865
858
Module:2	RCU:0	branch:0	card:8
608
644
761
635
615
673
669
555
568
561
575
637
616
634
647
651
547
877
589
863
809
873
804
856
568
870
788
851
839
873
878
885
Module:2	RCU:0	branch:0	card:7
558
658
543
586
593
598
673
573
531
651
525
570
582
541
576
603
832
867
841
841
866
855
866
886
858
877
839
856
808
538
878
681
Module:2	RCU:0	branch:0	card:6
602
513
700
477
704
527
563
523
571
556
666
496
748
486
473
526
768
826
795
821
801
815
803
840
806
803
793
831
771
846
786
851
Module:2	RCU:0	branch:0	card:5
683
586
551
715
551
727
543
576
720
581
603
566
580
571
596
610
633
578
583
563
596
613
624
668
624
674
615
706
586
706
582
706
Module:2	RCU:0	branch:0	card:4
676
675
648
645
645
633
616
642
642
683
621
651
534
540
503
536
711
755
751
763
733
736
731
781
731
781
755
803
755
788
756
746
Module:2	RCU:0	branch:0	card:3
511
696
578
610
506
603
590
508
721
512
691
711
468
721
710
666
661
575
654
583
633
686
681
685
682
682
671
673
607
601
601
603
Module:2	RCU:0	branch:0	card:2
721
783
716
776
718
771
721
523
740
557
646
755
760
547
767
558
516
641
563
640
536
597
555
589
571
608
566
628
559
621
599
608
Module:2	RCU:0	branch:0	card:1
492
709
708
633
476
702
700
656
669
681
568
766
766
710
506
494
457
624
708
618
700
619
678
655
696
747
701
721
720
741
712
595
